0.43857196157480016 0.19417610718128853 0.44755176789788004 0
0.4389089453095239 0.19723125466776487 0.44752470979952597 0
0.43888354046180533 0.20184124473658804 0.4474671152277332 0
0.43869311690228363 0.20740707245135204 0.4474566625796791 0
0.4386388634908453 0.21223669323184569 0.44774374437169556 0
0.43868435615052165 0.21730087172678675 0.44766420660403916 0
0.4384055782572751 0.2252662430803904 0.4474231662955945 0
0.4386695329425502 0.23503665974814963 0.44735026744987444 0
0.4385252204536986 0.24566302697092068 0.4471856277227353 0
0.4386192634642309 0.2561593272972304 0.44768652168597284 0
0.4384765966653782 0.2656365461880126 0.44776419202233075 0
0.438395372502007 0.2761247751446141 0.4475547657588084 0
0.43849494221893226 0.2801037923649709 0.4475933670069606 0
0.43860664228681234 0.2802271545898148 0.44754616338021364 0
0.4385950492521842 0.2802100606267557 0.44754852114613314 0
0.4386016036503696 0.28017657820118086 0.44755239986869194 0
0.43854902112866706 0.28035161255494867 0.44755524348702735 0
0.4387687515691458 0.2845342359866647 0.4473102409062595 0
0.4388170418789856 0.2899233563178044 0.44759887749807736 0
0.43858424616252095 0.29077904919322517 0.4476273138737335 0
0.43857859622848966 0.29079416349851483 0.44762182823981506 0
0.43950938278829094 0.29042551399643995 0.4470717857857182 0
0.43932348894884626 0.29043661099880314 0.44782908687180356 0
0.4389733327412861 0.2906641112578482 0.44760882375801203 0
0.4389422330250606 0.29047684775982585 0.44668008251639546 0
0.4389629069870172 0.2905860676873694 0.4474905268783737 0
0.43871859195974344 0.2908801045202648 0.4472750827017238 0
0.43869965646984493 0.29088454563935945 0.44719939443698564 0
0.43869550457004514 0.2908771591778605 0.4471988722650492 0
0.43867028256195134 0.29093514676065685 0.44720518072368476 0
0.4388946686333441 0.2958609548038484 0.44701366091393674 0
0.44184906489274545 0.30637572177663897 0.4463044415920254 0
0.4440298203694622 0.3185554639385867 0.44691933027352565 0
0.4443365511898419 0.3219465854137206 0.447691481313182 0
0.44447540562562504 0.3219031175352105 0.4479239657551188 0
0.44608749234664635 0.32159694634254643 0.4481892755114327 0
0.46314774289829586 0.3124880023702711 0.44650607935904996 0
0.4731582240775704 0.30635649105103396 0.4472367718367183 0
0.4739642890407975 0.3056418939426401 0.44830074010797616 0
0.47398478326356086 0.3056291784611281 0.44827595372314627 0
0.47421454648279393 0.30550118638463 0.4478760986707723 0
0.48237185598199267 0.2998995830789225 0.446172614764316 0
0.48396526956042746 0.29837860780406 0.4471977280176607 0
0.4841319911689903 0.29824337518391875 0.44759990936281424 0
0.4840886762069925 0.2980404134154311 0.44733162916353186 0
0.48150713039026427 0.29568968823699016 0.447774769630315 0
0.480684055513119 0.2959233522240666 0.44764119205219677 0
0.48091613842466585 0.2955808535253464 0.4476175353710111 0
0.4810200357664411 0.2954420716397462 0.4475951790568267 0
0.4810478039708794 0.2954255465838792 0.4475633253703878 0
0.48107100331693653 0.2954104825610972 0.4475390396279928 0
0.4809361632673323 0.29558945967951517 0.43872139512633385 0
0.4809057797436738 0.295520425919892 0.4300865984199274 0
0.48082950828512877 0.29533167759856266 0.4252354336429812 0
0.48101250278305097 0.29555693594576543 0.403701497594246 0
0.48092273090815146 0.295483272272956 0.3833185192555301 0
0.481006591608228 0.29525479997187126 0.36050931013867543 0
0.48096085574302355 0.29528170940341564 0.33813511795135665 0
0.48092043586989686 0.29529079832976135 0.31584035524619575 0
0.4807427559158338 0.2953272260063584 0.29300442369518226 0
0.4806036643066536 0.2953437337898659 0.2730548339537698 0
0.4812236208439135 0.29569909767488767 0.25291644550378484 0
0.4871536453069219 0.30286305123330093 0.22928499198292415 0
0.49317381205126964 0.31307890822707674 0.2095535560827628 0
0.49366610460872795 0.31543222390486153 0.19801578253663907 0
0.4934391499224416 0.31561449207156667 0.19775651969580774 0
0.4934759231344965 0.31557080958485506 0.19766625743528113 0
0.4936263693495098 0.3154683570722916 0.19736350976157774 0
0.49370646150766745 0.3153987823993796 0.19715018186114786 0
0.49368446768902785 0.3153945630913693 0.19721283917941826 0
0.4936498744845191 0.31540497762519876 0.19726751703731416 0
0.4934131255294538 0.31553071749656403 0.19777396152873264 0
0.49342940377083977 0.3155045681824065 0.19770867516978605 0
0.4938344929726457 0.31529601126218154 0.1971146874747751 0
0.4990761363051484 0.3155770014817355 0.19686931765029964 0
0.503945111403501 0.31531594458404966 0.1968723386963633 0
0.5043746997908707 0.31551271932197256 0.19722271591249815 0
0.5107599849433662 0.31307263129421087 0.19739162486184275 0
0.5240088791999048 0.30489876580023645 0.1965089100584062 0
0.5264771220892702 0.3039072360834659 0.19712794522253485 0
0.526862216629839 0.3034079400688448 0.1973042685119398 0
0.5268661201792731 0.3034242129357628 0.19734586912693122 0
0.526052491585818 0.30393360319350693 0.18183814498469797 0
0.526061269270499 0.30445645986035164 0.17034836042239906 0
0.5263550098282597 0.30440053087543056 0.1699418201604296 0
0.5258536971780862 0.3043014445515722 0.1545708152068845 0
0.5258286274744093 0.30405494828107654 0.13526223602874574 0
0.5262082728790463 0.30389791076755757 0.12252691980906329 0
0.5262608908483644 0.30413204439512587 0.12271350323943615 0
0.5270700737552741 0.30405328187385305 0.12058558626767603 0
0.5261547505909087 0.303848060364059 0.10529745717499658 0
0.5262515169974827 0.3038819212340757 0.10468947852011287 0
0.526260494559046 0.3038823975065033 0.10470762961731414 0
0.526259498876913 0.30388623652523156 0.10471874630028041 0
0.5262557647291656 0.30388323296861874 0.10471541516774358 0
0.5262541636817011 0.30388753611038977 0.10471877965565565 0
0.5262510382879624 0.30389238900235827 0.1047198151646367 0
0.5262482653619605 0.30389245367856055 0.10472025236546173 0
0.5262413119679374 0.30389813665037735 0.1047166862795873 0
0.5262415221690264 0.30389827538401726 0.1047198138042147 0
0.526239940185609 0.3039012019889505 0.10471841619540154 0
0.526233627941016 0.30390306720255106 0.10471596112567352 0
0.5262324568995143 0.3039039038231483 0.104713549191455 0
0.5262377345202226 0.30389888417298294 0.10471051177617612 0
0.5262231381142081 0.30390353453727487 0.10468905691545025 0
0.5262175444952387 0.3039031235050872 0.10467605702962426 0
0.5262122364990492 0.30390866250802967 0.10467462539168808 0
0.5262190001952962 0.3039068717450274 0.10469011531243876 0
0.5262177806288849 0.3039071301529911 0.10469388564493287 0
0.5262198198027238 0.3039076251633345 0.10470112534455878 0
0.5262201310724837 0.30390813308341097 0.10470729651993656 0
0.5262202443700305 0.3039094158133422 0.10470988290236603 0
0.5262161658339521 0.30391331805054167 0.10470813505072463 0
0.5262183699850075 0.3039119337418677 0.10471508988854489 0
0.5262151729481614 0.3039150808385208 0.10471342862428319 0
0.5262201438584398 0.3039097858013264 0.10471729744775216 0
0.5262189776528688 0.3039098256714737 0.10471601247724763 0
0.5262179244524259 0.30391177657880564 0.10471605211439297 0
0.5262123468384428 0.3039197636414935 0.10471878730573843 0
0.5262177337186753 0.3039142267363626 0.10472038492013362 0
0.5244469837786068 0.3037511339322752 0.10497175533507831 0
0.5193633689719881 0.3030667037884431 0.10457125298569375 0
0.5120488853310826 0.30360348800100323 0.10453569245085483 0
0.5083422537226133 0.30357818633609707 0.10466663420915608 0
0.5079217738354503 0.3037397590706672 0.10445985312523379 0
0.5078928852158338 0.30379761005045947 0.10447031897096981 0
0.5077936470893214 0.30397939002112107 0.1044804306071993 0
0.5077202168344881 0.3041107157550035 0.104486795569495 0
0.5077345641933632 0.30409801803574277 0.10446373751500761 0
0.5078848984913281 0.30407397986746754 0.10468047843246267 0
0.5082179161872428 0.3038567578560065 0.10467892564169887 0
0.5083292361953032 0.3034223446672678 0.10485107175500764 0
0.5080543446881495 0.30354369885176974 0.10452282526635277 0
0.508288826707942 0.30342846201120527 0.10467668877977447 0
0.5081090034549717 0.30392305806862513 0.10501818998358757 0
0.5080821180231372 0.30376268265190953 0.10464458576124519 0
0.5080481133323539 0.30377869292724646 0.10450126004167438 0
0.5080293311438938 0.3037976897129015 0.10452266238381008 0
0.5080097304278319 0.3038078372630139 0.10453894384504613 0
0.5080050799124247 0.3038109591395901 0.1045600628885643 0
0.507484317106111 0.30368701346573945 0.10889916824483846 0
0.5080749022749086 0.3039003443203791 0.13179747992118124 0
0.5081313051905528 0.3035217068891912 0.15137172671796148 0
0.50794693931942 0.3038057767457119 0.1737672065006747 0
0.5080817184713592 0.3034685102785175 0.19611238873760498 0
0.5079266881853797 0.3037738845002908 0.2186462417063556 0
0.5079047429790406 0.30374397186815216 0.23838584719801542 0
0.5075129666472576 0.3035865486249259 0.2573594552071555 0
0.5078133989354546 0.30365103486019934 0.28018848777488964 0
0.5080570234209508 0.30360915346633627 0.30312744901129873 0
0.5081608570095693 0.30369681677773197 0.32579784788542676 0
0.5083662288529585 0.30364378556647376 0.3455933959567597 0
0.5083852652028034 0.30384742467386494 0.3681313499134583 0
0.5085890683899781 0.30357458926751935 0.39097572038981654 0
0.5085502477820109 0.3039367976823675 0.41345410022699103 0
0.508493116565551 0.30399922952463815 0.4309485493624753 0
0.508575291881862 0.30419677671146245 0.4325960501036892 0
0.5080405511393676 0.30473338940375894 0.43351344380443557 0
0.5079127486488197 0.3050943983689448 0.4321879500081069 0
0.5084712243048015 0.30443065254577223 0.43133416601361735 0
0.5086136726476325 0.30414364016014034 0.4316097747957117 0
0.5086903214233846 0.3039527473901477 0.4324690109874333 0
0.5089490109490955 0.3023384405485686 0.4323826123077486 0
0.511437779105622 0.28568139146635224 0.4332601697082753 0
0.5145192499915541 0.26338186396058516 0.43291152567139424 0
0.5175350237637576 0.24237518326472124 0.43202850460851694 0
0.518000033787976 0.22230423007734523 0.43225031657037505 0
0.5179681599717874 0.19965088485467192 0.4322833272985416 0
0.5177452900552135 0.1798227300581678 0.43210664760715195 0
0.5132868232752239 0.15821007922811303 0.4308166943925442 0
0.4940276336271585 0.14498350948703378 0.43277381345347343 0
0.4719973140506447 0.1355443139744979 0.4330479790716897 0
0.4504892047611605 0.1258447762876413 0.43283777518842353 0
0.4306462945124606 0.11389902551003406 0.4331325454196773 0
0.4232434095728369 0.10738348624755326 0.4321391089185815 0
0.4236423443865555 0.10682407809402922 0.4313661997227495 0
0.42386888614472906 0.1069964300147782 0.43267281602336327 0
0.4240763323306545 0.0940969009498911 0.43264231354122207 0
0.4213902851278905 0.07190799129455168 0.4329407982720682 0
0.418252520439989 0.05153809396038275 0.43300175882878744 0
0.41397672039854916 0.028599904535332565 0.43281428295185825 0
0.40946049080743513 0.006022930809006136 0.43308867363079895 0
0.404879153536793 -0.016335108845049837 0.43301564985805785 0
0.39994916619402787 -0.03872537033926765 0.4327371103904099 0
0.39525687620446154 -0.06131627679616432 0.4328741075233417 0
0.39330225143395336 -0.07516567154004469 0.43298669706226384 0
0.39122156818301473 -0.07648727385214431 0.4330462965323646 0
0.37173564558899685 -0.08204694592433097 0.4336300124536587 0
0.35146545425859543 -0.08633396863684506 0.43342505085061883 0
0.3312350960655685 -0.08926026158540447 0.43319185593847476 0
0.30868712482924243 -0.09226054656553019 0.4334429158978322 0
0.2862063470991416 -0.09507320811156877 0.4335118040237204 0
0.2636104974688771 -0.09799136476363739 0.43357712729707404 0
0.24370434453939804 -0.10063201809049929 0.43351270433963757 0
0.22433414733601065 -0.10316717162683754 0.43373753372621926 0
0.22258826470369705 -0.10368952392077412 0.433318071283866 0
0.22274560882931135 -0.10370274114516222 0.43337033738175196 0
0.23592337111913603 -0.11127645115700177 0.4332847804233113 0
0.2531804394177095 -0.1229475867565135 0.4330871095140611 0
0.2585477957897131 -0.12611857238356533 0.4335954704654612 0
0.2586588347304398 -0.12630144289453699 0.4336611463998496 0
0.25862883227924005 -0.12630227837899582 0.433641309543732 0
0.2586029255011453 -0.1262984032009467 0.4336200048267752 0
0.25858495034506435 -0.12629700932355736 0.43359832951585825 0
0.25795356285481014 -0.12615577533478545 0.42702632206631913 0
0.25804001102046703 -0.12635322435481305 0.40735477417562677 0
0.2582916480733765 -0.1264994683480195 0.3842904064669583 0
0.25826152480109776 -0.12611757956079883 0.3619143566883115 0
0.25835152202217715 -0.1262678885617153 0.34186097388363546 0
0.25859566600657385 -0.12632905508528308 0.319303012797183 0
0.2584657664394896 -0.12611055674987648 0.2968206580449154 0
0.258499093437556 -0.12621877228631356 0.2744908664866259 0
0.2584976059693379 -0.12599545934162953 0.2543383197562852 0
0.2580324795557709 -0.1257297696636662 0.2343876204463653 0
0.2582412473014175 -0.1256823002130283 0.21181474599542724 0
0.25821115744101936 -0.12584529455588456 0.19174258614924056 0
0.25808090277496776 -0.1259424585699816 0.17186918467790266 0
0.2584727972014562 -0.12592881980723586 0.14946793915529566 0
0.2585952706795586 -0.12612262021493262 0.1361377376774437 0
0.2581941816999773 -0.12613795480387407 0.13541425321822118 0
0.25824874766904576 -0.12614668291081413 0.13546058762598762 0
0.2587530516298702 -0.12641527939848585 0.13372176395867208 0
0.25779287435560194 -0.1254804338446231 0.11359966080230154 0
0.2585109544884135 -0.12599948247105847 0.1106820174980664 0
0.25851617666328314 -0.12601205777222613 0.1106746752389243 0
0.25850699609301586 -0.12600589072489127 0.11068012055349767 0
0.25850155052634194 -0.125998517545061 0.11069078122325607 0
0.2584940025683009 -0.12599644962605533 0.11069723729507762 0
0.2584830410726061 -0.12598826164405297 0.11070774429020974 0
0.2584715397735198 -0.12597698237107002 0.11071177926476311 0
0.2584685643637363 -0.12597168277201032 0.11072020025017383 0
0.25826962062169634 -0.12565111282130226 0.11334326426397173 0
0.25867153181856484 -0.12598782223273303 0.1329478319256649 0
0.25853567469295446 -0.1257395949670993 0.13607690315265067 0
0.2584042369332095 -0.125765018877469 0.13609233938495696 0
0.2583722022378032 -0.1257681008025063 0.1360631866797981 0
0.25833487493504265 -0.12577225764418368 0.1360262836700448 0
0.25788893974818217 -0.12566363364910801 0.13577903480719578 0
0.2580095553434366 -0.12573133152963656 0.13582148567580354 0
0.2585545426060426 -0.1259889977570844 0.13605069736322453 0
0.2585214115385204 -0.12599738380747005 0.13602029205248875 0
0.25848057071943675 -0.12598463306035856 0.1360004238533283 0
0.25835137886804055 -0.12594684973304315 0.13593048046871506 0
0.25802901526392485 -0.1258553073958691 0.1357562303145315 0
0.25859837118797846 -0.12602023767722315 0.13605255728360122 0
0.258545723620531 -0.12600076699883767 0.13602350346942757 0
0.25849612032169544 -0.12598428690811941 0.1360011914624525 0
0.2583102667184022 -0.12592727027848832 0.13590365655001607 0
0.2580383659653621 -0.12584739411105045 0.13576108808186105 0
0.2585791452861783 -0.12599777877125956 0.13604318293532935 0
0.2585403384879452 -0.1259914316358631 0.13602091439714198 0
0.2584918579656897 -0.12597853324332692 0.13599331504944107 0
0.2580214964503309 -0.1258363676833007 0.13575318942822986 0
0.2595066275045482 -0.1261068846654089 0.13605187248630418 0
0.2681739097882003 -0.1256357071445946 0.13594899309943384 0
0.2690822858804535 -0.12594588061446454 0.1359811001534751 0
0.26913734967733766 -0.1257766097075146 0.13597015886546826 0
0.26911875724436835 -0.12577287092030498 0.13596047917796805 0
0.2690967914359975 -0.1257771863093067 0.1359513958011951 0
0.26908508776653617 -0.1257766830855418 0.13594897547206466 0
0.2690765502127823 -0.1257819948690756 0.1359457530201409 0
0.2690680563678707 -0.12579235264813893 0.13594408121039972 0
0.26906588554253447 -0.1257893414946175 0.13594497153259463 0
0.26905754414182537 -0.1257941802632558 0.1359445462254254 0
0.26905893782498724 -0.12579945921149804 0.13594201306261272 0
0.26899956562846095 -0.12578901108796256 0.13590505550332044 0
0.2685915212544726 -0.12619976512140546 0.1359638671859529 0
0.2690458225129778 -0.12633940059920712 0.13560778731797773 0
0.2683987314579883 -0.12611438264405272 0.13551762427558242 0
0.2585141051522916 -0.1259270297620763 0.13565979265686798 0
0.24873831649683525 -0.12587904645999506 0.13565550864600748 0
0.2474459739301363 -0.12586160056935836 0.13574622842467227 0
0.2474417855728856 -0.1258818879777906 0.13576140214344265 0
0.24746504164854977 -0.12589434091092827 0.13577309503935214 0
0.24748288296324727 -0.12589079312836285 0.13577815871344961 0
0.24749353386171669 -0.12589398463338955 0.13578749426779224 0
0.2475034255746289 -0.12589536327708636 0.13578869508148064 0
0.24750957670200213 -0.12589485731320493 0.13578957779646805 0
0.24751440783871667 -0.125896488710813 0.13579267276245666 0
0.2475135675693007 -0.12589637578475688 0.1357939723383293 0
0.24751686922706695 -0.12589835711710967 0.13579339538661 0
0.24751599284121864 -0.12589939344786383 0.13579347330280622 0
0.24751880840656393 -0.12589738528496114 0.1357920338772129 0
0.24941459705288013 -0.1262749879184275 0.1363572647631662 0
0.25745429304542305 -0.1259226963899031 0.1365245366664485 0
0.2607532348287626 -0.12589692984215842 0.13594953951435992 0
0.2608962048926828 -0.12597014529539446 0.13590632354836235 0
0.2608953804408972 -0.1259752714534624 0.135909663687686 0
0.26089578778425965 -0.12597084052634117 0.13591334786613157 0
0.2609818218925208 -0.12594352509495652 0.12946987822877096 0
0.26071677109388347 -0.12590481260486344 0.11466358837853316 0
0.2610922830555584 -0.12595406076606236 0.11335882423844675 0
0.2610950880957368 -0.12589365109776457 0.11336728649767704 0
0.26105909309260905 -0.1258673845116235 0.1133780876849931 0
0.2610367822215642 -0.1258588179761632 0.11338370837838188 0
0.26101091598709353 -0.12585394796325436 0.11339920043377504 0
0.26101088541844686 -0.12585890321863147 0.11340133293607195 0
0.2610074759729506 -0.12585919179081767 0.11341421936562096 0
0.26100386164992306 -0.1258650311390071 0.11341466117863218 0
0.26100042538004276 -0.12586725437513413 0.11341820681866369 0
0.26100085973530673 -0.12586602408915187 0.11342118946262464 0
0.26099713825371157 -0.12587275529055292 0.11342454526734494 0
0.2609803671189671 -0.12577488253053526 0.11341704452029011 0
0.2616194946030176 -0.1223885299961149 0.11309404985665786 0
0.26167244089073877 -0.12121409162085942 0.11356647132656877 0
0.2619661293179786 -0.12122829614313518 0.11312539713511155 0
0.26205082182870104 -0.11740823663516457 0.11394549031787408 0
0.2621794043984909 -0.11550769452335269 0.1133778858026757 0
0.2622053519313086 -0.1153720519484869 0.11345825101875112 0
0.26216634081054 -0.11535834093696841 0.11346028822915358 0
0.2621109897466329 -0.11534881722179996 0.11344149577038068 0
0.2616269059984173 -0.11522006449916058 0.11322535747986748 0
0.2617281702864509 -0.11525131796457594 0.1132767660379005 0
0.2618307737238104 -0.11249560444941949 0.11355357406911545 0
0.2616806304547278 -0.1042337750646357 0.11340169006859999 0
0.2622446736360752 -0.09953890904719777 0.11309217186760401 0
0.2622972877401002 -0.09919826563220778 0.11339314636186931 0
0.26228582205588646 -0.09918982975613463 0.11341301873638754 0
0.262280539316835 -0.09919366663398646 0.11342998200427902 0
0.2622749640833997 -0.09920136515384911 0.113435181123028 0
0.26227222263450894 -0.09921024194883307 0.1134381458039834 0
0.26502869904626913 -0.10140910157478021 0.11372858734068847 0
0.2726929484872315 -0.1067565637993026 0.11363749892786702 0
0.2744058968476005 -0.10773301054859677 0.11330559510484016 0
0.27447433923260733 -0.10782750519064001 0.11332354863184357 0
0.27417695124053937 -0.10749943772728832 0.10484885032083233 0
0.2746292225462758 -0.10774449509467979 0.09129634515862164 0
0.27467602780757105 -0.10785417870940259 0.09070576784796666 0
0.2746840171322616 -0.10791185933377435 0.09073507513490907 0
0.27460952550084033 -0.10789314530012101 0.09077759034789061 0
0.27456631399511766 -0.10787696484522363 0.09080557585952079 0
0.27455915897883465 -0.1078718288294662 0.09082896255125612 0
0.27455540302161874 -0.10786686805249841 0.09084113847981173 0
0.27454583675889366 -0.1078551437376901 0.09085908973319719 0
0.2744944050420955 -0.1077727293374965 0.09087458128732187 0
0.2744881171631913 -0.10775169658284796 0.09087656946368042 0
0.27448365551180426 -0.10775033497282467 0.09088352445442233 0
0.274484781049998 -0.10775025938841577 0.09087686468761365 0
0.2744848636661635 -0.10775566112493709 0.09087858404255089 0
0.2744870450073208 -0.10775155323377025 0.09087722023170564 0
0.2744871857191711 -0.10775154541999293 0.0908825141525787 0
0.2744859700108744 -0.10775313484185536 0.09087541190323709 0
0.27463996466196744 -0.10891812357716392 0.09115977095904698 0
0.27457596906948534 -0.11284649489426025 0.09093378992420859 0
0.27456958343589444 -0.1157188716002408 0.0911800481548318 0
0.27447609468235257 -0.1159760991633469 0.0910255482487089 0
0.27447103678240525 -0.11599363164685907 0.09101634317411099 0
0.2744748046362673 -0.1159889373658893 0.09100798253130653 0
0.2744721136118866 -0.11598250163241472 0.09100566236135633 0
0.2744729775654619 -0.115977034213519 0.09100325481950641 0
0.2744766344449174 -0.11596731530628766 0.09100199162547275 0
0.2744743468933363 -0.11595860895867627 0.09099793291667188 0
0.2744738540818851 -0.1159506295070958 0.09099710810927401 0
0.27447242538572836 -0.11594525053814925 0.09100001202898421 0
0.27447314855250066 -0.11593578675418642 0.0909992422503913 0
0.2744749438654528 -0.11593186742189997 0.09099892764045625 0
0.2744691490665151 -0.1159251446820906 0.09099639281427238 0
0.2744690270555994 -0.11592417364220893 0.09099986614893858 0
0.274473800370913 -0.11592187364776832 0.09099862112143875 0
0.2744701346202433 -0.11592056060823189 0.09099770119090243 0
0.2744704560198379 -0.11591568499509601 0.09099990814598677 0
0.2744717673529272 -0.11591497579229833 0.09099752929483108 0
0.2744681152020726 -0.11591345218384572 0.09099852229728213 0
0.27447047419628495 -0.11591462504239453 0.09099704659017113 0
0.27447152200524094 -0.1159116431548977 0.09099888194014336 0
0.2796644726618729 -0.11933134983453647 0.09096189813685245 0
0.2882774000644055 -0.12507629231353146 0.09068463987703868 0
0.28921283555970834 -0.12589719990493303 0.09121007820786743 0
0.28925811761329695 -0.12594946762250703 0.09116275839301471 0
0.2892601711499619 -0.12594679241879755 0.09112888727018717 0
0.28926733884016165 -0.12594850369148805 0.09110983578450631 0
0.28926514485680976 -0.12594240000242346 0.09108659450820612 0
0.28925841347171166 -0.12593376526006694 0.0910773679929966 0
0.2892390911713464 -0.12591034423963526 0.09107878151887458 0
0.28920825325613675 -0.12586267490070796 0.09107784220369514 0
0.2891297794152582 -0.12573261635307126 0.09106269171041732 0
0.28913258675973547 -0.125740610411453 0.09106026819267954 0
0.28913064338825234 -0.1257407367484496 0.09105907393917811 0
0.2895219878134437 -0.1260456776124457 0.09108748521782037 0
0.3020353976508833 -0.13090114382229917 0.09062771895654687 0
0.30401960086864255 -0.13200029804587776 0.09094098041901558 0
0.3042582516223582 -0.13227048782550851 0.0909485692282806 0
0.3070815461389942 -0.1324120334148167 0.09127375866745047 0
0.3136058175191784 -0.13210294228822866 0.09090353629450255 0
0.31492659365222425 -0.1323101377709768 0.0911044631662172 0
0.3149029839706129 -0.1322900718176716 0.09107461794147508 0
0.3148759412094042 -0.13229146314330353 0.09106222917719597 0
0.31485561197675177 -0.13227306066621441 0.09104459914220508 0
0.31483231609437873 -0.1322716758539871 0.09103482777360625 0
0.31481480867157796 -0.13226473620460671 0.09102825499294107 0
0.3148073087471043 -0.13225836870228094 0.09101427308590222 0
0.3147978212974017 -0.13225922041179003 0.0910135261218211 0
0.31479525705043787 -0.1322609304383539 0.09101498652312282 0
0.3147904101070951 -0.1322580087667234 0.09101578856233976 0
0.31476965389999084 -0.13224481427116092 0.09100033756151273 0
0.3147791328435203 -0.13224384559381203 0.09099733980641272 0
0.3147716321726468 -0.13224232562042865 0.0909986710090161 0
0.3147715937863021 -0.13224520482358976 0.09099514650950877 0
0.3147689130967626 -0.1322454632600723 0.09100018932871386 0
0.3147691273824047 -0.132246834700488 0.09099819376110067 0
0.31476212881034765 -0.1322392363706234 0.09099746432612228 0
0.3147549944085427 -0.1322343617249379 0.09099974946913937 0
0.3147580844967955 -0.1322354166255096 0.0910018803370673 0
0.31475492606950195 -0.13223626215992806 0.0910010010982251 0
0.3147526769353438 -0.1322374092934952 0.09099844398951265 0
0.31476984223377136 -0.13225234508634226 0.09097496663034724 0
0.31474936168717893 -0.1322427839132146 0.09100360743110815 0
0.314749612889539 -0.13224228649045683 0.09099919794050168 0
0.3147492007299821 -0.13223460336073822 0.090998475521508 0
0.31474597798934695 -0.13223742581988246 0.09099940739963934 0
0.3147512146714321 -0.13223419333225578 0.09100118646333934 0
