0.43872326691290264 0.19337258900953075 0.4477916571751263 1
0.4330465324986741 0.19344156126042517 0.44726925326273764 1
0.41085528902243273 0.19426900333002398 0.4490738415106903 1
0.3884503635265267 0.1938215521561732 0.44826581900480267 1
0.36840540602561234 0.19353617959079772 0.4479900953430227 1
0.34842706893044406 0.19353246889863915 0.4477424456735829 1
0.3260065524179494 0.19353234406627462 0.43549781148574473 1
0.3034702536608759 0.19361316515146848 0.4129951048612459 1
0.28347904193641094 0.1934623040824019 0.3927432934537594 1
0.265018301630772 0.19347320131238122 0.37105495994962245 1
0.2605740326937602 0.19351958644105288 0.34767394038768334 1
0.2609023424709521 0.19335554166074126 0.3256283823374139 1
0.26092737922600057 0.1934040169597343 0.30334704769608983 1
0.261014352323305 0.19345116039364174 0.2807820562890345 1
0.25591820379348074 0.1934341492185495 0.2611068449962127 1
0.2537648967602294 0.19335327411883402 0.23846637045154204 1
0.25255831170660786 0.19356401326198683 0.2158206447647431 1
0.25288849931459634 0.19349548710510417 0.19566290094878386 1
0.25323474869682633 0.19322996233590078 0.1731763081520798 1
0.2506836924152307 0.19340571384953986 0.15316750526737213 1
0.249438647496657 0.19327400855446936 0.13299514002528645 1
0.24798404842671581 0.19330455529211954 0.11455191163961723 1
0.24842165951185752 0.193229854136695 0.11344870184735575 1
0.24905275070218902 0.20037576200957385 0.11289231315469074 1
0.24892204670158247 0.2046502254596473 0.11310015542980574 1
0.24846116213823294 0.21785588139303602 0.11321184660758664 1
0.24803669530088235 0.22170047850436148 0.11269649213331973 1
0.25099557103287207 0.23233875952162047 0.11294792603881645 1
0.2540691281762409 0.24250372616270954 0.11294905581630157 1
0.2593640493400427 0.25461740028079194 0.11335866967085602 1
0.2645660819279132 0.2649059899471715 0.11309899772832685 1
0.2695179242447022 0.27466977448576063 0.11323617986813328 1
0.27416238682067234 0.28334686208475346 0.11290780759559704 1
0.27931853699412323 0.29192665899541786 0.11316430825870623 1
0.2837291980960602 0.29706995311233264 0.11298519671397751 1
0.2849978392743768 0.2980544886209458 0.1129926789705426 1
0.2849702243005045 0.29806194754273196 0.11300041584431628 1
0.28500069632909775 0.2979327901746083 0.10772801356992596 1
0.28476179046422095 0.29769592134534617 0.09606099796520448 1
0.2846983715298036 0.29803812040239464 0.09600820138824902 1
0.28480915020115494 0.2980182348912917 0.0959702042987679 1
0.28538437386648186 0.29784272760297636 0.09584901817326184 1
0.2853614774783571 0.29783943152918146 0.09580033109935199 1
0.2850844400345898 0.2979042211592293 0.09578071599982174 0
0.28463396740591324 0.29801047725620594 0.09576482801283537 0
0.2846844422944104 0.29796213747692446 0.09573193999161009 0
0.2851834422433412 0.29774035961770084 0.0956002281982828 0
0.28515721823938694 0.29773815622314276 0.09561133608349626 0
0.2851104326423283 0.29775382033727404 0.09562536058260289 0
0.2844905738020969 0.2979296329186145 0.09568435207481057 0
0.28456054735500685 0.2979110474232279 0.09568207732817859 0
0.28520418380543966 0.2977221193438636 0.09560983573501207 0
0.2851490772723221 0.2977379256040394 0.09562956828582442 0
0.2759622782954437 0.2976061337613585 0.09578867604341007 0
0.27178460969211954 0.2974749100045134 0.09584967190746317 0
0.2703387138833002 0.2976301786563642 0.09822264753495051 0
0.2711218668745582 0.2980380865874641 0.11838205076689409 0
0.27036133723383826 0.2981535278819528 0.1381927178628404 0
0.27030188997612103 0.2981379554957386 0.16090287303570736 0
0.2703534775478305 0.29770203968642306 0.18307951774375097 0
0.2700452824078373 0.2945869117870702 0.20311865985368766 0
0.2697655393410733 0.2811134540949272 0.2252524234518698 0
0.2701071944948832 0.2690276355793023 0.24551909391642698 0
0.27185109865970625 0.24829166984375264 0.26685424208811676 0
0.2753778793367422 0.22570959681071706 0.2892976660430753 0
0.2791437856042318 0.20311041322580842 0.3114034014207456 0
0.28198532188014824 0.18313539011647262 0.33185867904212235 0
0.28513764616906245 0.1607945039516499 0.3546308216637643 0
0.2880671072322648 0.13832693351116654 0.3721691683489616 0
0.2919993797735415 0.11578329969274641 0.3732619607541005 0
0.29546458104390483 0.09306350770918408 0.3730259331955444 0
0.2983974137417363 0.0732084437637956 0.37306640169375976 0
0.301728604607413 0.050747744965945446 0.3730356665199299 0
0.30455571780495955 0.0306243284770525 0.3730367728739769 0
0.30772099321413204 0.008135058029404243 0.37313119479310114 0
0.31053015226262776 -0.014396461850113215 0.36920371608288655 0
0.31351319077885115 -0.03421341551478019 0.3505886675577473 0
0.3164665200889351 -0.05685791204578855 0.32802529715465006 0
0.3195110835762278 -0.07924457265667947 0.30520837942375534 0
0.3221997488163234 -0.09912196700983655 0.2853462289257565 0
0.3252275204798033 -0.12147225265272067 0.2626526679822362 0
0.3277689427170951 -0.14143909012032674 0.24273151065290582 0
0.3306742783253584 -0.16383349082864127 0.2200873649114401 0
0.3332808617993765 -0.18375654865849525 0.20018583425230355 0
0.33571337657092903 -0.2061940795364507 0.17702393861059557 0
0.3378387578756935 -0.2281754203508014 0.15490265830170583 0
0.33941364736253193 -0.24429096008037401 0.14124581186239477 0
0.33944024190373734 -0.2545895535215681 0.1405431854795064 0
0.3390830993043381 -0.2552033290397871 0.14091312759471236 0
0.33795068614868085 -0.25474090036903907 0.1402778139047324 0
0.3236682325717232 -0.2552993623210796 0.14118149577441447 0
0.3157935779602885 -0.2532915849427363 0.14008916339836475 0
0.2929547753897014 -0.2503554743404637 0.140813581942401 0
0.2762831953099052 -0.24620230318970784 0.14064234237134532 0
0.274961498210883 -0.24546145307607264 0.14017284442164937 0
0.2749874255590962 -0.24555117466734458 0.14034421309239847 0
0.27531419338360924 -0.24609388728167464 0.14050188815781184 0
0.27548976517230794 -0.24607486673667653 0.14048891407323663 0
0.2755204687307899 -0.24572772814075355 0.14060340639001936 0
0.27559085638156167 -0.2457146029363252 0.1404748090901481 0
0.2756045630091514 -0.2458019241009236 0.14057309069579182 0
0.27557869566703874 -0.24575626778856974 0.140704864662883 0
0.27568839709768667 -0.24561370700183913 0.14051883044593955 0
0.27551020842072693 -0.2456989541461565 0.1405800369840236 0
0.27556023942276436 -0.24545545497673077 0.1405908958224545 0
0.2761577587177251 -0.23581737204421904 0.1412855981319162 0
0.27606372109287386 -0.23306660221169004 0.14049962238193014 0
0.2763355452938955 -0.23256480610754102 0.14050564008142347 0
0.27617547493158606 -0.23289980837613872 0.1405385162349807 0
0.2761198426432082 -0.23289005070224278 0.14069028567967534 0
0.27633535408413773 -0.23288439306638367 0.14066324030881178 0
0.27596911101133986 -0.23289983854700846 0.14066004087941575 0
0.27629821279905614 -0.23315911671123535 0.1395003318255713 0
0.27662229710133135 -0.23305847881934455 0.11887174365100954 0
0.2759258614671341 -0.2326364716396988 0.10000098694866735 0
0.2759852806671508 -0.2326460553101683 0.09785152994204091 0
0.27599622856786843 -0.2326622155190858 0.09786937843403337 0
0.2760050259407099 -0.23268037265098832 0.0978901378488154 0
0.27557205299776216 -0.2302332934819139 0.09717842430688671 0
0.2767689605468013 -0.22465555016061997 0.09818412605984618 0
0.27595297112753736 -0.22178574799085138 0.09788061191417603 0
0.27617890524244215 -0.2166965189537339 0.09814156538724952 0
0.2762036796389195 -0.21667947286200506 0.09810725787632132 0
0.2761865910905261 -0.2165601200647816 0.11258961797496782 0
0.27576346059171475 -0.21594682604013993 0.11786917386269365 0
0.27618866759448124 -0.2167022543659236 0.10854719249570335 0
0.2760069045921918 -0.21658449721561707 0.09139887209381815 0
0.2761397175506262 -0.21676133960661897 0.09039575067605188 0
0.27595747758744144 -0.21703403621651784 0.08992971686684437 0
0.2762711161801025 -0.21737092273600053 0.09057785649675196 0
0.27622975505476083 -0.21695259917650478 0.09069166103086122 0
0.2757304902135817 -0.21698791980371268 0.09062704332913114 0
0.27602378178860765 -0.2167044338896738 0.09055124694130566 0
0.2759934453563409 -0.21655266807347906 0.09053258633847575 0
0.2760664067392874 -0.21666140460166763 0.09065617986279746 0
0.27610494084976295 -0.21662468088028103 0.09057629158911013 0
0.2761805955654526 -0.2165880777789357 0.09060644837689648 0
0.2791810409044241 -0.21690015641609373 0.09063605880686108 0
0.2814595139525695 -0.21651215482466568 0.09058036616949904 0
0.28952714916709643 -0.21520432077254065 0.08978151765360133 0
0.2914996857469532 -0.21698109526426845 0.09058001931072943 0
0.2917536183587257 -0.21665980700882137 0.09068531584919137 0
0.2916846441665113 -0.21658330427477812 0.09063777348165765 0
0.2913796831510968 -0.21647051559082378 0.09058025293662805 0
0.29132697386193607 -0.21653879632580797 0.09046518896820602 0
0.29134906836129965 -0.21650415278642965 0.09054404561350679 0
0.2913140983592182 -0.21626402980743117 0.09046555644277843 0
0.29131634539495527 -0.21640306537600137 0.09050717871833827 0
0.29141225596659937 -0.21664132521790072 0.09055257550465573 0
0.2913337095242215 -0.2166593445139727 0.09057497171317172 0
0.2911311012107571 -0.21664065901153065 0.0905842410371786 0
0.2912869284143624 -0.21669583187983898 0.0905580561706239 0
0.2915661777323673 -0.2168501469233376 0.09087666914211262 0
0.29183261468380217 -0.21701439801441907 0.0913373976478436 0
0.2918302169435057 -0.21677579432128874 0.0909110190661308 0
0.2917038823186786 -0.2167008759031227 0.09068910006070516 0
0.2917992363621798 -0.2168782396533766 0.09077849479726825 0
0.29135394429441763 -0.21680205302641592 0.09071375486969921 0
0.29119634852860193 -0.21687781388537286 0.0906428891244644 0
0.2916081898783522 -0.21695592146046053 0.09078872656008363 0
0.29161326706324137 -0.21678211829117494 0.0907916391868693 0
0.2909335323625405 -0.2187916136856631 0.09028396128549149 0
0.28901695735504335 -0.22576244128116937 0.09042756840848275 0
0.2876241573594887 -0.23021597129207677 0.0904704215133132 0
0.2876535956334079 -0.23148769131387312 0.0916025584680966 0
0.2875905279040898 -0.23122933477719193 0.09113301198446973 0
0.2875210618583783 -0.23086628248772467 0.09096596465676345 0
0.2869762543562537 -0.23065571190006212 0.09072139436741687 0
0.2874993276459972 -0.22750689713591787 0.09081660670299796 0
0.287019931917073 -0.22697478286807762 0.09062230704075684 0
0.2863698382528829 -0.22703319653217946 0.09056775248743516 0
0.2866321705417486 -0.22707276010031327 0.09052073060022293 0
0.28716942626113995 -0.22706806889351502 0.09065174211188586 0
0.2870782109751032 -0.2269959151269596 0.09069305706075227 0
0.2872002378268411 -0.22710320576329335 0.09064062859627824 0
0.28758236231315476 -0.2271889494871453 0.09092903283614832 0
0.28757129526024483 -0.22716872742592564 0.09076217678504914 0
0.2871090180388497 -0.2272145469755814 0.09060173399584712 0
0.28769448352385985 -0.22471938128682434 0.09119533513576603 0
0.28796713880470504 -0.2185290280112409 0.0909905356956229 0
0.2882265786668101 -0.2110666358279893 0.09070760187465274 0
0.2878922655026706 -0.2069259261383663 0.09047067721761833 0
0.2902816293207149 -0.20365249528166 0.09116923038097886 0
0.2915799343455012 -0.21110747285661013 0.09083428844560264 0
0.2909651780297624 -0.21702365286945302 0.09053366858039501 0
0.29111513797200866 -0.2172664724737881 0.09062377664955265 0
0.2910878691119527 -0.21727662493124716 0.09063748460637126 0
0.2905768656820459 -0.21729373637674812 0.09062254054242029 0
0.29085569206650785 -0.21736188666258777 0.0908998592210617 0
0.2910593329186492 -0.21733016107108202 0.09110376885814914 0
0.2910789973694705 -0.21729785879197883 0.091056483844808 0
0.2909887332279653 -0.21726505357933534 0.09081015066642259 0
0.2909756832864445 -0.21724080181425906 0.09077801908844435 0
0.290915228473945 -0.21719806550391596 0.09071842677508257 0
0.2905372576371042 -0.217008210302707 0.09050190918081 0
0.290996529864066 -0.21720976166978717 0.09072610791344496 0
0.2911364769432902 -0.2172622351113947 0.09079345457760837 0
