0.4388052415221826 0.19335103086624456 0.44747445267570646 1
0.43880740349328695 0.1933605953899687 0.4475098797270053 1
0.43817034784411624 0.19424121380211623 0.4487146110096465 1
0.4386520946119722 0.19390750664433484 0.4482843169861325 1
0.438610379556584 0.19374557336276094 0.44824221541033055 1
0.4387002026592038 0.1937688727689837 0.44817204754835144 1
0.4387751897604642 0.1934793523766416 0.4478504955571445 1
0.4387173516120133 0.1932914264684964 0.4478159416421623 1
0.4387328099480764 0.19353288962428625 0.4477255431349031 1
0.4387849506748073 0.19358444359136284 0.44806842938061503 1
0.4388855658364503 0.1935440829333591 0.44771826102201373 1
0.438696287393462 0.19359912231540627 0.4479658961599523 1
0.43886738744982845 0.19353326074922392 0.4472739335403763 1
0.4390815068093772 0.1929507480795536 0.4478018403442617 1
0.438836232318024 0.1929813650253533 0.4481739157975169 1
0.4389517437829046 0.19315277665466235 0.44586057592721623 1
0.4385865470236251 0.19408117364559666 0.42794540526454555 1
0.438412171939614 0.19411939293350183 0.4051811729954722 1
0.43872355502004423 0.19376021073290023 0.38541673297307244 1
0.4387338452186678 0.19358373815600094 0.36287236152944924 1
0.438560340631195 0.19366414938537502 0.34269439477394353 1
0.43853422050946933 0.1938471624270992 0.3201799262281523 1
0.4381926515557841 0.19367488996249668 0.2998933150873985 1
0.43850846493062345 0.19345038502864714 0.2798983836978375 1
0.4385614069675625 0.19341104050758706 0.2576039100975739 1
0.43855191593904713 0.19342856779341225 0.23542008255754948 1
0.4384296040826973 0.19344614422252604 0.21281968846021698 1
0.43861530650684233 0.19337221391960382 0.20829621744234908 1
0.438682365540581 0.19338595069731454 0.20833076683611867 1
0.43879827051785725 0.19366793958773426 0.20777385987307528 1
0.4386018089509092 0.19401275208853974 0.20855317588122435 1
0.4384097545111424 0.1938395919995212 0.2082495070125985 1
0.4384109410914505 0.19357539304732074 0.20805599671383723 1
0.4381423128274949 0.19375724223433416 0.2078947569989984 1
0.43814873353433686 0.19355930427228651 0.2078855196669597 1
0.43838079521080486 0.19344452321109123 0.20751784223216582 1
0.43772948565402403 0.19370125875202843 0.19900833573588736 1
0.43751976168631124 0.19397907040607174 0.17748786484453882 1
0.4380410946760235 0.1933490163931133 0.15501218873330186 1
0.43860155759898356 0.19319115509592802 0.1413242380524633 1
0.43872453488443597 0.1931930746052562 0.14045744871193824 1
0.43870485018857497 0.19320977317735116 0.1404511082238313 1
0.4386336915527894 0.19324450628944778 0.14043530928703435 1
0.4376192769701196 0.1913097374995778 0.14038465215020324 1
0.43826386130966644 0.17234102386114292 0.1406723931774457 1
0.43879461834188266 0.1572154824922603 0.14080380401934575 1
0.438211810048743 0.15704361419859683 0.14100532717671 1
0.43976833633067286 0.16576743497559648 0.14114225015057488 1
0.439214465416141 0.18818505624077964 0.14063538786510765 1
0.43906239130094743 0.1973379707247975 0.1405879990827694 1
0.4385059215816747 0.21321518473264645 0.14115560748312894 1
0.4386189411314516 0.21868124965842478 0.14093659348257226 1
0.4375589488659594 0.21935198208016005 0.14019223210839746 1
0.4375411727421908 0.21933467500409728 0.13970918230833118 1
0.43822455498593604 0.2185885449664837 0.13985244100736255 1
0.4381998812648543 0.21874263454769644 0.14088568056116896 1
0.4381238883342015 0.21851165653348653 0.14083055742907777 1
0.4383531967578797 0.21839730594529397 0.14050390016590864 1
0.43871389219917584 0.21811930751460148 0.14013986278937657 1
0.4383352388490229 0.21825977546204742 0.14049824368607727 1
0.43848417119243355 0.21828087278437572 0.14011605181109985 1
0.4386237207440598 0.2180241232714548 0.14042187306029438 1
0.4388255261966768 0.21745628943026332 0.14050328051253502 1
0.43869139215149144 0.21761904042947217 0.14039101325282133 1
0.43874045803869854 0.21780235452964014 0.1402052072233502 1
0.4272018768962165 0.22280811641435183 0.14131049097490336 1
0.4130668895552269 0.22719659625492394 0.1411986471654779 1
0.4112688146611981 0.2272316053704872 0.14017553502377172 1
0.4076316548200254 0.2283398414233474 0.14026773831673942 1
0.40503634079601536 0.229162988728831 0.13997000427365971 1
0.4054272443624051 0.22925073753389513 0.1406553982189091 1
0.40514705148832686 0.2292628477422038 0.14092174373086122 1
0.40468819251430016 0.22917542442396122 0.14043998429325447 1
0.40484923923281835 0.2291655172714408 0.14038048412926074 1
0.4051933034703301 0.2291385561574275 0.1400838154567468 1
0.405509501195964 0.22915733809286157 0.139640392139152 1
0.4052089696215623 0.22923628286042208 0.12052327604504762 1
0.40534281892595225 0.2292186581258031 0.1153654416854548 1
0.40515597178874013 0.22917405557617185 0.1072535210343909 1
0.4054588618751053 0.229054463342729 0.09574024366990681 1
0.4055088638893538 0.22902782214404727 0.09531009194757965 1
0.40550503251988573 0.22902825791239817 0.09531207692548335 1
0.40550140025496956 0.22903070392285677 0.09532455553602516 1
0.4054932281737599 0.22903149719016155 0.09533415460148022 1
0.40547632825296287 0.22903588431601646 0.09533822961439732 1
0.40546443094486656 0.22903532057673187 0.09534038250770206 1
0.40545142593869155 0.2290354747026453 0.09533969112100082 1
0.4050751563857183 0.22924116733498096 0.09588724745030275 1
0.40534436293963866 0.22950365683134502 0.0958710263406293 1
0.40521217769954937 0.229517254622632 0.09571848586170115 1
0.40490493139741546 0.22941705770240192 0.09565238478010402 1
0.40522600384470253 0.22907919201327104 0.09533035418329218 1
0.40511737475701215 0.22906941561916405 0.09515994279980225 1
0.4056915087567103 0.22918220530490152 0.09590742331237799 1
0.40556726131750787 0.22917103915683945 0.09579312809595068 1
0.40632253034764143 0.23189117259665853 0.09534609548505699 1
0.4056915767317356 0.24391125690155568 0.09541409600076148 1
0.40541485079824463 0.24644595103272182 0.09517489001884034 1
0.40171560732131173 0.2584184465806659 0.09510509450432565 1
0.39533634956865205 0.2787063689582278 0.09581618399452192 1
0.3943301724588397 0.28649870432015523 0.09570931111087425 1
0.39408698698011485 0.28680616807618264 0.09567834852511367 1
0.39404613086110524 0.28681014511485003 0.09563662657779126 1
0.3940304246213589 0.28678504149290523 0.0955816225161919 1
0.39401084931450836 0.28675194979137836 0.09549918963187175 1
0.39404164533316055 0.28670725488882587 0.0955027560279013 1
0.3940809799809096 0.2866531090044171 0.09550702037523849 1
0.39427448369782503 0.2864186850003174 0.09552616861354346 0
0.3945344411091286 0.286409327912733 0.09568466122191979 0
0.3947061166073238 0.28637087279844864 0.09578610567120198 0
0.39415448529187663 0.28639756589728804 0.09545277883564728 0
0.39439677141207846 0.2863963013341641 0.09558330104123416 0
0.39466022945276763 0.28639513203580574 0.09572212389535321 0
0.3945452744105515 0.2863872984760587 0.09564452555022585 0
0.39448719186011416 0.28638463228559874 0.0956105759638974 0
0.3944724873245062 0.2863797604806761 0.0955982211649 0
0.394450244414969 0.28637966494914896 0.09558707040664469 0
0.39444977964574923 0.2863779053239177 0.09558878273491124 0
0.394456469991221 0.2863806976960891 0.09559796362216355 0
0.39443915288804 0.28638682417854955 0.09558945332790313 0
0.3944429476545344 0.28638072867011044 0.0955866855019961 0
0.39444102403630116 0.28638558349271426 0.09558632495522944 0
0.3944398233013142 0.2863829379012069 0.0955895008242902 0
0.3944399921054652 0.2863828187406302 0.09558560568394829 0
0.39443906682972407 0.2863845421368858 0.09558670889545295 0
0.39444041722022627 0.28638086189458345 0.09558726793300591 0
0.39444179248344785 0.2863839396434238 0.09558914900270593 0
0.3944381272596852 0.2863897922873679 0.09558935433878421 0
0.3944407588177072 0.2863851561709049 0.09559115292626626 0
0.39444512490766775 0.28638854918087875 0.09559736795808232 0
0.3944461306434196 0.28638296220774306 0.0955988828648779 0
0.3944451644280992 0.2863889401039486 0.09560426235800915 0
0.39444239474398074 0.28639403110279743 0.09560513786207876 0
0.39443906810779533 0.2863952727808333 0.0956075096102884 0
0.3944407557110797 0.2863961754296872 0.09560704556653893 0
0.39444339289604424 0.28639308297500027 0.0956064543742643 0
0.39444580728899375 0.28639160103301287 0.09561002895296629 0
0.3944334785007131 0.28639272562462603 0.09560058828661122 0
0.3944370286834408 0.2863898397711005 0.0955998685816507 0
0.3944383439402324 0.2863908079686528 0.09560038300255186 0
0.3944329220727738 0.2863925930887325 0.09560007791428175 0
0.39444210865659324 0.28638896319744794 0.09560206678804106 0
0.3944361745371987 0.2863914660033627 0.09559801920190485 0
0.39443831565291254 0.28639159234331973 0.09560027287735035 0
0.39443571327722604 0.28639262752010364 0.09560092288927169 0
0.3944401442817839 0.2863919287598273 0.09560392635431737 0
0.39443899146264355 0.28639260043124876 0.09559983340986072 0
0.39448916863237626 0.2863866101538812 0.09567647683621094 0
0.39456500939364647 0.28641615094867756 0.09593081011809945 0
0.3945790635596957 0.2864224832138005 0.09598365329692943 0
0.3945851511227106 0.2864262816050588 0.09593857589147221 0
0.3945808837835904 0.2864199980139496 0.09590758393691183 0
0.3945635998999643 0.28642400291036274 0.09588137560343904 0
0.3945537102192828 0.2864254160354277 0.09586095970992517 0
0.39441586851294314 0.2864411467684441 0.0957832303452938 0
0.3939360465648014 0.28642420177975314 0.0953607969438958 0
0.3944438075018115 0.2864253553834128 0.09560085948632854 0
0.39460447131354337 0.28632837479876116 0.10826406780337641 0
0.39488117673291945 0.2860917020331898 0.12815163082828904 0
0.3947080571379662 0.28576692738581544 0.1501950565597213 0
0.3945052496760303 0.28621812627159565 0.17283537195797333 0
0.3940849881695834 0.28619500150926075 0.195214607431912 0
0.3940485599598654 0.2861293586522884 0.21500742069022044 0
0.3943310958610487 0.28622252635996026 0.2375844218212602 0
0.3942029355379515 0.28591289153574606 0.2573131403800288 0
0.39411265345202884 0.28585355549426805 0.2795112037807838 0
0.39399475950359525 0.2862533303756007 0.30176475357885385 0
0.3943604591976469 0.28629924382475924 0.30465593382150535 0
0.3944145813733865 0.2863172400682294 0.3047817376866866 0
0.3939813226890526 0.287264201814133 0.3053807655549889 0
0.3938371083080176 0.2871594883276988 0.3048847936789279 0
0.39395276225833425 0.28685860631885174 0.3050333655720469 0
0.39471202037010433 0.28650774524264866 0.30526100105496634 0
0.3944915864872391 0.2809008646471605 0.30515196692896135 0
0.39496533489703073 0.2584751544330422 0.3056547592000695 0
0.394775709836734 0.23798532392756785 0.3051170537241469 0
0.3942893284425966 0.21556777828745594 0.3053824518699127 0
0.39388301099575007 0.1931190595757826 0.3050495483193812 0
0.39418125610390625 0.1704119007833514 0.3051501354930647 0
0.3945000616239238 0.1479821353741248 0.30534626685534005 0
0.3944937823466103 0.12537592249995608 0.3054968072883682 0
0.39461609988875246 0.10549126483249105 0.30551319718141423 0
0.3944327396441634 0.08566921959333046 0.30555062736205924 0
0.39461432889452763 0.06296232976508222 0.30560225590272166 0
0.3944600110166472 0.04300380887295377 0.30558742995310856 0
0.3946027790377416 0.020548786703069505 0.3057106666274345 0
0.3942751556930415 0.0004281919204321971 0.30542606463453237 0
0.394335355241968 -0.02208921549406176 0.3052202122928573 0
0.39451763515637994 -0.0419464733763128 0.3053807473773918 0
0.3945241654414821 -0.06439186651036957 0.3055416815579508 0
0.39438545471187664 -0.08455564374094313 0.3054772134443768 0
0.3944163380198882 -0.10700227806729701 0.30539558212716544 0
0.39427340391403426 -0.1292645175984126 0.30504551921629924 0
0.39243263684573426 -0.14535600701572676 0.30446901567308027 0
0.3852537092021704 -0.15500382242393484 0.3041011623419392 0
0.3785724333234587 -0.16250115728205114 0.30302493182755375 0
0.3705899558325105 -0.17093138781241232 0.30117443213982265 0
0.36270583359580977 -0.1783489340222543 0.30006313029049175 0
0.3556486271234515 -0.18485786010439184 0.2985411223421048 0
0.34754219847607043 -0.19185198206799717 0.2972073859256711 0
0.33958408436628373 -0.19834608618532654 0.29588735064597843 0
0.33309267155538647 -0.20370784563614436 0.29467735058475075 0
0.33059091911477434 -0.2054129781771231 0.2943420016070656 0
0.3306411060746352 -0.2054089372274457 0.2943559754944533 0
0.33196969702231155 -0.20497807424968212 0.29460410067109594 0
0.33798459184240054 -0.1999025460180055 0.29514636112216514 0
0.33947573213351245 -0.19902577549324701 0.2952877680673658 0
0.3460787441169735 -0.19370599869079114 0.29650836961495747 0
0.35120512472926974 -0.189166381009031 0.29772558357777595 0
0.35252712409004267 -0.1882738592507607 0.2978008076569903 0
0.35233364287602154 -0.1884009052705806 0.29786224666324695 0
0.35162713610393886 -0.18832702404390392 0.2983907016249014 0
0.35167052172235813 -0.18846203493058708 0.2980617596990349 0
0.3516640095762682 -0.18849816243233097 0.2981554348064774 0
0.35163813390405496 -0.18855780610290426 0.29824870583073654 0
0.3515363743836559 -0.1886157861204369 0.29732903058996113 0
0.35102810706275966 -0.18805422232795194 0.2957814087414679 0
0.350803149930058 -0.18639120180044985 0.2946937967740137 0
0.350800795001037 -0.1861926837050871 0.293569654230763 0
0.350961050705777 -0.185847633837127 0.29357877871919613 0
0.3509366620933048 -0.18584747049056752 0.2935905742343442 0
0.35118849318424117 -0.18594481933264745 0.29516266843714584 0
0.35142180521374367 -0.18731042555113853 0.29585822836369013 0
0.3516702594254674 -0.1885399591684853 0.29769179546573515 0
0.3516066710038488 -0.18951363367831356 0.2995167053179304 0
0.35137137962048653 -0.1902473239987583 0.30085597959654026 0
0.35085289517852736 -0.1907564006880172 0.3024830651641963 0
0.3502945796270079 -0.1909931339881932 0.30358522738733973 0
0.3493640106262486 -0.1910823948069319 0.3050400414877188 0
0.3483800560149797 -0.1913090114161984 0.30623626559319317 0
0.34758523161799426 -0.1910324745479477 0.3077850331847193 0
0.3463974919760687 -0.1907887764378898 0.3089257034844969 0
0.34500557978412283 -0.19001969628304086 0.310086482686453 0
0.3438298231505575 -0.18951349462563147 0.31074117814386587 0
0.3423710819255571 -0.188240495629706 0.3113924059824741 0
0.3414264286961212 -0.18711151501422274 0.31160141524212814 0
0.3405918861888444 -0.18620593493911206 0.31224965742376193 0
0.3401138507331912 -0.1856634377099226 0.31217911489522615 0
0.33951337998763353 -0.1858309327202448 0.31206018509948713 0
0.3394747572241904 -0.18577075519334088 0.3120764417245293 0
0.33952387592541283 -0.18580009168868694 0.3117605774094747 0
0.33952886715299624 -0.1857870296117962 0.311772970103438 0
0.33954859099445955 -0.18576235462716623 0.311776869764018 0
0.34175651962710174 -0.1853893136325752 0.31240815886355977 0
0.35209016297601603 -0.18121698078949108 0.3121069302446908 0
0.35429316135375927 -0.18059477967127835 0.31168096771022724 0
0.3544756208348028 -0.18034717788911406 0.31163262412599174 0
0.3544707674323628 -0.18034592569527502 0.31163113683158467 0
0.35424059339422387 -0.1796075193238378 0.31199001988446584 0
0.3526879128986513 -0.17840307341820433 0.3121638588739583 0
0.35200463123241166 -0.1777555557774598 0.31266090196273794 0
0.35173264436103474 -0.17799824884557672 0.3126778935105003 0
0.35162268107768924 -0.17821509322972703 0.31268456588070076 0
0.3515762002406936 -0.1783302424131897 0.31267912334000586 0
0.3516278767337966 -0.17833240166747116 0.31265370654126357 0
0.3516752170248028 -0.17834168164340564 0.3126446497000527 0
0.3520439667652049 -0.18160758214088432 0.3135075661423419 0
0.3513208387421271 -0.1847281260074614 0.3120443535898731 0
0.3510040098657513 -0.18531527575609294 0.31156289618025185 0
0.3510002288685323 -0.1853405889514371 0.3115721029508834 0
0.3509827862400957 -0.18535999675527534 0.31158594324987626 0
0.3509721794836553 -0.185339143352066 0.3116166835228365 0
0.3509457758441741 -0.1853145276259302 0.31165889532919966 0
0.35093856185497446 -0.1853182438677606 0.3116654328034564 0
0.3511694838727585 -0.18548654286256677 0.31114089408082346 0
0.35204870697415536 -0.1866913984953598 0.3104648595373339 0
0.3535156068307745 -0.18702366581892088 0.3093239200448626 0
0.35487654301320165 -0.187297297395482 0.3079704055396716 0
0.3555762426835326 -0.18721402215193333 0.30640567124024376 0
0.3566772135496793 -0.18707171913733814 0.30489761517483205 0
0.35755772475125785 -0.18678071508139749 0.3037406086520093 0
0.35823563013746523 -0.18631889891553163 0.30194476831311906 0
0.35841995310150354 -0.18580897098782653 0.30048254031028093 0
0.35867028090219255 -0.18516621567027375 0.2988610973237937 0
0.3586586780462607 -0.18405856743448698 0.2974554293702417 0
0.35803480912488317 -0.18314340811532653 0.2962001719829738 0
0.35784855625658407 -0.18216035143051992 0.2952526141776182 0
0.356781770125418 -0.18054841804234115 0.2942256793841647 0
0.35601586305940724 -0.17948203500478138 0.29336750767947023 0
0.3551501141046942 -0.17799341244665903 0.29305081912036934 0
0.3545809173998167 -0.17685449244284315 0.29218765887258963 0
0.3542679380271676 -0.1764706623439043 0.29198938395417484 0
0.35411224777825534 -0.17636288203838882 0.2921949360462341 0
0.35406752651072343 -0.17641751951381823 0.29192070324146124 0
0.3540635884916725 -0.17641739065516673 0.29193808556211087 0
0.35403650764964706 -0.17639326725340393 0.2918616560762353 0
0.35399757762337025 -0.17635912345340451 0.2921110223685205 0
0.3539968586761836 -0.17636198852842064 0.2920838551034099 0
0.3540081380406572 -0.17636656902770578 0.29212235192274827 0
0.3541171004249773 -0.1763276428144103 0.29245072243289216 0
0.3541301376818512 -0.17638351084941017 0.29243789649997626 0
0.35415876740651553 -0.17642015445043394 0.2925186226038386 0
0.3541529619572303 -0.17643249176929182 0.292491574104314 0
0.35419681937642383 -0.1764820792416934 0.29215863599228165 0
0.35416317049328766 -0.1764769107186001 0.2921695431944037 0
0.35416657728047235 -0.17647105934874935 0.2921713154331161 0
0.35416641132786586 -0.1764759780450503 0.29217343581146965 0
0.354163457253607 -0.1764768036126177 0.2921796148300398 0
0.3541607963406696 -0.1764836455608257 0.29217573031932326 0
0.3541576195596479 -0.17648470346840497 0.2921755213592115 0
0.3541580041951126 -0.17648365196346708 0.29217863585093423 0
0.35415889117432864 -0.17648532935465083 0.2921784851763226 0
0.35415943914381537 -0.17648458306917572 0.2921760832979242 0
0.354157710553777 -0.17648548178549595 0.29217784351405435 0
0.35415748541524134 -0.17648752513262472 0.2921804189543946 0
0.35415347402634073 -0.17649153716385216 0.2921740665516417 0
0.35415260055880143 -0.17649074969150244 0.29217860538761137 0
0.35415645961843545 -0.1764842405878079 0.29217666959107813 0
0.3541560311165015 -0.17648767184714304 0.2921749568742465 0
0.3541543757172359 -0.17649232211850457 0.2921769407612234 0
0.35415339722390077 -0.17649222439101173 0.2921761766946135 0
0.35415315393234315 -0.17648748723907182 0.29217665413920785 0
