0.4385788860738792 0.19341382719953312 0.44762071990603697 1
0.4385798145713135 0.19341393921174604 0.4476217838035182 1
0.4385849118419539 0.19340484710347552 0.4476251669437017 1
0.4385842492873008 0.1934080053387493 0.447622701612945 1
0.43858319482444696 0.19340880790226883 0.44762516580431855 1
0.43858124732898257 0.19340852669678799 0.4476228282198177 1
0.43857862593651725 0.19341524216731132 0.44762162699050534 1
0.4385819247238492 0.19340728631881066 0.44761905726268625 1
0.4385869007168488 0.19340040859149163 0.44761777429250116 1
0.43858383096421033 0.19340412793370948 0.44762005242035685 1
0.43858312509492037 0.1934051037160985 0.44762012621430936 1
0.4385831642222304 0.19340702296096252 0.44761737379947947 1
0.4385858888683133 0.19340035012319134 0.44762253126822277 1
0.43858064505559186 0.1934093917347364 0.44762169449411954 1
0.4385849747415205 0.19340535691888436 0.4476262346260051 1
0.43874742842912773 0.1936530163314109 0.4484494990803775 1
0.43869632550738047 0.1938163677715943 0.4482024953930284 1
0.4389159200090247 0.19394022147698978 0.4482035160505059 1
0.44043306806194943 0.19381633438455292 0.44678220645175937 1
0.44085157290218785 0.19383628044370008 0.44731426355195314 1
0.448515241320648 0.19382439632438875 0.447323130752423 1
0.46433991731509533 0.19426986600704266 0.44669954770693054 1
0.47431231097041604 0.19465666214876848 0.44752121749898977 1
0.47477906153592525 0.19512060755026084 0.44929863433841133 1
0.4750080353916453 0.19504262887922466 0.449179831713038 1
0.4749669089551704 0.19478581950955004 0.44830082473087274 1
0.4749974250339987 0.19445342714023012 0.4476343757701656 1
0.47504343999622106 0.19443861658125727 0.4478787356176541 1
0.4750357877500652 0.1944167553661118 0.4477961427841418 1
0.4749775052588294 0.19436364281997442 0.4471738960130231 1
0.47497550830374025 0.19437551775996784 0.4472417586745424 1
0.474896055835379 0.1944426996086537 0.4473164346131696 1
0.47484877403267334 0.19449930522366385 0.4284349844029252 1
0.4748866159454954 0.19450332956362126 0.4081415256453436 1
0.4747533519297894 0.19455824086846674 0.38540777107971025 1
0.474728509787128 0.19448287208989315 0.3649626689132191 1
0.4746580373196481 0.19451199306304712 0.3427728593068189 1
0.4747094267852785 0.19446470614303907 0.3228580699237768 1
0.4746920874420479 0.19448166119893434 0.30074769527875456 1
0.47480922920481117 0.1943862113980025 0.28044745563019774 1
0.474455980508758 0.19437926830687846 0.2599790195659275 1
0.47426570955391234 0.1945543510972882 0.2374607955667251 1
0.47404446600116407 0.1944486387103806 0.2171852280763348 1
0.47424032449057146 0.1946395107728764 0.19768988619314298 1
0.4737601850794163 0.1948930501299372 0.17948790220280214 1
0.47472527641411943 0.1942460361613967 0.17821864818958139 1
0.47474403744353344 0.19425038892562227 0.17825461832374268 1
0.4747106306836239 0.1942671248650471 0.17824331924217887 1
0.47467420795839355 0.1942796438934958 0.1782310163599452 1
0.4746477364692376 0.19429132741596924 0.17822833278435218 1
0.4746120570621783 0.1943056708337765 0.17820540324604553 1
0.4745857804287986 0.19431368897855966 0.1781858021771117 1
0.4745705132080675 0.19432085297706567 0.1781739719613978 1
0.4745557250879233 0.19432777703878182 0.17815973501292615 1
0.4745493271701658 0.19433023616382916 0.17815380294001393 1
0.4745429697929325 0.19433875426139297 0.17815733866771308 1
0.4745438363709066 0.1943404205230015 0.17815633835617312 1
0.4725475105684057 0.1945556990842861 0.17801348444795229 1
0.4569223452676657 0.19102819170010488 0.17895962740412394 1
0.43529970600335616 0.18200299197747316 0.17889598835592257 1
0.41511902780416576 0.17414792816108257 0.17891958515850384 1
0.40950494250125596 0.17226313690300188 0.17834763039618065 1
0.40901604896045407 0.1723532644161483 0.17847762787180493 1
0.4056825280238077 0.1724312934060047 0.1774389777695028 1
0.39240872363446666 0.1709119623513533 0.17871331178854008 1
0.39003201873705795 0.17036316753875325 0.1788064173947859 1
0.3898696677513386 0.17041127027602282 0.17871083701642587 1
0.3895111881397305 0.17053295577651828 0.1785296792629248 1
0.39021002164168944 0.17032950156428656 0.17881111818478299 1
0.390361831913736 0.17032377228817747 0.17705516476723732 1
0.3899047331827569 0.1704588193199443 0.15551141260982052 1
0.3899314352234784 0.17047969564509155 0.13743608316653333 1
0.39058313271698175 0.17035375402613184 0.13238128327918502 1
0.3892807027466969 0.17065396999336818 0.11714850242774884 1
0.3900484729237501 0.1705140972645843 0.11592126712657203 1
0.39053901272180425 0.17037568077965853 0.11607517055263508 1
0.3904877015720788 0.17544714780414364 0.11657536213544441 1
0.39066103757490206 0.18195223267233251 0.11641907492577734 1
0.3900515404594315 0.1849446487006064 0.11643693484689382 1
0.38703475045670926 0.20301205240707204 0.1165436224875908 1
0.383268396504826 0.22218597653694142 0.11642367225070013 1
0.3821540411778468 0.2263858538447479 0.11629896554764756 1
0.38207442047691853 0.23152065467540256 0.11620376633343499 1
0.38274474032545563 0.24829922936794468 0.11568699484002434 1
0.38460448926805757 0.25720494893682894 0.11569828231261892 1
0.3849736889064413 0.26282798669937546 0.11605777401957809 1
0.3850382073804528 0.28398884806925623 0.11595824228638904 1
0.3845331856185346 0.29870400470106434 0.11590027280394323 1
0.3849274471475433 0.29898886463005536 0.11599901303745673 1
0.3849086331383571 0.2989573794415746 0.11599890705112176 1
0.38477859285449856 0.2989719646522382 0.11596595711526005 1
0.3843801684949023 0.29904321422641195 0.11586879905718367 1
0.3850403508834819 0.29878297888819577 0.11600952020699624 1
0.3852022965727095 0.29858486996072875 0.11601289368047053 1
0.38515374196063146 0.2985800109125804 0.11599648865813414 0
0.38500455648497994 0.2986225310774299 0.11596044911613293 0
0.384590472721596 0.29874894859017215 0.1158474685988547 0
0.38466714531270774 0.29872786917800814 0.11587676693648366 0
0.3852206213798039 0.2985572688452093 0.11601131581240345 0
0.38514963184348255 0.29857896681124196 0.11603244278229255 0
0.38517186162348926 0.2985566534409949 0.11604946393501202 0
0.3850747331606276 0.2985846546291626 0.11603084153833851 0
0.3846587157818055 0.2987035210525696 0.11593088564415183 0
0.38516214706980867 0.29854781419116133 0.1160363224297877 0
0.3851829498050788 0.2985483225179869 0.11603882620959949 0
0.38515722196759106 0.2985555253503873 0.11602882567096952 0
0.38511799357917187 0.2985665053913227 0.11602185658641836 0
0.38499676530194515 0.29859802910733074 0.11599290146621838 0
0.38501170716165806 0.29859566540086013 0.11599325947663805 0
0.38503349055318925 0.2985852656075469 0.11599891107540578 0
0.38503775612435165 0.2985851651430394 0.11600293117306856 0
0.3850339790630776 0.29858910829108154 0.11599930841736214 0
0.38504118331081993 0.2985841534855791 0.11600260295823676 0
0.3850024599509678 0.2985930249381045 0.11599266644482376 0
0.3850076596968168 0.29859447562652425 0.1159890272645733 0
0.3850174491813356 0.29859012394445755 0.1159925235407575 0
0.3850110236444999 0.2985971844333773 0.11599032315671051 0
0.38501278358852087 0.29859516822373056 0.11598860884964096 0
0.38500889033805186 0.2985961230741773 0.11598546726768441 0
0.3850092491134639 0.2985976762729661 0.1159829050829823 0
0.3850122753862036 0.29859467686427266 0.11598650910541247 0
0.385011370413257 0.2985938585806627 0.11598638233116292 0
0.38501169428103 0.2985948162886123 0.11598706907500225 0
0.38501349801333995 0.2985922463071908 0.11599048521773071 0
0.38501325833480476 0.29859131231479474 0.11598341456534085 0
0.3850127003865788 0.29859414046806826 0.1159881556782134 0
0.38499028460575346 0.2985853256949243 0.11598006108477774 0
0.37768397841481866 0.29761038283717395 0.11560364910723574 0
0.36439956164202625 0.2981976636702141 0.11590961764357995 0
0.3576293606048927 0.29842010996925705 0.11604108632538578 0
0.357525368974023 0.29829270244343326 0.11580187239317398 0
0.3574725351122795 0.29830918524466965 0.11578869538048975 0
0.3568287320103583 0.29850734011231417 0.1157093321361624 0
0.35688942064362156 0.29850083014554607 0.11571953470113935 0
0.3569811168675874 0.2984828413742461 0.11573756326077067 0
0.3575118093976969 0.2985322347204168 0.11577257061238319 0
0.35786744917669383 0.2984521440297034 0.11579059551854629 0
0.3575863237634709 0.2984086648619943 0.11563715687052095 0
0.3575220957831569 0.2984070348242897 0.11585748532380609 0
0.357585996730302 0.2985401581969652 0.13125820909857544 0
0.35772502319994076 0.29853415959353347 0.14802262285217288 0
0.35719143584653723 0.2983852552909025 0.14828222378619585 0
0.35778611704881613 0.2984656726748643 0.16308870438961232 0
0.3574245558558069 0.2983779515400007 0.16337734279377614 0
0.357321521431858 0.29848559423769494 0.17239573036724284 0
0.3578013420714473 0.2984761578567625 0.19060622519361614 0
0.3571374815872931 0.2985124586616235 0.19090365981367916 0
0.35713029945047337 0.2985134369659908 0.1909223371873975 0
0.35713952651516523 0.2985142431029081 0.1909381988809789 0
0.35714601918258915 0.29851580667389194 0.19095633040500865 0
0.35717409761723407 0.2985120947380056 0.19098176820734733 0
0.35721467325528566 0.29850439007394786 0.19100266795054785 0
0.35727363474409285 0.2985097682264377 0.19105242541571107 0
0.35744339384552887 0.2985604265363351 0.19121176263817016 0
0.3574635268347851 0.29855903364373315 0.19123077788061987 0
0.3574680254085965 0.29855246845967087 0.1912331335434142 0
0.3574712233419962 0.2985455167878541 0.19123090607917104 0
0.3574693724570497 0.29854375564573465 0.1912268452526028 0
0.3574697668632215 0.298542812640739 0.19122414384669995 0
0.3574695113099361 0.29853862837081824 0.19122448867491879 0
0.35746908903534647 0.29853798611162063 0.1912210299368111 0
0.35747047670393584 0.2985326463524657 0.19121984914912715 0
0.35747396518318225 0.2985274865642542 0.19122222586973833 0
0.3574622352784254 0.2985300622831605 0.19121461614128452 0
0.35746746742395347 0.29852484339502483 0.19121510070260755 0
0.357464364159339 0.2985263556128636 0.19121450034873563 0
0.35745987461936674 0.2985287260133918 0.19121449105692462 0
0.3574646308974434 0.2985250465523392 0.19121234501256887 0
0.3565016780824351 0.2984731172911409 0.1797563111233001 0
0.35719288515405695 0.29848134056951203 0.1587710467427284 0
0.35761000989870106 0.2984635564115513 0.1535287958713203 0
0.357569395194516 0.29848587766662815 0.15408861805976012 0
0.35756876290107326 0.29847606747229344 0.1540286844987338 0
0.35755131244820637 0.2984834556002274 0.15392916093063852 0
0.3576399878871993 0.29849592564978766 0.15335668840350175 0
0.3564900601906467 0.29912640763758214 0.15331280629275013 0
0.356586904963731 0.29901279087129057 0.15348209808944063 0
0.3571532708118761 0.29845392008047844 0.15382186986172017 0
0.35720709618366303 0.2985788404643613 0.15343340069267172 0
0.35787650081690814 0.2854556627214158 0.15338307521643088 0
0.3575935339375172 0.26291718304229705 0.1539541566902082 0
0.3576544623404114 0.2398862787845779 0.15356495800055503 0
0.3572415395986911 0.21753165452408776 0.15342417179196613 0
0.35685709546647154 0.19501592747756846 0.15347772870953344 0
0.35698523318467823 0.17235574296402478 0.153499811676952 0
0.35718282079050145 0.14983225579183768 0.1539080824483071 0
0.3573777502398179 0.12976597195818473 0.1541548164020706 0
0.3572829114937006 0.10975097746372849 0.1537334183865221 0
0.3571659072473351 0.0899677930582242 0.15390811834404944 0
0.3573316462956917 0.06732580990931773 0.15397452770344514 0
0.3572888806883908 0.044798472354763585 0.15396170996043643 0
0.35716755611765283 0.024892934880650308 0.15394000006190087 0
0.35728968697839497 0.004934630274448987 0.15380466217508437 0
0.35720611767215316 -0.014879777104725586 0.1537152518239956 0
0.3572973298457598 -0.037351757361850604 0.15380375999433663 0
0.3572473682509033 -0.057620660014891606 0.1538642218681277 0
0.35718163166862854 -0.0799320882089567 0.15381638523512692 0
0.3572371441695366 -0.09974772481661444 0.15377068763533874 0
0.35681678344747364 -0.11974107587351887 0.1535132340024392 0
0.35714017031204826 -0.13996816090011815 0.1536777963040586 0
0.3572480381004419 -0.15343187179420548 0.15371832677214492 0
0.357564058234224 -0.15850871946265513 0.15403542544761992 0
0.3572166308671313 -0.15847200728822394 0.15431046641612822 0
0.3572541505627565 -0.15841746914866156 0.1541946334947297 0
0.3574801675798409 -0.15828051321573833 0.1534412895383626 0
0.3573725224477015 -0.15807069594506806 0.15343301649149826 0
0.3576748681679745 -0.15808352579856855 0.15386715816030022 0
0.3576152313650854 -0.15803085421673008 0.1538672587018027 0
0.3574930501247344 -0.15793129843294362 0.15381832159900524 0
0.35709145672872006 -0.1577921611038824 0.1534513952893745 0
0.3571345452723786 -0.15777727314490705 0.15350610009124935 0
0.35750835320583324 -0.15784325976124836 0.15394021851843595 0
0.3574945668344243 -0.1578013387875049 0.1538901839986178 0
0.3574336146970121 -0.15778220922637154 0.1538007121131591 0
0.357166853966137 -0.1577272918358491 0.1534590274993482 0
0.3572123516167405 -0.15773861477510737 0.15350806252064528 0
0.35755092061875193 -0.1578033284117599 0.1539083514670757 0
0.3574347415932249 -0.15779840228908176 0.1536521929921318 0
0.357294635029904 -0.157749425965657 0.15374382440857765 0
0.35745592482330046 -0.15785846502179057 0.15387047004011595 0
0.3570851484648297 -0.1575629068401773 0.15335488413291312 0
0.35714135771509314 -0.15755603513624095 0.1536163382068066 0
0.35714231973902266 -0.15751451268241598 0.15363690313772835 0
0.35747537416718234 -0.15756544014369278 0.15402655909406093 0
0.3574177236129501 -0.15757859499894394 0.15396685783060735 0
0.3570448713894597 -0.15751116844786012 0.1534962255706925 0
0.35708185354934313 -0.15753359785023857 0.15353542062006117 0
0.35713237889265437 -0.1575471457071221 0.15359431652646674 0
0.3575012722460654 -0.15762785495009562 0.15403507037123365 0
0.35744153321751054 -0.1576321451898457 0.15397205056921864 0
0.3570585297079494 -0.15756669936690143 0.153504747569756 0
0.3570876215279135 -0.15758371409779542 0.1535467241134624 0
0.357133038503089 -0.15759803654631055 0.15359791276916385 0
0.35719465991357774 -0.1576040791791098 0.15367087197126283 0
0.35749866194702384 -0.15767106397864689 0.15403544378199618 0
0.3574456041190474 -0.1576611691259191 0.15397719633790632 0
0.35707709165862933 -0.15758855463401733 0.1535253399024192 0
0.35710293155514367 -0.15759666619580517 0.15356012292179974 0
0.3571609759217005 -0.15760907660193393 0.1536300535260906 0
0.3575850389888453 -0.15799162146070017 0.1541084132618005 0
0.35713343221671084 -0.17390810278004115 0.15314310311021784 0
0.35678239383801497 -0.18970267354539305 0.15286714987074693 0
0.35755617564750775 -0.19217962396295785 0.1541101940857724 0
0.35751238062957774 -0.19221762904674577 0.1540306344751418 0
0.357176730309469 -0.19212506585347933 0.15346008001356642 0
0.3571059011080963 -0.19199477182828084 0.15336750213766295 0
0.35712559030766794 -0.1918963718381334 0.15341179552690015 0
0.3574198370168102 -0.19191043774811015 0.15386653411444395 0
0.3573693528920565 -0.19188677727738473 0.1537763224820806 0
0.3570331618629491 -0.19179403220915758 0.15323439170013964 0
0.35703998918244223 -0.1917438213818869 0.15325790008100976 0
0.3573050026241561 -0.1917812166663746 0.15367073131700965 0
0.357374910470616 -0.19178159104631526 0.1537733026133865 0
0.3573154682127852 -0.19176521689910564 0.15367907494169628 0
0.3570259080514433 -0.19171776301052856 0.15321086826150787 0
0.3570838793134787 -0.19172643077325902 0.15329981996037786 0
0.3574136319971425 -0.19177997512308753 0.1538280029246097 0
0.3573786153185216 -0.1917733883670178 0.15376668442419184 0
0.3570197265001496 -0.1917111822380963 0.15319108037808538 0
0.357058806263418 -0.19171938006656086 0.1532568067719542 0
0.3571729139144887 -0.19173718829280578 0.1534287600886045 0
0.3573925443114014 -0.19177665068594812 0.15378573242511503 0
0.3573481168681991 -0.1917641006255822 0.15370996398009662 0
0.35704157278486837 -0.19171493518549992 0.15322070650130204 0
0.35708777505290273 -0.19172411380268736 0.15329365811356668 0
0.35743205114881305 -0.19178361133964905 0.15384182669873137 0
0.35739009239314246 -0.19177652156107308 0.15377530548828247 0
0.3570159054269562 -0.19170976332695078 0.15318641256095522 0
0.3570624975525266 -0.19171278236752426 0.15325389576435466 0
0.35713654320875005 -0.19172857790202175 0.153367716358569 0
0.35741416981541546 -0.1917753555274101 0.15380911852344686 0
0.35736408282592824 -0.19176220691106466 0.15373034660078538 0
0.35703543013906885 -0.19170769897501974 0.15321141234378696 0
0.35708298960576873 -0.19172429608903363 0.15328730904682936 0
0.35737476153600023 -0.1917736857598371 0.15375139842510469 0
0.3574050268445268 -0.1917703138435422 0.15379776548272242 0
0.35725577218603205 -0.19174961846819658 0.1535557422445465 0
0.3570520407778728 -0.19171275325681547 0.15323895730929432 0
0.35709933848179803 -0.19172441301925486 0.15331479431718084 0
0.3574389492711851 -0.19178154576218515 0.1538501873583807 0
0.35740038306447225 -0.19177484575901327 0.1537916942675695 0
0.3570190965880935 -0.19170649173468648 0.1531882612282139 0
0.3570582733948763 -0.19171510732455388 0.15325054930053555 0
0.35711754687733105 -0.19172648326334307 0.15333836226906142 0
0.357422118542806 -0.1917730918098538 0.1538231082719832 0
0.35741417007928933 -0.19212602256397293 0.14955836335745648 0
0.3572148962563857 -0.1915707298707811 0.1264104455107129 0
0.3571976761840554 -0.19177387110822602 0.11826520234588016 0
0.35700733939887286 -0.1914797370074876 0.10520519524566267 0
0.35725760933869255 -0.1917600359572128 0.0982218430092247 0
0.3575477347156995 -0.1919537088285893 0.09853659888367283 0
0.35752484577963756 -0.19195560213400575 0.09850170253081528 0
0.35748775129447946 -0.19194401560874308 0.09846484381547821 0
0.35745093676682954 -0.19192213508669975 0.09842878676181 0
0.35737517363863447 -0.19182376687913588 0.09835097038370828 0
0.3573598840269383 -0.1918052157543995 0.09833877562964959 0
0.3572951206254075 -0.19172699321781156 0.0982732760952247 0
0.3572899819518278 -0.19172200156531077 0.09827240933183906 0
0.35729305040639237 -0.19171736019088753 0.09827249500744334 0
0.35729197889549774 -0.19172417707582795 0.09827555382240175 0
0.3572935130529039 -0.19172402884347722 0.09828050086679978 0
0.3572930736402583 -0.1917233939000777 0.0982785781807331 0
0.3572956751674298 -0.1917253823856872 0.09827775260523897 0
0.35729740898227774 -0.19172945860765406 0.09828206432796674 0
0.35729599326666683 -0.19172477849333136 0.09828564196846305 0
0.3572939879996882 -0.1917251653860374 0.09828304188596546 0
0.3572945191798566 -0.19172593290464768 0.09828362714438418 0
0.3572952351649342 -0.19173074700291426 0.0982836135065328 0
0.35729675423303286 -0.19172904709210475 0.09828695985194116 0
0.3572955461763579 -0.19172966957458695 0.09828631071549393 0
0.35729771767366947 -0.19172929727688895 0.09828842470457044 0
0.357298757368506 -0.19173050900473265 0.0982915187666252 0
0.35729412620588685 -0.19172913176328626 0.09828609934559013 0
0.3572976060542607 -0.19173053462483303 0.09828771155250335 0
0.3572967135714084 -0.19173195088776185 0.09828614775746898 0
0.3572954784992997 -0.19173032876931953 0.09828669699425634 0
0.3572964031319929 -0.19173043862982642 0.09828669425468821 0
0.35729903563203275 -0.1917318462093256 0.09828676994698922 0
0.35729659731420876 -0.19172970554461927 0.09828462032191898 0
0.3572969119804286 -0.1917330385781341 0.09828464506936686 0
0.357298549859959 -0.19173185129193887 0.09829073519929309 0
0.35729771655713577 -0.19173098498784152 0.0982876914188311 0
0.35729670274876185 -0.19173074627926423 0.09828788359829549 0
0.35729875197037164 -0.19173138633767395 0.09828977774179955 0
0.3572994940404155 -0.19173051247650796 0.09828812552073682 0
0.35729777996216117 -0.19172850494071883 0.09828521507984747 0
0.35729984981216306 -0.19173247239032462 0.09828976428520772 0
0.3572970275168225 -0.19173181003755785 0.09828751143858702 0
0.35729824669334337 -0.19173281470759374 0.09828810630179285 0
0.35729655724257126 -0.19172989149849917 0.09828996717458835 0
0.3572967747927905 -0.19173295886241995 0.0982900248429277 0
0.3572952606412023 -0.1917285182518627 0.09828694819333689 0
0.35729699415540284 -0.1917329819257852 0.09828638940359963 0
0.3572974975349235 -0.19173189471471783 0.0982896225321673 0
0.35729953256425734 -0.19173010216923042 0.0982923456139849 0
0.3572967974079977 -0.19173392383120572 0.09828719421692159 0
0.3573009869402657 -0.19173014228630975 0.09829148518431495 0
0.35729707121727095 -0.19173177611834596 0.0982914250328255 0
0.357298685431399 -0.19173209429012916 0.09829005181199367 0
0.35729777677920194 -0.19173170086409508 0.09829329175182236 0
0.357296436679781 -0.19173280519987818 0.098290445907151 0
0.3572988478706142 -0.19173173451582975 0.09829081699637673 0
0.35730082401895313 -0.19173206277909505 0.09829629167784888 0
0.35729491537146874 -0.1917315735887657 0.09829030782254691 0
0.35730027459010405 -0.191734099927414 0.09829280809061498 0
0.3572991658757776 -0.19173232267855866 0.09829504665660017 0
0.35729880261181257 -0.19173154101722348 0.09829411396461019 0
0.3572981927768986 -0.19173027487526134 0.0982945937564025 0
0.357300587201754 -0.19173395715086905 0.09829474577292753 0
0.3572994839749799 -0.19173426189594825 0.09829350749320809 0
0.3572991561647756 -0.19173565298157097 0.0982923428171612 0
0.3572991868527216 -0.19173074460548212 0.09829242458292886 0
0.35729786595215635 -0.19173182971053435 0.09829310230607771 0
0.3572964215084593 -0.1917356617324426 0.09829176987869209 0
0.3572966931401632 -0.1917362638646873 0.09829357822450954 0
0.35730081489488164 -0.19173352915426636 0.09829338491457419 0
0.35729828233709277 -0.19173294485536163 0.09829476975517046 0
