0.4387339208846167 0.19350160631616836 0.4477190744086525 1
0.4387330785220148 0.19349723656280798 0.4477145106910183 1
0.43873654789634126 0.19349652351359004 0.4477182467469435 1
0.43873077793170645 0.19350206965700173 0.44771956226443843 1
0.4387348535627891 0.1934960943646848 0.447718491550369 1
0.43873192300587505 0.19350125587729297 0.44771890167985684 1
0.43873094585078865 0.1935025465189284 0.44772375112162044 1
0.4387353590801978 0.19349909097229728 0.4477238787466405 1
0.43873593511333103 0.19349521794232782 0.447719395850249 1
0.43873747967541854 0.1934922382709211 0.4477177022051108 1
0.43873952433348723 0.19349136194961192 0.4477189362841056 1
0.4387328662086006 0.19349917875591247 0.44772182427761786 1
0.43873557519503886 0.19349949123167626 0.4477219092483862 1
0.4387352493858524 0.1934980773665444 0.44772473625362175 1
0.4387368343619846 0.1934945405899676 0.4477141326022985 1
0.4387256863916066 0.19350527035527426 0.44769137234480255 1
0.43852929799157847 0.19381345500513059 0.43281275202931097 1
0.4388379408615819 0.193493267382724 0.42100865714117036 1
0.44086949304673817 0.19335669712459708 0.4179916573625102 1
0.44208867492412396 0.1934675118294824 0.4025903090241843 1
0.44204882330406847 0.19355899759583062 0.3800715514518923 1
0.44195163791429676 0.19328869555128356 0.3570490948535457 1
0.44173019196749513 0.19346458204783928 0.3348568781521271 1
0.44175365754636603 0.19343290506583788 0.31452369679145187 1
0.4416875455495077 0.1934659006273783 0.292406769650017 1
0.4417413960928637 0.1934883901513238 0.2720967476275676 1
0.44172930200540084 0.1934998942881559 0.2525366765051209 1
0.4414841217993914 0.19356637022696596 0.2294222199621004 1
0.4413302885628219 0.1934090337235917 0.22036343188513505 1
0.44155177998477085 0.19336680382266358 0.2201795151765747 1
0.441525581390561 0.19337255988194674 0.22016564196750973 1
0.4411621481547624 0.19344653222003877 0.21984877671833772 1
0.44129836069107015 0.1934481734538189 0.22000419273446006 1
0.44145494918125855 0.19339598515761713 0.22233060344588745 1
0.4424197041818966 0.19262721376191844 0.23492233936832463 1
0.4419839214322646 0.1927687760552921 0.23555365932674185 1
0.4415890920812099 0.1933504009410797 0.23538624777326467 1
0.441565465765062 0.19340800213355908 0.23538007612501194 1
0.44095455876055406 0.1941669365651865 0.21964926246559108 1
0.4405725911755426 0.19433315981592875 0.1994144495246132 1
0.44101938849484956 0.19389103958569553 0.17780153508816338 1
0.44152360127731927 0.19372520930468723 0.17592033301681226 1
0.4416583539109675 0.19366458336480838 0.17589223818281163 1
0.44158558487956934 0.1936656891563861 0.17579900465852105 1
0.44122083803402234 0.19372682524311807 0.17547987547813326 1
0.4413096521022873 0.19369427718679297 0.1755072710287902 1
0.4418180385188739 0.19354428398919088 0.1757788168633994 1
0.44189356730717466 0.19347041927678643 0.17546775245175686 1
0.44164769642216617 0.19353773604663677 0.17541446584633008 1
0.4411288659272229 0.19374716455263796 0.17566172899937535 1
0.4411710180767477 0.1937129367693307 0.17571891001618975 1
0.4419248129001966 0.19302127901666882 0.19156921790029405 1
0.4417613543239128 0.19276471151825622 0.20491694485443693 1
0.4418007294381043 0.1927492055721523 0.2052044662816739 1
0.44074232163289706 0.1935857717946623 0.1891646389616943 1
0.4405563327059515 0.19434733439454066 0.16680641939881563 1
0.44088275602945737 0.19417865330086245 0.1445437159845389 1
0.4411499568696916 0.19390420115764206 0.12207182567482537 1
0.441632185309409 0.19364502446331586 0.1131018926867573 1
0.4421229922505314 0.19356852543509276 0.11319975442366786 1
0.44184385708710744 0.19358711828547637 0.11302652809761496 1
0.44159271176024073 0.1935908923694658 0.11286759833714854 1
0.44161522717094226 0.19346871733646392 0.11282841431266712 1
0.44080721628381275 0.19386392379148343 0.1123108046099375 1
0.43210995383323597 0.20497898582299187 0.11260866017548675 1
0.41980583280420236 0.21818176011981916 0.11313222325548217 1
0.4180604627584885 0.21901020208321803 0.11284633960371827 1
0.4177060003490569 0.21904865298029214 0.11274054762731416 1
0.4144089928622688 0.2251946088832668 0.11224356775150801 1
0.4039836319521034 0.24462589052402473 0.11250813157706609 1
0.39353028683165664 0.26184259239971086 0.11276375185142663 1
0.39024206685892315 0.2655872847589082 0.11291154697134036 1
0.39013256168193494 0.2656892291620785 0.11285662672331614 1
0.3901434009557538 0.2656722167571687 0.11283902988598928 1
0.39017208564499806 0.26564274345998984 0.11282965909265796 1
0.39022099998933035 0.2655955812942035 0.11283821015049329 1
0.39025086117920016 0.2655669104728014 0.11284117106745935 1
0.39028650236911144 0.26553082969803093 0.1128448235053962 1
0.3903111450233817 0.26551632319598395 0.1128508079768286 1
0.39034102433945056 0.26548442498465313 0.11284941120717376 1
0.3903583461393223 0.2654669318721569 0.11285407282800491 1
0.3905753991813276 0.2655689464496805 0.11291754865300974 1
0.3894555612875389 0.279370081011163 0.11329520920415877 1
0.3849545058403109 0.2998516708204856 0.1129891141784045 1
0.38432994463640696 0.3026031530242481 0.1124378659721394 1
0.3841757542231264 0.3028043742985473 0.1125051702896301 1
0.3841772238654372 0.3027912434859852 0.11256360014771352 1
0.38417714039398937 0.3027677020911288 0.11263839057484337 1
0.3841739494127505 0.302702265790611 0.1132325657016829 1
0.3842208492643138 0.30264864913721 0.11315980542200486 1
0.3843573979406373 0.3025453990164075 0.11245897831232525 1
0.38436798784355564 0.30252622580147365 0.11251809210857494 1
0.38436273620813566 0.3025226284876118 0.11256656682618797 1
0.3843666282771324 0.30250844534762034 0.11262805843617243 1
0.38426539359018086 0.3025698426604789 0.11323681964634934 1
0.38428418981030044 0.30255576307922377 0.1131570786279855 1
0.3844108631146069 0.3024709521366221 0.1124704219045742 1
0.384407900078691 0.3024698344018637 0.11251878671498135 1
0.3843936198323648 0.302478088410335 0.11257035173570959 1
0.38439430097942073 0.3024733363978299 0.1126371512052139 1
0.38432368922035304 0.302499978639787 0.11321402548148078 1
0.384341380659965 0.3024859388040107 0.11315658704211189 1
0.38446221214745535 0.3024107052296965 0.11250880578183543 0
0.38446849758864066 0.3023979683772259 0.11250309125250138 0
0.38445813448001154 0.30241006540077453 0.1125560741351606 0
0.38442096400395803 0.3024349049241699 0.11255830323291366 0
0.3844090011080469 0.3024395028313584 0.11260968738248214 0
0.3843978065574806 0.3024461229124513 0.11266007304328846 0
0.38435963806988066 0.3024763543753322 0.11296559678452808 0
0.38431851192354605 0.30249842465735244 0.11310181255290845 0
0.3843438839742733 0.30247946275390036 0.11296266130042036 0
0.38442958358363244 0.3024307585864263 0.1125741193675025 0
0.3843361192209064 0.3029829058210459 0.10552823119449148 0
0.3859067004479652 0.3027528152336616 0.09565997652268661 0
0.38612547142731685 0.30274799697373234 0.09486248247735274 0
0.38547402581172846 0.30288630584554277 0.09447112900921019 0
0.3853008466855129 0.3027584662646927 0.09356608953907396 0
0.3852622912726612 0.30275516844315997 0.09341638847432164 0
0.38529596210295053 0.302664107782519 0.09263510876872348 0
0.38522380762095876 0.30266557789620324 0.09249768739509878 0
0.3851678916687945 0.3026867996689941 0.09236855938879714 0
0.38508284292329875 0.3027297624311619 0.09234658124230234 0
0.3849754644576462 0.30277830361890173 0.09231716737948843 0
0.38575339724091856 0.3024984684769967 0.09182169217139817 0
0.38579014280766233 0.30237494125436387 0.09187009218901748 0
0.3855952262080078 0.3024352727392554 0.09188645314528272 0
0.38499870837586486 0.30261868621942095 0.09235263573143074 0
0.38500059681340953 0.3026036477355263 0.09229132701835605 0
0.38489377975169503 0.302551770834378 0.09214487454762352 0
0.38446432127349883 0.30292145262161735 0.09173291862277541 0
0.38456262815269365 0.3029130913411179 0.09175124416774776 0
0.3845558044921237 0.3029098857215266 0.0917287311166306 0
0.38456527572048665 0.3028897348611642 0.09170200702207477 0
0.3840998746474187 0.29379414743967336 0.09147234993020432 0
0.3834785050492127 0.2727609677179362 0.09181856687380589 0
0.38408656228805654 0.26816699669438654 0.091974752481635 0
0.38400945195390385 0.2679322095476091 0.09194999184656676 0
0.38440264378588157 0.267812282884546 0.09200419143748205 0
0.3847025001559422 0.26752841200191596 0.09200229598688424 0
0.38437052112536374 0.26089549006343027 0.09156494376350927 0
0.38525152079285835 0.2392642868053887 0.09190744544760628 0
0.38430169716113677 0.2189949417557734 0.09134767170234041 0
0.3830867962308325 0.1983744787757806 0.08988966847545299 0
0.38286563654895944 0.1781837095423951 0.08621573811203967 0
0.3836207162022386 0.16774059172094238 0.08879973352944029 0
0.3841183472240778 0.1466211914127895 0.08956127989206572 0
0.38404636174364987 0.12671386035262813 0.08995267027736893 0
0.38437340771661593 0.10407725708535213 0.09040712079828885 0
0.3843464521409698 0.08158019184647684 0.09029898915965541 0
0.3844693443667403 0.05893893491629566 0.09021652252805762 0
0.38310068722269 0.044045755677449144 0.09026643384943148 0
0.3819656685669393 0.041912700188910246 0.09032280600005364 0
0.3818545965956308 0.04196222775754922 0.09028391797017758 0
0.3811732710266637 0.03007764515666493 0.09049498119682622 0
0.3807436452484686 0.008263656806168584 0.09021534900734178 0
0.3809909662219307 -0.014727506841356583 0.09010583921366426 0
0.37927074238504854 -0.03587938050356948 0.09009111141109827 0
0.37860519538136583 -0.039004876348693415 0.09017748686232302 0
0.37858009340269916 -0.03904559374716275 0.0901529115468858 0
0.37919822722333546 -0.0391445254494681 0.0905242349774922 0
0.3784939521798565 -0.0387408861550992 0.09026449615748827 0
0.3681953246364725 -0.040642015249259617 0.09000540157096286 0
0.348963525184177 -0.04511462798617588 0.0901155359513873 0
0.32623329732945505 -0.04975496359058554 0.09021918853014264 0
0.3036864695051862 -0.054687511856344656 0.09021957080465155 0
0.28399021152971105 -0.05857623052835363 0.09010177120194568 0
0.27823000751787563 -0.06064092054376391 0.09023812783841484 0
0.27809972580248016 -0.060751240280935606 0.09026624222890922 0
0.27936918010768474 -0.07439365718889483 0.09079711691243912 0
0.28347545961721116 -0.0968993338963673 0.0906224897123141 0
0.28650099864790535 -0.11717200315655882 0.09041371028578753 0
0.28803323704367245 -0.1300610421547526 0.09029981680290414 0
0.2891018366633259 -0.13132103697838693 0.09031799059988162 0
0.2887991157249619 -0.13080017648658057 0.09172934598340995 0
0.2891449978360506 -0.13105786377164355 0.11303233003018204 0
0.2890175947897616 -0.13071681349385678 0.12506340008463496 0
0.28878476506699446 -0.1303631258613044 0.12616207392915188 0
0.2886996896144416 -0.13052593011182478 0.14557140888605613 0
0.2885534599834597 -0.13032620268100203 0.16558019537480398 0
0.2887353509057304 -0.1304008543818312 0.17556342677513814 0
0.2890053884007512 -0.13059563073064118 0.17587821226918607 0
0.28833812744729925 -0.13056177291854823 0.17295999949228383 0
0.28833213302634303 -0.13061883781843303 0.153231449786417 0
0.2883961205325142 -0.13061696979234305 0.1301927927900044 0
0.2886573036087133 -0.13098102822127214 0.11829922705257338 0
0.28662569419502815 -0.13517429871109926 0.11792788473361933 0
0.27242052437013625 -0.14816890523774778 0.11819855189452778 0
0.25702002534195373 -0.16015970425678386 0.11809886468287023 0
0.25620566199702394 -0.16142081897546035 0.11792281520479017 0
0.25570318951677606 -0.16137951471023593 0.11828818453450335 0
0.2554059485729763 -0.16131480937325582 0.1182227189228066 0
0.2463288519583593 -0.16169732986487548 0.1176061202760444 0
0.22909383917282922 -0.16482740236457227 0.11807099362964235 0
0.2244467147162062 -0.16623637718312817 0.11799659697778524 0
0.22444723488597246 -0.16618921641200568 0.11803260259490245 0
0.22448923129379286 -0.16618287871090948 0.11805263435204769 0
0.22452241627332148 -0.16617353888260875 0.1180700513477375 0
0.22455618628183066 -0.16616477254983036 0.11807284962723202 0
0.22457232798825938 -0.16615283704953643 0.1180795760366902 0
0.22458668165014956 -0.1661455793231551 0.11808038397320385 0
0.22459789411093312 -0.16614498290157942 0.11807969110070342 0
0.22460343981505398 -0.16614378471906463 0.11808513750381362 0
0.22461664502913353 -0.16614014304594815 0.11808347327131768 0
0.22462059429194348 -0.1661332570459373 0.11808580656518261 0
0.22463631639715387 -0.1661400438843121 0.11793761522614278 0
0.2245924532046244 -0.1657335269105002 0.10342700036988371 0
0.22476163339381378 -0.16612966257316292 0.09388450349374414 0
0.22474442290462351 -0.1661407752987617 0.09329680390108958 0
0.2242209169043144 -0.1660186407505007 0.09303016308407577 0
0.22433406804546804 -0.16604338038962546 0.09306654882070746 0
0.22490597806784737 -0.1661816503350906 0.09332362897676856 0
0.22487019161745603 -0.16616527669085862 0.09330359483749792 0
0.22481260208341697 -0.1661473973448148 0.09327603103130011 0
0.22425254283140966 -0.1659884928753012 0.0930080572064467 0
0.22434485727588954 -0.16600748792861847 0.09305559281051158 0
0.22488370838236668 -0.16614273129328438 0.09332396111955749 0
0.22483845376277756 -0.16613227401829664 0.09330306740830382 0
0.22478699260916146 -0.16611215658333242 0.09328041871025693 0
0.22424828741928304 -0.1659708258852504 0.09302369572131337 0
0.22433557689623346 -0.1659883927760012 0.09306665052426911 0
0.22505823203046108 -0.16376964101535663 0.09303097671793016 0
0.2252150492151922 -0.1442879302197488 0.09323523152244302 0
0.22479995573002864 -0.12725635751875064 0.09305100562344451 0
0.22512158661526602 -0.11677874811261132 0.09330440935744808 0
0.2252394779278312 -0.11571386201025025 0.09317073830647392 0
0.22524562571820825 -0.11571483235247368 0.09319106735908951 0
0.22524371437523494 -0.11574616661683765 0.09319946633036227 0
0.22524376233864266 -0.11577874562148471 0.09320357153413716 0
0.2252516561309425 -0.11581830557409344 0.09320398634604873 0
0.22525568690446335 -0.11587459213000723 0.09319743028588175 0
0.2253481684669793 -0.11609718608172578 0.09314587569430174 0
0.2253610433174759 -0.11619730301125766 0.0931286495010065 0
0.22530939556155274 -0.11628939537844106 0.09313129653354334 0
0.22530754108479722 -0.1162882746049361 0.0931328916719592 0
0.22530495088867958 -0.11628597444787735 0.09313361948325638 0
0.22530598321768694 -0.11628389301690364 0.0931341423892387 0
0.2253040759961083 -0.11628135151271302 0.09313277686626806 0
0.22530314505011786 -0.11627778661622526 0.09313398227103 0
0.22530357026809378 -0.11627781381809354 0.09313510993014451 0
0.22530305575369391 -0.1162728577027869 0.09313802641078753 0
0.22530320519728445 -0.11627186250624597 0.09313404607688698 0
0.2253075573250023 -0.11625367599675512 0.09319293190066726 0
0.22510764938233943 -0.116140144746628 0.09368282170442542 0
0.22523343087482162 -0.11614324719456377 0.09340155314327768 0
0.22518582798329717 -0.11627267215021443 0.09560940272371445 1
0.22548910313742987 -0.11626781029498942 0.09588343634351287 1
0.22544698281743664 -0.11625507251615168 0.0958609089565025 1
0.22536660640344774 -0.11623126124101503 0.09582746988754712 1
0.22508873193382545 -0.116148688716299 0.09572471291353694 1
0.22511746069048516 -0.11615855569082582 0.0957343669010343 1
0.22514174475409754 -0.11616391279040801 0.09573840165558158 1
0.22517305757203226 -0.11617255196894766 0.09574636230055245 1
0.2252077171357753 -0.11618228344724418 0.09576124442405055 1
0.22564179817843366 -0.11630213325707935 0.09591089323577945 1
0.22539456033454036 -0.1162336304559181 0.09582541708719944 1
0.2250814160949391 -0.11614133871119893 0.09571291398393422 1
0.22511030091080456 -0.11615374574402794 0.09572091497004297 1
0.22515165549314003 -0.11616543046728252 0.09573427267275063 1
0.22518819462231782 -0.1161765567090113 0.09574811366080127 1
0.22523727728039888 -0.116189408749982 0.09576663853845355 1
0.22525121133448617 -0.11619374890999998 0.09577049564642315 1
0.22524606252582519 -0.11619194474174357 0.09577223272113342 1
0.22524194988065754 -0.11618846432420678 0.0957676104359744 1
0.22523766650473842 -0.11618884012170315 0.09576854041107345 1
0.22523721248007428 -0.11618847285218302 0.09576922131538251 1
0.22523633669846263 -0.1161871994221473 0.09576484653642942 1
0.2252380520051091 -0.11618754141336986 0.09576753315557049 1
0.22523869098005303 -0.1161876332437381 0.09576645273329251 1
0.22523572613493445 -0.11618866877711438 0.09576764955315256 1
0.22523795943253053 -0.11618959662222143 0.09576688227091813 1
0.22523603511813722 -0.11618593795935071 0.095771356386034 1
0.22523870613344238 -0.11618811668437967 0.09576944005474278 1
0.22523697979631332 -0.11618649710342102 0.09576584040661812 1
0.2252352248753149 -0.1161906704530984 0.09576706022394879 1
0.2252347998588614 -0.11618791103685668 0.0957654069086268 1
0.22523504398179073 -0.11618848091013564 0.09576740582359278 1
0.225236657368515 -0.1161885185835695 0.09576733590045589 1
0.22523469711432348 -0.11618880071522188 0.09576579828672285 1
0.2252352648039803 -0.11618894563705845 0.09576727344622904 1
0.22523538064526027 -0.11618774225666602 0.09576698196539828 1
0.2252328785855809 -0.11618424215824548 0.09576621914501907 1
0.22523490049112543 -0.11619022955383453 0.09576514519698329 1
0.22523595662839985 -0.11618814973581333 0.09576770298080753 1
0.22523374811038907 -0.11618911476550077 0.09576775257015033 1
0.22523352728987522 -0.11618865003891181 0.0957678849494468 1
0.2252365692818037 -0.11618993748927653 0.09576454403354259 1
0.22523881415448463 -0.11618675162854537 0.09576864779532795 1
0.22523656192066688 -0.11618876407306951 0.09576878429937989 1
0.22523543932197593 -0.11618795707677175 0.09577049705103327 1
0.22523451000248518 -0.11618840693715148 0.09576603804682983 1
0.22523401962724338 -0.11618802251984985 0.09576897040044678 1
0.22523580527234566 -0.11618922226051977 0.0957656153052095 1
0.22523493471167677 -0.11618819484957192 0.09576583643991783 1
0.22523669917797579 -0.11618940943858506 0.0957656168508694 1
0.2252325035571789 -0.11618830634293424 0.09576634368453533 1
0.22523783915357262 -0.11618608749334873 0.09576696947655651 1
0.22523394815721848 -0.11618989412654583 0.09576670628754594 1
0.22523513172591314 -0.1161894684455576 0.09576604201743433 1
0.22523524212346496 -0.11619015226226885 0.0957680790876201 1
0.22523804129099206 -0.11619012397703195 0.09576556726993977 1
0.2252336092591231 -0.11618751211958993 0.09576604684533527 1
0.22523115702301577 -0.11619052771655429 0.09576707652372168 1
