0.4387049755056171 0.19340544873941531 0.44754540054017966 1
0.4387043568782399 0.19340625145358056 0.4475469300232606 1
0.43870476275668235 0.19340452440366096 0.44754546984293064 1
0.4387042665832159 0.19340226135432487 0.44754518279623257 1
0.4387044920699189 0.19340255306424464 0.4475408226265853 1
0.4387049149778281 0.19340539741203727 0.44754736093862985 1
0.4387021154299581 0.19340664203153837 0.44754758101446235 1
0.4387038691407311 0.19340737208606942 0.4475517856238045 1
0.4387038989813268 0.19340380565201554 0.44753988771410785 1
0.4387054772095706 0.19340353907721541 0.4475505182531448 1
0.4387039074416248 0.1934069224585312 0.44754905186241745 1
0.43870372025306514 0.19340465607784635 0.447541688580102 1
0.4387049005689548 0.19340569274818847 0.4475440678351056 1
0.4387054595064964 0.1934012017145586 0.44754277057960895 1
0.43870510788360073 0.1934069805068192 0.44754535144792845 1
0.4387058822077387 0.19340537843251387 0.44755103191255385 1
0.43870511864090295 0.19340509413574752 0.447539676081973 1
0.4390661688203355 0.19285358887628018 0.4470105745396728 1
0.4387154810570733 0.1930959707315924 0.44693635358202316 1
0.4387317734465202 0.19303620604126473 0.4471913417343664 1
0.4388823258776541 0.19313343608626476 0.44776039074564444 1
0.43891001647254185 0.19320782577312312 0.44784374189858744 1
0.4436016537873959 0.19337474864336918 0.44882025097654726 1
0.4651548123302397 0.1934926387367888 0.44684143241279134 1
0.4874408282591518 0.1940973975592925 0.44654473368689535 1
0.48914024018793795 0.18944295777377287 0.44844954592173936 1
0.4704699922133821 0.18139417132728164 0.45091511432928477 1
0.448763060987085 0.17080053725884364 0.44917698140780477 1
0.4270275996626032 0.1601469716429176 0.44813914842115493 1
0.4055204095661902 0.1494802228918533 0.44767016056700937 1
0.3842272337744264 0.138847441205438 0.44774325160046047 1
0.36480649032127327 0.13099743455474572 0.44802903590939186 1
0.34218398779954873 0.12385142362154546 0.4479099304357106 1
0.32222615064245835 0.11833217983622484 0.4481817557109766 1
0.29957925931110435 0.11207935291299274 0.44798623742748556 1
0.2904055950151038 0.10953874132320592 0.44791168985734603 1
0.29045841388876037 0.10932675219928921 0.44794974927401116 1
0.29036550658704974 0.10945951725628913 0.4478092060852821 1
0.290390975985045 0.10948037742998873 0.4477672666026691 1
0.29051186142806806 0.10949450705366064 0.44828629764056344 1
0.2908264063958753 0.10951191194421929 0.44858080618030355 1
0.2909047429776802 0.10929626196685754 0.4487194597234679 1
0.2907209987610479 0.10958288886378106 0.44836781941739484 1
0.29116997357368635 0.11761651189808972 0.44807774406251866 1
0.2977999849655054 0.13632898006444324 0.4481208719816307 1
0.3108184245832467 0.15735730847988924 0.4470817897538484 1
0.31625801387249197 0.16632987372844207 0.4476136716566482 1
0.3167911831858569 0.166519988222448 0.4488949942496333 1
0.3166530080114374 0.16637680950281558 0.448645070893666 1
0.3162146196956174 0.16634225118691437 0.448644139667731 1
0.31620515859225606 0.16633609770505084 0.4485143995138807 1
0.31615748173311253 0.166346032417306 0.4483274602831445 1
0.31616739439111824 0.16633411438260604 0.4482934639458082 1
0.3161770987676646 0.16631760899201847 0.4482772224887484 1
0.3161877141111356 0.16629860643882344 0.44825985354474873 1
0.3162030049724512 0.16627644024595784 0.44826086519732977 1
0.31672879898397976 0.16614404826554033 0.44700858053378667 1
0.31690771584619987 0.16599198197412154 0.42948663173789337 1
0.31696008838374573 0.16562560307172974 0.40686176764996035 1
0.31701075555724306 0.16556097005813897 0.38431224711984635 1
0.3167173703048092 0.16581870599734932 0.36431658011132256 1
0.3168106721032856 0.16590839076924785 0.3416734687864354 1
0.3164816473657465 0.16588867047636507 0.31893616250602547 1
0.3162859947611085 0.16596049708996202 0.2990057380507921 1
0.31636985318273886 0.16603400902344906 0.2790433873239656 1
0.3164639526262711 0.16611132097278336 0.256456808574747 1
0.3166806649644463 0.16605310035765045 0.2365106948806175 1
0.31633281567298005 0.1660039516509118 0.2140223190784693 1
0.3165356682954935 0.1659582259314251 0.19412742131148125 1
0.3165804901323458 0.16609943228119717 0.1714731740914283 1
0.31631147877495425 0.16613350810855948 0.16133766777362626 1
0.3163124117916872 0.165987657558542 0.16168428051214445 1
0.31629332690064454 0.16601243338800492 0.16144278449653984 1
0.31681898499722977 0.1666697635094096 0.16123351860705365 1
0.316361820136401 0.16668496824310308 0.16137248769340987 1
0.31644099961242694 0.16629649585066802 0.1615189325096476 1
0.31602487207865765 0.16624664223636362 0.161488589479232 1
0.3163153375365136 0.1660020084907936 0.16115341790429666 1
0.31633007371587596 0.16597775423788103 0.16119940490551854 1
0.316329257384822 0.16597725975367408 0.16123378256889578 1
0.31626108538766984 0.16600215036086985 0.16154420680729648 1
0.3161161634677029 0.1663562864838143 0.18104859483851793 1
0.3158614056020878 0.16660507116402837 0.19990052648208217 1
0.31603440544272404 0.16627441966101753 0.19635388587472105 1
0.3157689098920381 0.1658962230050476 0.17487979084229904 1
0.3163057249998833 0.1658282692435004 0.1714633128134084 1
0.31154125246417136 0.16655650434209537 0.17147225037687724 1
0.2917457268070109 0.16332360386336098 0.17168761656628598 1
0.2689687644680401 0.15778567906868707 0.1717229068936275 1
0.24632332716675964 0.1530784287019789 0.17151311848370393 1
0.2262166752185114 0.149019992721466 0.17199138823544474 1
0.20387054434196036 0.14509566052638267 0.17179397921083037 1
0.18657614488074964 0.14361125639376027 0.17166620540536814 1
0.18795717342808582 0.14345792734495164 0.17171308885644004 1
0.18826627568188498 0.14365371151753759 0.17167063041078476 1
0.18822494182175134 0.14376889464982373 0.1716467930617675 1
0.18819102972540463 0.14385680593395184 0.1716416876154101 1
0.18820272332017723 0.14385367265419657 0.17162995580553045 1
0.18830231768083916 0.1438125151413409 0.17147215295672008 1
0.18830835720296915 0.14381287360408485 0.17145076899935657 1
0.18830399261382513 0.1438198493394571 0.17144904242935027 1
0.18830356491376535 0.14382147529323336 0.1714474047943348 1
0.18830132502335842 0.1438220022006081 0.17145158178289127 1
0.18829629505100437 0.1438278664565428 0.1714491604458589 1
0.18829409459407287 0.14382938080822408 0.17145358373027675 1
0.18829339890314853 0.14383023175000095 0.17145317310124253 1
0.18828965912411683 0.14383348601859514 0.17145268066313538 1
0.18829323038501258 0.1438303927745933 0.17145518642698798 1
0.1882914167121847 0.14383210947455352 0.1714530856797095 1
0.188289552995808 0.14383274044664965 0.17145526358780225 1
0.1882916944490811 0.14383356421573637 0.17145306310852712 1
0.1882878484960242 0.1438360728872366 0.17145515363646519 1
0.18828903301118013 0.14383465151225436 0.1714581301577981 1
0.18828755569410904 0.14383397032253623 0.1714604301389018 1
0.18828828762901523 0.1438341376473088 0.17145930075479346 1
0.18828633325936994 0.1438356884219142 0.17146105488008329 1
0.18828460961328689 0.14383689491249488 0.1714575833708367 1
0.18828238852401918 0.14383824516754906 0.1714590036930293 1
0.1882809835788138 0.14384044059992285 0.17145652069178038 1
0.1882842180872397 0.1438360747350846 0.17146391848041787 1
0.18828260615948633 0.14383680967139484 0.1714625064123971 1
0.18828299033097337 0.14383716739776042 0.17146006927530746 1
0.18828239398805816 0.14383783724349175 0.17146256197951049 1
0.18828357104450955 0.14383706847424704 0.17146207990212423 1
0.18828642670454498 0.14383719446370496 0.17145890137960867 1
0.18828189170588983 0.14383893263868025 0.1714608255314778 1
0.18828439928745616 0.14383655509418203 0.17146322992614516 1
0.18828660052481958 0.14383668015772916 0.17146065283534517 1
0.1882847632085598 0.14383762615461515 0.17145975193780388 1
0.188282200431371 0.1438384876608928 0.17146501051558832 1
0.1884020147056147 0.1396087793865042 0.17194968756743648 1
0.18911552767705192 0.11812933263088238 0.17181366559151764 1
0.18923366920918044 0.09800946074683817 0.17176818095177587 1
0.19000606333203093 0.09043846555182265 0.17134524513391086 1
0.19050357416728547 0.09917805186468938 0.17083544547559965 1
0.19080594241552892 0.11908839417180972 0.17069552543949862 1
0.19022398506610552 0.14241269588528443 0.17109352574790265 1
0.18965547361262086 0.14856550020606418 0.17142869289031376 1
0.189368113314499 0.14829774890048147 0.17187652865483188 1
0.18945489508111207 0.1481889189362784 0.17183633343414656 1
0.18956493769847668 0.1480585724033625 0.1717666072345761 1
0.18660541414117002 0.14100224338741937 0.17152397015976806 1
0.1859586102518323 0.13799053888298501 0.17135809918716022 1
0.1948463776176287 0.13015264852203623 0.17144509865929267 1
0.21516841612584733 0.13012909276173973 0.1718675228451076 1
0.23747272640343717 0.13274554476291395 0.1720127238509762 1
0.25733312348383364 0.13463321687015017 0.1717842447291565 1
0.277133081222886 0.13474437088046404 0.1722450238452281 1
0.2755894269314397 0.14228617343343353 0.17144286811960724 1
0.27338885450738265 0.16375789061714147 0.1717661235720583 1
0.27298081950240327 0.18398122331487712 0.1714990380844697 1
0.2680513132217282 0.20502315581790836 0.17148898896065598 1
0.26472253377662464 0.20846889857168585 0.17149709496721896 1
0.24718916417153058 0.20569618167017034 0.1714055328144858 1
0.22551570825324344 0.197373381044318 0.17159698203222107 1
0.2065716501973646 0.20097422252173097 0.17165224722531736 1
0.20178760395712214 0.21283707949359496 0.1714185642845962 1
0.20193142058800823 0.212644773073979 0.17162295985747064 1
0.201969326535066 0.21264135070007018 0.1717712743999653 1
0.20204727787467788 0.2126032783215454 0.1717161604490675 1
0.20207425336961196 0.2125902437540736 0.17168351499988388 1
0.21386124559515132 0.21568260622219126 0.17186969248834638 1
0.23348359995143986 0.218402866954503 0.17200327070902688 1
0.2567826633614316 0.22139133058292643 0.17175489430517366 1
0.27911745763237955 0.22420330004753855 0.17162678101639978 1
0.2929425640608102 0.2239879889826339 0.17133628589176692 1
0.2942256447572409 0.22387736030036498 0.1712248809249988 1
0.2935993400263578 0.22378538380214041 0.17158094801508805 1
0.2937926655466648 0.22345142593408412 0.17169704274480685 1
0.29361363698214443 0.22332781870932827 0.17170109666570155 1
0.2941444568408966 0.22329876086030787 0.17152381271886008 1
0.2937357600292211 0.2234444961165958 0.17134567625267272 1
0.2934716428326744 0.22362153490299863 0.1713652536233106 1
0.293627654101199 0.22329987511429744 0.1714959100212377 1
0.29379615985587915 0.22313033015495848 0.171552709387934 1
0.29414532366259033 0.222716285924125 0.17125965350328984 1
0.29219060402420877 0.22254111951644048 0.17134408593358216 1
0.273796467659208 0.21324270039343662 0.17154954770973185 1
0.2525188998594376 0.20207177563886497 0.17134571597721499 1
0.2315083665582971 0.19091804100735182 0.17225814163684797 1
0.21229258732192566 0.1829662076236908 0.17228679700734187 1
0.19237112235717754 0.17895227948079032 0.17195792873775317 1
0.1700206771155447 0.1769594996512538 0.17184885532493716 1
0.1576177852536396 0.17897690901478103 0.1716871987566351 1
0.1570980610957992 0.1791371743066476 0.1717029254730936 1
0.15712958555898207 0.17914465916237293 0.17172618193878142 1
0.15715426853251968 0.17914982626089637 0.17173644132317337 1
0.15717713531294528 0.17915511175107107 0.17174481370439773 1
0.1572017280486509 0.17916385684823777 0.17172985397640353 1
0.15732030566630167 0.17915567892900797 0.17163384368704648 1
0.1573843931140438 0.17916901737613322 0.17156395159916135 1
0.15732910811040232 0.1792210178795231 0.1715711470944074 1
0.15732065796630518 0.17922875401830285 0.1715722409564745 1
0.15732018713404772 0.17922903973955084 0.17157688026525755 1
0.15791930684118957 0.1793470438590082 0.1718510727221126 1
0.15762861716429571 0.17922743890587634 0.1718646268695569 1
0.15711863548774802 0.17933209771546224 0.17116310199689513 1
0.15819662738804455 0.18884565357143024 0.17141060552180554 1
0.15816890224461588 0.21116411804258012 0.17153295205758093 1
0.15771110807097385 0.23164212835202588 0.17162952244141677 1
0.1569348331791423 0.25429861257443775 0.17153096568460824 1
0.15667843852725694 0.2648757998763316 0.17170767570323373 1
0.1564009854468027 0.26529282723773817 0.17174787860680446 1
0.15363998660375694 0.27458413632110584 0.17178764818085174 1
0.14837738274556928 0.2935582767372783 0.1710525799219218 1
0.14621626176891755 0.2998928975916931 0.17141157803645002 1
0.1459717514097776 0.2999929239813281 0.17143949820678867 1
0.14583711033276658 0.300345396749297 0.17180724651955587 1
0.14002940035093386 0.3136895787196333 0.17134196562892964 1
0.13732215740254053 0.3196337327386103 0.1714652965076036 1
0.13661843190707593 0.31996748480954396 0.17161892091740175 1
0.1366484826391885 0.3199679658804596 0.17167150046802152 1
0.13675616635970772 0.3199265751533791 0.1716722016257188 1
0.1369692448014999 0.31983682728995805 0.17167107845374363 1
0.137592999563607 0.31959869513914063 0.1639659279446468 1
0.1380367081291918 0.31924309620003916 0.14239796446974518 1
0.13812870111657405 0.31947431114848523 0.1369920307395771 1
0.13806917082144948 0.3198235635540704 0.13322276633032545 1
0.13762007886973093 0.31958793341380864 0.11560396602425607 1
0.13739053621704422 0.31975694734535276 0.11419025696100082 1
0.13743736903255555 0.3197611976914838 0.11416763092768095 1
0.13746474438867562 0.3197630543215223 0.11415133732319305 1
0.13750095622647454 0.3197618128007065 0.11413275522549592 1
0.1375180549500401 0.3197604696142594 0.11411462663154102 1
0.13750496881009666 0.31974726366623835 0.11411544292611925 1
0.13649358621542917 0.3198623447772193 0.1140944005982911 1
0.13658431997610038 0.3196945480490835 0.11405416617847419 1
0.1371343721867559 0.3196222422424969 0.11418141013164695 1
0.13746768917762986 0.319505848043013 0.11417753283629788 1
0.13753815056519555 0.3195474127115582 0.11417449106926486 1
0.1376305314691208 0.31961041819737496 0.11418041397221095 1
0.1376228841529353 0.31961387163726573 0.11417935323297043 1
0.13761213850724785 0.31962150187050864 0.11417587205192004 1
0.13759445559823363 0.31962510174119285 0.1141743122506304 1
0.13757898854564168 0.31963039705725943 0.11417089681523811 1
0.13756476094071193 0.31963396303349484 0.11417626335231709 1
0.13754905649813964 0.319638983919455 0.11417178713976603 1
0.13753976921905697 0.31964096425901534 0.11417269716135657 1
0.13752642294264156 0.31964272325506404 0.1141726178375313 1
0.13751447889186127 0.3196465525483484 0.11417046881435278 1
0.13750708596338762 0.31964849013785845 0.1141723052947669 1
0.13749622880371676 0.3196515647073891 0.11416818817304786 1
0.13749420963524903 0.31965046679718756 0.11416965941905545 0
0.13749028262209592 0.31965030629381685 0.11417197637363391 0
0.13744013528835994 0.31966320276666105 0.11417098766313011 0
0.13743602645669759 0.3196724045827475 0.11415511557977871 0
0.13745288070835396 0.31966507573454367 0.11418658572510222 0
0.13809179048476025 0.31476899755321863 0.11458535576219704 0
0.143599511177817 0.29318186086214015 0.11442860696335753 0
0.1472951607769201 0.2782722469989722 0.11452106900993536 0
0.14805142247421557 0.27678047244168524 0.11427324465788812 0
0.1479945766239394 0.2767118939314601 0.11431684108277353 0
0.14789881832830162 0.27679007105544406 0.11431107657531521 0
0.14776118003141253 0.2768869141346436 0.1143048107244444 0
0.1477000841078345 0.2769429507493575 0.11429478210465892 0
0.14747373280864254 0.2770819407167413 0.11429504574188824 0
0.14742336138652973 0.2771166615943501 0.11429433816672815 0
0.14742300978951434 0.2771203440439812 0.11429211653554402 0
0.14742722908342465 0.2771233969980602 0.11429615901242084 0
0.14743580787610455 0.2771235851460274 0.11429345557773862 0
0.147439861088061 0.2771255717026198 0.11428975630085657 0
0.14744299781616282 0.2771257570787049 0.11428936920436161 0
0.14745044405010058 0.2771266879999655 0.11428888983488843 0
0.14744747389929586 0.2771261854741526 0.1142889939276067 0
0.14756965714807146 0.277146636072105 0.11424098563999543 0
0.14764897918024134 0.27714259535816976 0.11429258629673342 0
0.14761897886259195 0.2771195254898253 0.11439477973385745 0
0.14758325347991755 0.2771228510413768 0.11439519249293137 0
0.14757600270044507 0.27754537110134714 0.13004674240752637 0
0.14738602618602004 0.2774250631833273 0.14734857450675393 0
0.1474068445964937 0.27744852539282294 0.14863015457044704 0
0.14709637629688604 0.2772912578721055 0.15515009080567982 0
0.14710320810397284 0.27732551957678614 0.1740945031547958 0
0.147207714550503 0.2771976024819003 0.19709303757409727 0
0.14692845881539224 0.2770674119882558 0.21942794350748815 0
0.147004147479103 0.27698665565294567 0.2365109823860441 0
0.1469248736982651 0.2770231080347794 0.23759761877499347 0
0.1469420090100596 0.27708635765756734 0.23728808861794914 0
0.14698124367373047 0.2770717457485036 0.23745218910261223 0
0.14707060862324445 0.2770100663401276 0.23782119819246234 0
0.147234946549299 0.2770658043977189 0.23778688950409416 0
0.14744419967871703 0.2771401105073923 0.23775059701845783 0
0.1474651958868427 0.27715349620800606 0.23772908885926797 0
0.1474649606485478 0.27715625106312186 0.23771800203895305 0
0.14746105642785154 0.2771565238961846 0.23770436667590222 0
0.14745749428336552 0.2771594232852991 0.237697791152032 0
0.14745625093109133 0.27716144576542895 0.237688541150733 0
0.14745138026344068 0.2771622947132919 0.2376856044209408 0
0.14759917599264274 0.2773371457221034 0.23751686414282508 0
0.14715702226446364 0.27714145948076896 0.23781654856129714 0
0.14713648656246678 0.2772104921837909 0.23728788685938462 0
0.1471379874901949 0.2771975745047246 0.23731346987477053 0
0.14749876460717007 0.2771212339231741 0.23746131281667793 0
0.14763023893446925 0.2771549799095305 0.23748660770469932 0
0.14762964619314375 0.2771628100247997 0.2374881441167767 0
0.14762920570656163 0.277163759485407 0.23749432796598996 0
0.15039928816828013 0.27668659500444975 0.23733833753943315 0
0.16448807880898872 0.2740161402062302 0.23747494150780107 0
0.18399482204876352 0.27442271501302373 0.23733567568816655 0
0.2062153544469948 0.2783632420651917 0.23806661076499983 0
0.22494077148491243 0.27342074357518575 0.2374069466645112 0
0.23373173518441656 0.25255727279069307 0.23752440116793883 0
0.23785963928571383 0.22964107044699292 0.23755882589782135 0
0.24117877216892017 0.2070998397699053 0.2374162242948564 0
0.24479115574243576 0.18455538207871608 0.23741127389672642 0
0.2517657650781655 0.16228977917974594 0.23764075306658997 0
0.26704111167400996 0.14950627019285395 0.23721802356406332 0
0.2869258880556108 0.14381186091528725 0.2373099563083596 0
0.3069164963350536 0.13912015409230644 0.2374329140854667 0
0.3237508576072527 0.1233938353018028 0.23777014588507053 0
0.33202910544566516 0.1037932340919771 0.23743317814791154 0
0.34046655251679003 0.08130987630096492 0.23734842756545727 0
0.3478382663536835 0.058640262639701346 0.2373980509544338 0
0.3538772352563234 0.03851357432516184 0.23729438285583015 0
0.3608156185891254 0.016042140887956316 0.23723683170220633 0
0.37244518603234145 -0.004222999204415351 0.23716050610033482 0
0.39152486753973254 -0.0180180891056953 0.23675839513041602 0
0.3986564848392134 -0.03663137924830215 0.23718536088371656 0
0.39928332762849805 -0.04575682748337154 0.23754533858882562 0
0.4107927138563579 -0.04721520457819761 0.23657667587412085 0
0.4294187284340476 -0.046828618597080235 0.23638816648679034 0
0.43929866209924967 -0.04932178387465855 0.23621967581464223 0
0.43946208966103917 -0.04935276106976333 0.2371581916304969 0
0.4394462201763275 -0.04934158808934283 0.23773572124171707 0
0.4393719804545371 -0.04930883022463378 0.23736573911434655 0
0.4393340412201399 -0.049287136361521905 0.23714440610425142 0
0.4393089542088472 -0.04925493698018149 0.2370711000234292 0
0.4395858561883261 -0.048902718513009424 0.23740673920927505 0
0.44040262239564737 -0.04872793779715909 0.23705756087899876 0
0.4403775661492367 -0.049093740112069004 0.23670009429444266 0
0.43978541709732977 -0.049070956990036635 0.23740488139497892 0
0.43996588066106407 -0.04961043077532731 0.23717435738941547 0
0.439795899383029 -0.049975867871254576 0.23700060711316898 0
0.4399210973304128 -0.050256647814254346 0.23707228984596673 0
0.43985110309746117 -0.050112496365753406 0.237036272174499 0
0.43975665123396573 -0.04978428909438107 0.23116138197081362 0
0.44019988888340567 -0.04988035446585293 0.21099531435931065 0
0.4399519221440794 -0.04940081922571288 0.18790177334159114 0
0.4394199955173119 -0.049299348670347826 0.16782939255594637 0
0.43781955969905534 -0.048359768793394126 0.15336842070928208 0
0.43699304177569437 -0.048020270184332664 0.152884851337029 0
0.43694019929415484 -0.04725294589722054 0.15291925517587687 0
0.4365288433282258 -0.04712329506846302 0.15219981473909006 0
0.43632666467562403 -0.04716561122235505 0.15211016154575976 0
0.4337636019704731 -0.04608795542992383 0.15158035432097453 0
0.4297892007537765 -0.04317125743246514 0.15372699626801228 0
0.4284925368340895 -0.03957601450319956 0.1543444302265871 0
0.4344170431610969 -0.025950922563155593 0.153307637170147 0
0.4381459822736618 -0.009895440496582808 0.1530783666813843 0
0.44129741325811356 0.013573788941596568 0.1528723200187731 0
0.451274751217862 0.012333330332955972 0.1499907259556261 0
0.4497148579941667 -0.0008359925686441949 0.15328073991479615 0
0.4451053973239956 -0.014106731116455468 0.15603180658272026 0
0.43945187466831837 -0.018886420986244573 0.1565069705332902 0
0.4354501110954364 -0.017103127213244695 0.15796999515047683 0
0.4326694817081225 -0.014683692901385936 0.158364864198924 0
0.43252324806938847 -0.014312003927746147 0.15891693610682833 0
0.4324720369588768 -0.01385237041238832 0.15867318778352835 0
0.4315510777290851 -0.013787720468096093 0.15703606463311057 0
0.43067062427581687 -0.013474469995864713 0.15581838823440974 0
0.43048863037783014 -0.012865638064828655 0.15445009349674105 0
0.43209573681918717 -0.01306054415265731 0.16556853532285604 0
0.4330280015876294 -0.013743380510506858 0.1795915841384572 0
0.43493711517834033 -0.014382047919185459 0.20105401589221686 0
0.43480449308037894 -0.015235685624178735 0.2083883309527607 0
0.4348879109292363 -0.015240271478605627 0.20858451250984816 0
0.43496742997204824 -0.015244661698673723 0.208588612239262 0
0.4356789184251129 -0.01532276131716409 0.2094775934751783 0
0.43640594807284616 -0.015840155126209343 0.20882918987611404 0
0.4369353958163369 -0.016261868921740502 0.20817593998786274 0
0.4366058946679738 -0.016235128691913875 0.2075065299292908 0
0.4344281545819102 -0.01598799912679369 0.20790532972648845 0
0.43305666453187597 -0.014520446662357828 0.2086115803214817 0
0.43237963903742005 -0.013633735363987015 0.20904936215347023 0
0.43180390273633673 -0.013476524818747782 0.20888191125393019 0
0.431859160518726 -0.013461183176267738 0.20889862832847333 0
0.43231139804422775 -0.013479693959792732 0.2150559588413903 0
0.43293607679536955 -0.012875731550907099 0.23637889174480142 0
0.4329481118525135 -0.01283418285770746 0.2577319328079995 0
0.4327707190237081 -0.012981973717620832 0.26481040538851974 0
0.43274768905437827 -0.01381207287681921 0.25116196761502113 0
0.43251895677619684 -0.014693232068655582 0.2300403390081242 0
0.43196510490706613 -0.014125458464325336 0.21127748438265978 0
0.4313263937900428 -0.013216819845802308 0.1929609776045486 0
0.430058634878242 -0.013449556415841196 0.19154411444411146 0
0.42269053771945153 -0.019806528594036893 0.19187569295923904 0
0.4023595825375473 -0.03235575343884903 0.19213395214295573 0
0.3809387424670285 -0.04458377966024074 0.19167563586197034 0
0.3624767494477234 -0.055630668001185185 0.19189946482063883 0
0.3426455863646122 -0.06997915100889518 0.19181167191511014 0
0.3251750508133872 -0.08696506321688321 0.1922144506241901 0
0.3118497656338715 -0.10729499647388493 0.19198904258377222 0
0.30336868454740223 -0.12638477052937558 0.1919408781528703 0
0.29729070960097204 -0.14614232599159765 0.19210161911384785 0
0.2973559720713187 -0.15953245066660807 0.19129385553766162 0
0.2983207629453755 -0.15906651597403482 0.19192808568873979 0
0.2985289663305999 -0.15885146951535709 0.1921468834879403 0
0.2982552992511925 -0.15828773701788088 0.18084207158504348 0
0.29801210146296386 -0.15726428316699012 0.15937104639237354 0
0.2971668917795567 -0.15606528889857893 0.13954461130957213 0
0.29600105253860637 -0.15434837883422964 0.12178122994427626 0
0.2946381730356594 -0.15348289514789037 0.11222996349818044 0
0.2951053070888232 -0.15338885975400696 0.11189554347731846 0
0.2945097190220944 -0.15358638857009507 0.11148608331716042 0
0.28455392363061854 -0.1588157907765309 0.11017845568681185 0
0.2705855489208317 -0.16281226319538425 0.10942893228722587 0
0.26383337733121276 -0.16453526999125906 0.10918460670359571 0
0.2642844095042623 -0.16430543934413475 0.1092043362898919 0
0.26428169299122606 -0.16428576568007874 0.10921227135355474 0
0.2642640939119493 -0.16429340697371486 0.10921973343142287 0
0.264253962466797 -0.1643098154377879 0.10924849075688076 0
0.2644066218290614 -0.16330930230673327 0.10919233604494723 0
0.26367376680633914 -0.16334088172913078 0.10949028836978658 0
0.26356568888301646 -0.16346734138151897 0.10932689491171405 0
0.26371507269617556 -0.16472854831282593 0.10942374808697353 0
0.2648902598336237 -0.1649039944755932 0.10940905594922329 0
0.2649214242016503 -0.16496981712051578 0.1092416518319222 0
0.26492185126136153 -0.16497064460726824 0.10924832451754804 0
0.26492362634856464 -0.16496570597336996 0.10925424439371419 0
0.2649231680993565 -0.16495861167511425 0.10925468203055541 0
0.2649205577061552 -0.16495901648638975 0.10925651395484565 0
0.2649194448659007 -0.1649589282627925 0.10925873882973886 0
0.26491562088918974 -0.164958095420677 0.10925890358185116 0
0.2649141573736951 -0.16495762343493706 0.1092577702113384 0
0.2649140245452334 -0.16495482489879465 0.10925932265253177 0
0.2649109197612768 -0.1649534672837114 0.10925893489694202 0
0.2649072119561583 -0.16495516648114755 0.10925861180209008 0
0.2649110634334382 -0.16495045221823823 0.10925881569952438 0
0.2649093954734093 -0.1649489280829498 0.10925790703998615 0
0.26490744917980474 -0.16494790104769147 0.10925754226474703 0
0.2649090234204823 -0.16494846749205744 0.10925867730378573 0
0.264907271787371 -0.1649480576977773 0.10925962540038558 0
0.2649187110631173 -0.16494861062949387 0.1092725639321428 0
0.265940984099626 -0.16521734881129577 0.10939971978986647 0
0.26609740196088594 -0.16517956951627655 0.10961006802485264 0
0.2659310493141129 -0.16541449115761483 0.10977381819301073 0
0.26548523932424206 -0.1655850368490361 0.10945632195941417 0
0.26487800630247915 -0.16512811280385592 0.10938806632859951 0
0.2639723139791116 -0.16455379100420717 0.10918206391689793 0
0.26354779082318774 -0.1642838434443565 0.10908706075102406 0
0.2636051556463154 -0.16396060760670209 0.10914295406740283 0
0.2636485163203198 -0.16389581393437763 0.109145302122306 0
0.2636595342996579 -0.1638882564607293 0.10914921403019333 0
0.2636198876153259 -0.16384139125675848 0.10913840049834356 0
0.26365549104870556 -0.16368010065582753 0.10888412478856294 0
0.26369208774284536 -0.16350186535792388 0.10908181630915849 0
0.26346505563381645 -0.16342526726138817 0.10925003467936814 0
0.2632346619469945 -0.16332575519065784 0.10908771102419662 0
0.2632117783916736 -0.16326977506050672 0.10928080432625085 0
0.2631739216097054 -0.16322278814062746 0.10923505859423616 0
0.26313620606252675 -0.16319109208531252 0.10934441973660937 0
0.2629480436961556 -0.16320586073948642 0.10927164528769702 0
0.2628740705607485 -0.16322901069920528 0.1091569868416489 0
0.2629342516013152 -0.1632106901757592 0.10913607262141566 0
0.26297723682517715 -0.16319834548690462 0.10912827670015819 0
0.26301783707306226 -0.1632027788437324 0.10916005977708314 0
0.2630204262531495 -0.16319300862284317 0.1091491034310483 0
0.26297164491706476 -0.1631248453114146 0.1091286693662229 0
0.26296381955545256 -0.16312142384169334 0.10912760006774387 0
0.2629593104681332 -0.1631239555994801 0.10912482575826261 0
0.26295930477229884 -0.1631196642505111 0.10912369916111607 0
0.2629573167849359 -0.16312606776716893 0.10912938539384015 0
0.2629582459126873 -0.16312779164372132 0.10913569024013105 0
0.263038622514879 -0.16318039799613915 0.10930357436517422 0
0.2630379604798844 -0.1631797596117405 0.10930155407554125 0
0.26303599671244243 -0.1631790483489017 0.10929918440801101 0
0.2630281603026216 -0.16317805570048044 0.10929640904056727 0
0.2630281549213031 -0.1631758111092111 0.10929713268676401 0
0.26303079923658756 -0.16317433924082073 0.10929116175949655 0
0.26302766644490483 -0.16317456918787515 0.10929216281585605 0
0.2630284342798395 -0.16317405792065776 0.10928962790399992 0
0.2630253143095313 -0.16317366637433134 0.10929138082703503 0
0.26302685502423884 -0.16317128392740235 0.10929120332843488 0
0.2630273641358892 -0.16317306333042134 0.10929101891985503 0
0.2630280731983523 -0.16317022168911294 0.10929191296682972 0
0.263027934743355 -0.16317124820996717 0.10929114223084109 0
0.2630264372019323 -0.16317317581562515 0.10928918891881287 0
0.26302648542751067 -0.16317086119397714 0.10928935041447183 0
0.26302504190706655 -0.163171751089924 0.10929042866258981 0
0.26302403313869144 -0.16317117219555943 0.10928747039853218 0
0.26302244260714586 -0.16317106738615342 0.10928946738092463 0
0.2630230431242407 -0.1631707420889906 0.10928733438782913 0
0.26302503547031175 -0.1631698089626472 0.1092869910126042 0
0.2629252615314589 -0.16236107523415338 0.10860211989300005 0
0.2637033957782558 -0.1626998159473145 0.10904282592478276 0
0.26332615862060954 -0.16277797399667282 0.10899309586762812 0
0.2631635696375644 -0.16283275682447212 0.10899694822422396 0
0.2708251466811911 -0.1637779486233072 0.10916380622696183 0
0.2827346525676506 -0.16140390747965389 0.10954503511514548 0
0.2834359851007839 -0.16152907749427353 0.10962046421564774 0
0.28382697332580137 -0.16144569300889544 0.10939280575388273 0
0.28264157895533043 -0.16126398763418248 0.10870905215110191 0
0.282176190354332 -0.16073425492014082 0.10825355533015683 0
0.2821101954693083 -0.16010405815199438 0.1084076794566137 0
0.28088390993137635 -0.15954091203303217 0.10818934988532396 0
0.2805228106987198 -0.15920744543277934 0.1081419355972469 0
0.2804855589135725 -0.15904440244366494 0.10817383356072695 0
0.2804976957221852 -0.15901701010966024 0.1081550139807286 0
0.28061954836206066 -0.15879549130174675 0.10792120847807865 0
0.2798992084370508 -0.15876189931328347 0.10807017650745959 0
0.28025706544076706 -0.15857493982146614 0.10778903521477726 0
0.28021498513370974 -0.1585598353598085 0.10781982765933042 0
0.28014834717019754 -0.15854831408529188 0.10786392184140865 0
0.2796670997094563 -0.15857765004451305 0.10812401184698814 0
0.279669078682785 -0.1584774976744204 0.1080763310395636 0
0.2797537110096565 -0.15845715403784352 0.10803244898438065 0
0.2802555901050891 -0.1583820843183099 0.10776892258741101 0
0.28021301054105313 -0.15838453463945318 0.10780055561404661 0
0.28014196533110697 -0.15839728889483756 0.1078375844688038 0
0.27964924229419624 -0.15846768783285783 0.10810789446859947 0
0.27970000990743427 -0.1584579931098211 0.10808009572496691 0
0.2797703362858513 -0.15845298619701864 0.1080430916359 0
0.28027083587871643 -0.15839244185396295 0.10777681400979475 0
0.28022156119770736 -0.15839969928758496 0.10780524785096965 0
0.28014796218586757 -0.15840883886748094 0.10784598995707877 0
0.2796535684106037 -0.15847628169668795 0.1081129943700331 0
0.2797118485614973 -0.15847009369613674 0.10808087539169049 0
0.2798007328246598 -0.15845780492669923 0.10803765955206847 0
0.2802781666477465 -0.15839945457050392 0.1077812452657546 0
0.28021645406509055 -0.1584102710252259 0.10780986866050446 0
0.2801154338847006 -0.15842132408024973 0.10786687083406235 0
0.2796735494931082 -0.15848026086283068 0.10810468121151855 0
0.2797276132982766 -0.1584731345593966 0.10807654541580322 0
0.2800209933785983 -0.15843762514628976 0.10791696763205501 0
0.2802595711899985 -0.1584086631715845 0.10778774066114487 0
0.28019587347616937 -0.1584163795511069 0.10782636299038646 0
0.27964341868855414 -0.15848512527163475 0.1081228826741099 0
0.2796934536741223 -0.15848169076237173 0.10809821334741394 0
