0.4387453338766899 0.1933820298613088 0.44768547879347226 1
0.4387440155802685 0.19338227397351798 0.4476856167614148 1
0.4387468497570489 0.19338120458373265 0.4476873514300236 1
0.4464936324854698 0.19326182857994334 0.4473443182303719 1
0.4655463352125778 0.19150162779853236 0.4461433532033069 1
0.4783010601239755 0.18858762574248605 0.44724003254538386 1
0.4788910221050793 0.18846745644274787 0.4479188521860637 1
0.46567189688248545 0.1863433047021661 0.4500793631357037 1
0.44320618409536905 0.1813039455186184 0.44917828338090615 1
0.43309873002965815 0.1793903046870141 0.448149921619935 1
0.4325677781678119 0.17899073650073288 0.4464285163778912 1
0.43237706603270437 0.1794780692142101 0.43136437475242534 1
0.432579723662437 0.17937370362114743 0.40902712176879347 1
0.4325002310184595 0.17936790393385843 0.3862715523014364 1
0.4325211228283608 0.1793365590080533 0.36634927986679683 1
0.432650595581513 0.17927629578936835 0.34629137641373386 1
0.432624492047493 0.1793049814894224 0.32385204345052987 1
0.43267236364889156 0.1793161617325209 0.301292963710568 1
0.43263606716651326 0.17928096771889102 0.2789157545014293 1
0.4323947903490658 0.1794144443046011 0.25627363123893154 1
0.4324414217551909 0.17931235175747068 0.23377492828269408 1
0.4316775036650504 0.17940284640817886 0.2131030775397999 1
0.4317609055041508 0.17940846705322666 0.19081812368306383 1
0.4319300283567235 0.1793932129331761 0.1708068545894824 1
0.43236747884352844 0.17961855053458514 0.1492101614026962 1
0.4322905625364543 0.17925395444193365 0.12902107435422464 1
0.4322074069706362 0.17937395253907065 0.11364549184787626 1
0.4323215912858494 0.1794164947713549 0.11309264656635663 1
0.43210700814159314 0.1794284763363753 0.0986190777620862 1
0.4326586636575241 0.17942399586631635 0.09351677756325955 1
0.43265367911753916 0.17941745290295547 0.09337718348553738 1
0.43231356465829396 0.1795001486909662 0.093205706430811 1
0.4321359111387103 0.17953994482265234 0.09310729266133852 1
0.430932206984208 0.17952261665876512 0.09260805067195925 1
0.42183509802555186 0.17819730439988346 0.09316023878419484 1
0.4094472946210038 0.17464099407934452 0.09332731552281515 1
0.3943054273339021 0.17018218438633625 0.09318148079813354 1
0.3787967300928281 0.1655756361376537 0.09344306264252192 1
0.36393724560770074 0.16140305061321608 0.09358815067118431 1
0.349208504589026 0.15825214826094472 0.09384326529243575 1
0.33420870683078074 0.1554352222917891 0.09360326274066538 1
0.3210483617425189 0.1530569428757886 0.0936787344610936 1
0.30617424093904305 0.1504009233988804 0.09375730955734483 1
0.2918485841084917 0.1475181352167484 0.09378700631677143 1
0.2785401871029085 0.14525410108387404 0.0932623577005761 1
0.26638656430675123 0.14339860798543846 0.09342150561281205 1
0.2581027802630946 0.1431896390837374 0.09349979843682034 1
0.25516419114716027 0.14325744693152437 0.09375182577139753 1
0.25505166698897935 0.14329228654512438 0.0935559437130858 1
0.25509628621703795 0.14328791167523247 0.09354289052889263 1
0.25512074538729435 0.1432858303538716 0.09353711199209273 1
0.25513124943242704 0.1432923169528703 0.09353526829596473 1
0.25513889494871134 0.14329699509500798 0.09353240838613612 1
0.25514686273550724 0.14330259895381622 0.09352301116872296 1
0.2551498580748459 0.14331398707764953 0.0935246950501184 1
0.2551473243753726 0.14332348792648314 0.09352345123072617 1
0.2551484066381085 0.14333153621836378 0.09351995097158228 1
0.25514246404218854 0.14333884176491257 0.09352298461962177 1
0.25523986740121074 0.14331585617708997 0.09349902650113112 1
0.2555452877768193 0.1436034725192544 0.0933286537208314 1
0.25535525856399494 0.14376001513006953 0.09325928926007099 1
0.2553960378987149 0.1435287709616312 0.09329451084684647 1
0.2548450187765734 0.143533576636818 0.09397523725914472 1
0.2550656584797504 0.14333604218154045 0.09361688593274872 1
0.256033617329139 0.15224893661291197 0.0933554046982731 1
0.2547313180571872 0.17147399279791858 0.09317037637580244 1
0.25399548106552106 0.1848723241184544 0.09338997258279388 1
0.25321371014815575 0.18784179867145268 0.093664650640099 1
0.25360965572946065 0.19632722350669357 0.09347937134097913 1
0.2538326832214633 0.2067743230028763 0.09354637299385522 1
0.25346710116581284 0.20789498565340478 0.09327804955582933 1
0.25337023593206964 0.20794165864998154 0.09330960292000037 1
0.25331582432484706 0.2079185862902594 0.0933486768313443 1
0.25301627987245273 0.20777289795575482 0.09358926725753389 1
0.25325995884757535 0.20753044826489608 0.09355731045290525 1
0.2580364436197022 0.21050282772338585 0.09402678193893163 1
0.27198852527024847 0.2115389085098146 0.09346133930315523 1
0.27314523083868114 0.2119872794685702 0.09315750293692406 1
0.27346069471027856 0.21196605052248446 0.09320240060332788 1
0.27346889272873154 0.21253532320879953 0.09381651279915362 1
0.273702689046379 0.22205578141751667 0.09324278891064476 1
0.27354003395984366 0.22389283547984984 0.09337346712691164 1
0.2747259283134723 0.2360011546050719 0.09339992192202708 1
0.27536483203437606 0.24015301114532317 0.09347897628165927 1
0.2762171727571357 0.2481425000371993 0.09305779629703274 1
0.2767254446372478 0.25389245356568696 0.09317727253238181 1
0.276537724519885 0.26158503710566244 0.09310564787659095 1
0.2766500298625237 0.27118698089334764 0.0936431716244021 1
0.2767436958934942 0.27684276841935435 0.09347643426759973 1
0.27688038055613284 0.28045631419199274 0.09359959155645346 1
0.27686090962835647 0.28338765915167097 0.09294267861831282 1
0.2766657518442476 0.2886420998440401 0.09350228442106386 1
0.27687406095345923 0.2947352180643965 0.09337794906150176 1
0.27683599313723684 0.2991572507171649 0.09314707366482729 1
0.27650004961260144 0.30146479861072295 0.09361538602397353 1
0.27710608863993935 0.30135964336752397 0.09349581679173875 1
0.27706513968508484 0.3013723427654419 0.09345231200942104 1
0.27703666862442644 0.3013815451634686 0.09343659981058308 1
0.2770170366391594 0.3013847419160853 0.0934230368124944 1
0.277005404752919 0.30138394375181154 0.09342029283258532 0
0.2763943030228683 0.3015785920232023 0.09345406973988808 0
0.276774822531161 0.3014566059563843 0.09338390553675212 0
0.27706437265881184 0.3013595501523876 0.0933407159673233 0
0.27705128813929525 0.30136369508847066 0.09338943355667319 0
0.27704113834655447 0.3013678913970763 0.09346349100753107 0
0.2770480989513349 0.30138021428868184 0.09350823870674671 0
0.2771886015743026 0.30141859019955664 0.09361121118518849 0
0.2771787071586334 0.30142939268227564 0.09361800848761241 0
0.2771717957677208 0.3014260200897831 0.09359439633756761 0
0.27716354657536557 0.3014246774855259 0.09358501287022497 0
0.27715133467118636 0.3014217211262866 0.0935757553477692 0
0.2771353075683136 0.30142207082716616 0.09357008451660806 0
0.27278791298304067 0.30092666107682553 0.09377697941127122 0
0.25339155602489954 0.2979549770416408 0.09367980190300564 0
0.2454731926556057 0.29760280730366906 0.09343174818660298 0
0.24609957447890354 0.29755155820854606 0.09296675533568027 0
0.2540520955304491 0.2978859247005269 0.09327046425197687 0
0.2560282057772569 0.29777647119102885 0.09324116333079206 0
0.25625308634386684 0.2978789487473292 0.09348802272397017 0
0.25691813632551735 0.29783736378985726 0.0935664677746444 0
0.2567204868770903 0.2975834890543176 0.09323787902853986 0
0.2570348402761533 0.29727048573658466 0.09340367329391101 0
0.2570489324932813 0.2971791618901937 0.09356836139360496 0
0.2567277463377662 0.2972882573921324 0.09332455126037123 0
0.2562462869355034 0.29759765676539657 0.0934493110459905 0
0.2563864265571578 0.29759455089262843 0.0935998459658806 0
0.2566085991017273 0.2974967319071627 0.09349698570872687 0
0.25646491490050205 0.2974600461851603 0.09325071988764769 0
0.25646785063361 0.2974647612406659 0.09328646140173995 0
0.25645988962401645 0.2974695688182094 0.09331826639639779 0
0.2566880563977242 0.2973755625381751 0.0935075444351272 0
0.2562879034090458 0.29757289899753026 0.09346634929257522 0
0.2566341690545839 0.29737403609095553 0.09352835528683344 0
0.2565700434672716 0.29738740137033975 0.09339536525524579 0
0.25657628965314416 0.2973864751541525 0.09341542576464669 0
0.2565574578107455 0.2973999728276293 0.09343212992345695 0
0.25653660796734135 0.2974204613017353 0.09344711352711853 0
0.25154846446838136 0.2977294408904974 0.09358772176637267 0
0.24179375327675517 0.2976668289714356 0.09337042674400371 0
0.23833256071316236 0.29753242756104636 0.0932601953210559 0
0.24347878313703802 0.2980270542203664 0.09310883021891114 0
0.258884692008132 0.2977794467433136 0.09315774395708572 0
0.2613089331669275 0.29760779119030933 0.09320035018897269 0
0.2626233902436433 0.2973909682798387 0.09374963691332884 0
0.2627268235419963 0.29708704358167504 0.09359519114936694 0
0.261730591063722 0.2975145446367501 0.09340443466720609 0
0.2613918018968392 0.29745774992973645 0.09345134153550058 0
0.2617539695537262 0.29742944636345336 0.09339135090378703 0
0.2613483275888431 0.2974931395243876 0.09338359256298229 0
0.26175207075187085 0.2972637315414719 0.09339429500901256 0
0.2612345144345619 0.29725063849444044 0.09327292777865426 0
0.2616068968802515 0.2972171942013514 0.09312305580598405 0
0.2616086253432319 0.2973167632560779 0.09336987080125526 0
0.26161328829195496 0.29732385158362856 0.09339059657577006 0
0.25942968485878093 0.2974659911319383 0.09381063494883572 0
0.2547475629028248 0.2973778719886779 0.0933076870739333 0
0.25360977353352826 0.29753483163022604 0.09329859758155008 0
0.25333497804602517 0.2974696009509104 0.09319719398214353 0
0.2523578815031425 0.2974162712894345 0.09371727908255482 0
0.2511589136854159 0.29726001425483073 0.09327748700638559 0
0.2509059855952074 0.29736750450035615 0.09330455133953972 0
0.2507022869247748 0.29724626674902094 0.09317867710136526 0
0.25058149284835207 0.2971941834353177 0.09324609966989933 0
0.25038393889902905 0.29691120992271375 0.09311503952374722 0
0.24994212680378353 0.2968166349522046 0.09271586303135292 0
0.25056145343998837 0.296911875614881 0.09299358916733798 0
0.2507528752727702 0.29717880422241016 0.09321754089129435 0
0.24484408149648357 0.2976743201665715 0.09419528934135321 0
0.23858774367153907 0.2970977914492972 0.09347691360676028 0
0.23788961420037255 0.2968076958096005 0.09351622390970007 0
0.23761869904423039 0.29687358931303265 0.09291902144522696 0
0.24622241961185248 0.29689059371024085 0.09270798389982995 0
0.25284086717990334 0.29684241247465387 0.09286478929133682 0
0.25363294977907 0.29688277851444983 0.09318169106968577 0
0.2443580889441554 0.2970665249766951 0.09424552106336198 0
0.24177794690272608 0.2966863455332425 0.09346977153806663 0
0.24107275037758055 0.29689683142651135 0.09348023039599757 0
0.2398363307113992 0.29715465766676324 0.09344162626805637 0
0.23995069917095435 0.2969645950273214 0.09304539992888322 0
0.2408179617443416 0.296881797530903 0.09331447324114822 0
0.24066099387335144 0.2967324432708477 0.09309973896952702 0
0.24088983237243716 0.2969909159404291 0.09354358075647867 0
0.24048851011809627 0.296728053852139 0.09307490504842877 0
0.2410012954832436 0.29682027765758884 0.09350236631795714 0
0.24093340162078125 0.2968208947399871 0.0936479475712829 0
0.2409538051110286 0.29683141715755884 0.09361675920726747 0
0.2408012465733348 0.29659612690781767 0.0929943406825638 0
0.24088516977019106 0.2967391002114481 0.09306119681623656 0
0.24094217945714677 0.29669215045656694 0.09330900328230585 0
0.24091430784406745 0.2967256491657824 0.09327146425941925 0
0.2410175991789013 0.2966806618137947 0.09318627088411005 0
0.24108077001513978 0.2967033726990923 0.09322927372264816 0
0.24104158744660456 0.29680567513961825 0.09339923441014134 0
0.24094963671765732 0.2968167145714693 0.09329574910057223 0
0.24104459974325332 0.2969236747379427 0.09340435302337442 0
0.2414333427203734 0.2968826223883578 0.09349008665622494 0
0.24099147656289419 0.29675820234129135 0.09325101083172602 0
0.24068887642157785 0.29679103514080535 0.09334496632794961 0
0.24154108372006036 0.2951673923627413 0.09301596486619301 0
0.24145953666824316 0.29211823334361936 0.09338898203968546 0
0.2411698549679973 0.2915874050267784 0.09324673095064948 0
0.24111746984766574 0.2915573551680323 0.09332744419854133 0
0.24095585987280135 0.29150579000205695 0.09334319638884987 0
0.24094925977999074 0.29150097272470565 0.09333142488180107 0
0.24138416440326946 0.2796284390845546 0.09292017575268019 0
0.2411477589758692 0.2580217593039773 0.09318012421138122 0
0.24126424786248163 0.23823828482045006 0.09315054710444481 0
0.24105265455436206 0.21808132916515502 0.09335206504669769 0
0.24068390504742343 0.19800580017471356 0.09351172584603124 0
0.24041826301599986 0.17562319056127884 0.09370264619533027 0
0.2406302866473937 0.15570494288038056 0.09364527948843035 0
0.24082618795243818 0.13301501441124403 0.09363993059589448 0
0.24095685790350446 0.11054169796856582 0.0934802631421896 0
0.24089569131206212 0.08815640734205492 0.09358568446106036 0
0.24094947725300564 0.06803426673596026 0.0934798500592557 0
0.2409146798834588 0.048255927732501536 0.09357935149216867 0
0.24092504316736602 0.028249688349691396 0.09358872969731305 0
0.24076622739085826 0.0058453990394233685 0.09364663773272619 0
0.24085997884478338 -0.0141153313533533 0.09361843719457669 0
0.24095011251404616 -0.03403437310571886 0.09358862545844865 0
0.24080321857329182 -0.05652835210052619 0.09352540387132174 0
0.24088330322971577 -0.07888916260572694 0.09356482136359182 0
0.2408924102865612 -0.10142714481803274 0.09354481159040462 0
0.24085757762800367 -0.12144236006375851 0.09341092643272815 0
0.24073308575303384 -0.1437488908349247 0.09334190416588287 0
0.24019614856468402 -0.1663848196788794 0.09310388811146728 0
0.24067808521354583 -0.17783387162292424 0.09356769956157526 0
0.2408892464511158 -0.17878768876730597 0.09369530128922891 0
0.2409429275978139 -0.17870833427878147 0.09363330725675804 0
0.2410060709617374 -0.1785541530961888 0.09351927701585806 0
0.24136669035629546 -0.17838097831207933 0.09305928319129755 0
0.24110358690525546 -0.1780142398074716 0.09306756666333385 0
0.2410198541182153 -0.1779219669056333 0.0931549444779837 0
0.2409330052276476 -0.17788105056639203 0.09325709243616079 0
0.24070295576679449 -0.17774297656340643 0.09364278531770677 0
0.24104788105462802 -0.17757443048544655 0.09373042059375114 0
0.24071887356258861 -0.17780449862428618 0.0934124293469562 0
0.24107875896357356 -0.17789760780202438 0.09305046643465387 0
0.2410548899795207 -0.17787401988442267 0.09310863704148511 0
0.2410359531300117 -0.17782760233423106 0.09320887198425024 0
0.24070171193583356 -0.1777014929196031 0.09363445736986914 0
0.2407283287088705 -0.17772389180422093 0.0935938205182959 0
0.24060776732288336 -0.17784521613470622 0.09356109749830849 0
0.24056949422970392 -0.17789300551492057 0.0935564336659249 0
0.2405445080673576 -0.17794710539493602 0.09354998134456724 0
0.24057015067622825 -0.17802950568914203 0.0935575376296165 0
0.24247204670397784 -0.1789190388955092 0.09320387297127007 0
0.2431612049116703 -0.17850212883080668 0.09350515009243335 0
0.24318081402722747 -0.1784766902733055 0.09349939041191274 0
0.24319366268201967 -0.17846083139861085 0.09349218258884398 0
0.24320687613330674 -0.1784490352601799 0.09349008310751356 0
0.24321982470523743 -0.17843754570132436 0.0934883582864231 0
0.24323106386614604 -0.17842922440596648 0.09348695628920192 0
0.24324114551123197 -0.1784188675226056 0.09348799276326132 0
0.243250216319562 -0.17841545775633105 0.09348845809643369 0
0.24326137994630762 -0.1784043989685459 0.09348477514905121 0
0.24328246652251168 -0.17839367841093823 0.09348925047596801 0
0.24349814599685524 -0.17831724589864478 0.0934984966473433 0
0.24349415087048543 -0.17831585776763098 0.09349907688388925 0
0.24349133580813376 -0.17831474275252845 0.09349923479200523 0
0.2434840985537572 -0.17832518731534247 0.09349929753836561 0
