0.43869361805630325 0.19345742666504173 0.44783323135917763 1
0.43869208178859875 0.1934576229843168 0.4478369546442769 1
0.43869522257441573 0.19345445489150848 0.44783584708725255 1
0.4386922895781349 0.19346101503886845 0.44783552464734233 1
0.43869245118943273 0.19345509380325707 0.4478341732089799 1
0.4424036231577821 0.1933288651818416 0.4475980933870514 1
0.46318027446395504 0.19283858206293283 0.4463199493469683 1
0.48228517602902354 0.1929661209266456 0.44655310786313046 1
0.5016443843124361 0.19336183944997207 0.4470371038455611 1
0.5021188864887486 0.1933300066462345 0.44697123652427084 1
0.4819043519244475 0.1937556177923252 0.4493242593890855 1
0.46134971733424307 0.19097712204074113 0.4487666752188957 1
0.4451089689540801 0.18841416417588963 0.44834285063430424 1
0.44386274359793276 0.18816759450852943 0.4358000362844287 1
0.4442073463754558 0.18819302873667038 0.4152611513445291 1
0.44437655596495595 0.18805961032718116 0.3927597628209539 1
0.44439733094006095 0.18792267596467083 0.37251705601043783 1
0.4442922130687024 0.1880733619113985 0.35281721070922734 1
0.44424367131646975 0.18802642972424088 0.3326983274630107 1
0.4443012279317111 0.1881007939013812 0.31040147037650345 1
0.44422732241321117 0.18806282866244453 0.2876813156064328 1
0.444140196898266 0.18790630786285736 0.26542486221164846 1
0.44534968914333417 0.1768912642605746 0.24466258244671177 1
0.44656707679433993 0.16941975186770425 0.22223378474824315 1
0.44711636507425406 0.16190237319311146 0.20294803980744805 1
0.44719817414889884 0.13982557496008474 0.1805582365831113 1
0.4471558118058685 0.11689965715811554 0.1577790851636912 1
0.4476794905130732 0.09963854877325305 0.13565455561124376 1
0.4470702979964961 0.09895756827511705 0.11286776195395512 1
0.4475984907592921 0.09878140872906305 0.10806655310321919 1
0.447865294741746 0.0957090007766389 0.10847622371515012 1
0.450143781943963 0.07861480288865208 0.10792894985176821 1
0.45309010503489994 0.06128572121883025 0.10756589525200451 1
0.4535318822029725 0.0657218742712115 0.10730512131524754 1
0.45395537487565263 0.08903947553992038 0.10774711188805691 1
0.4533051745580762 0.10493696854216548 0.10791140149653598 1
0.45323976886561146 0.10522243017265273 0.11154142733848438 1
0.4532905393998835 0.1048781071983889 0.13268933134574737 1
0.4527438198518901 0.10486639837817895 0.14251166666150697 1
0.45275598955337437 0.10486428499886312 0.14269602506881157 1
0.45301813911744515 0.1047127510255675 0.1422799298152448 1
0.4533590877207616 0.10434553162686246 0.14270001340295424 1
0.4532724111978509 0.10451321998963395 0.14291052799222173 1
0.45242892741323565 0.10616392249320546 0.14230466739905875 1
0.45275392600102504 0.10552548863331539 0.14258294588379594 1
0.4530984459166211 0.10505619397245765 0.1426943920099491 1
0.45329842132570103 0.10491265759766277 0.14270066596917974 1
0.45347696827661255 0.10473102737509649 0.12787079410581184 1
0.4530220274543679 0.1049734926373254 0.1081982762144587 1
0.45330310866287027 0.10492266631937323 0.1030497898568413 1
0.45330817165979487 0.10492221462730063 0.10281853626517964 1
0.45332239930465296 0.10491212384459242 0.10278922428808784 1
0.45333015133234306 0.10490462592681872 0.10274727197190926 1
0.4533482360951429 0.10489698304389343 0.1026658041072544 1
0.4535339543862726 0.10480400632413032 0.10225198856616062 1
0.4534398371109045 0.10483203027205536 0.10229004659287727 1
0.4531874423184426 0.10491509935710193 0.10229066845460022 1
0.45297736340177636 0.10500378384528428 0.10265045990569407 1
0.45299661622254805 0.1050014976524967 0.10262461932016635 1
0.453056924148608 0.10497234213037558 0.10261532707144835 1
0.45385745465897387 0.10428456577412071 0.10295935206908215 1
0.45367573849543086 0.10380114116126032 0.10304642659785608 1
0.4526504434036529 0.10498553756768002 0.10217608939663923 1
0.44539588743750685 0.10573954863856715 0.10175969519293687 1
0.42452096716095233 0.10491456424493024 0.10289587167303282 1
0.40433333945856853 0.10476362382489682 0.10306347581312612 1
0.3812897455161769 0.10483033026264417 0.10281408670819395 1
0.3594657160238242 0.10275207310975883 0.10317016795057024 1
0.3478641549698862 0.09135183325197864 0.10307077775483839 1
0.3466435429624043 0.07618566153898462 0.10276359146018892 1
0.3472450224389914 0.07513928526856978 0.10300114140456029 1
0.34789331129258083 0.07674113931038355 0.10343394991375097 1
0.3454103424018037 0.0956179974064973 0.10370339453709634 1
0.34025630613949787 0.1188893508944632 0.10350310495426587 1
0.3272489013230494 0.13797429047645826 0.10272640630865569 1
0.3080209358595919 0.14432679887377922 0.10295251595143934 1
0.29980475956282676 0.14452943991373007 0.10342666206434994 1
0.2991324923052018 0.14444919026634512 0.1033420386816697 1
0.29587689940542317 0.1454676043251562 0.10270588339569386 1
0.2819757321229679 0.1476901369945786 0.1029984791891303 1
0.27081530442813795 0.15189247204468737 0.1032205780812661 1
0.2688014590327057 0.15513606803953023 0.10332637697324927 1
0.269355415039962 0.16852720977237678 0.1029504002159246 1
0.26913532102362997 0.1787332799954514 0.10324907181650639 1
0.26909467639109264 0.18426151363907378 0.10327509954718245 1
0.26946534021315444 0.2032987024671445 0.10316532374618342 1
0.2688841610167856 0.2193506812960698 0.10285648251042172 1
0.26850192650571625 0.22317452031852406 0.10290295606913848 1
0.26867215791120663 0.23055262205871646 0.10245709800801174 1
0.2690683724758799 0.23623848468212594 0.10270309182435891 1
0.26882864719827626 0.2365426023162654 0.10281186852392915 1
0.2580591379509218 0.23637451693322217 0.1029561053887237 1
0.2542754822024963 0.23642120240990933 0.10344611328808273 1
0.2539019212463265 0.23640713859721718 0.10310973578225383 1
0.24982689530729277 0.2359232329912279 0.10316583914566115 1
0.24327090774971444 0.23613343102591444 0.10315189946924189 1
0.24219198093427413 0.24004721240380594 0.10271138692057677 1
0.2424090199291275 0.24693295284915454 0.10294620482945321 1
0.24249658599466162 0.25133240273543517 0.10268613456487595 1
0.24249467440585565 0.25695883461015423 0.10278566509340425 1
0.24609310954698427 0.2582216501928374 0.10340687508161689 1
0.25051733493120015 0.25802496954402865 0.10292572337512511 1
0.251046515133175 0.2579836752727899 0.10298616902614606 1
0.25192642295868534 0.2642979799628765 0.10262748857423108 1
0.2515594670666132 0.26766231614602787 0.10298988098015013 1
0.2515089052903752 0.2707704783378118 0.10270126990253546 1
0.25158409692098505 0.280085279739187 0.1029067403659083 1
0.25122714543682195 0.2817360640373245 0.10304037172017079 1
0.2506937176398597 0.2837596941601873 0.10367289258734722 1
0.24643523568813414 0.28389649906377745 0.1033737115285544 1
0.24625246148702148 0.28381499499837426 0.10295235257940051 1
0.2579944331725041 0.28385593857969993 0.10277888855670406 1
0.2642343605244082 0.2836979714213439 0.10287613690620917 1
0.26570536448266613 0.2837057669778788 0.10274370465533286 1
0.2666244116978574 0.2870379762714026 0.10285792615590286 1
0.26631083546800544 0.28790947476099327 0.1027796266855448 1
0.26646629379969233 0.29200259569254916 0.10305997024009428 1
0.2658516075816962 0.2986159052114379 0.102697119742165 1
0.2664174248624617 0.29888665892903005 0.10287952357394428 1
0.2661876884002005 0.29898164774803115 0.1029977921934547 1
0.2571613008382231 0.2994040605949836 0.1034507260728423 1
0.2570677185241151 0.2990067456528786 0.10246953070680526 1
0.266183280568539 0.29909933727929255 0.1025580070223637 1
0.26772367584349155 0.29907129094613844 0.10275419172467791 1
0.26817396487310957 0.2989591129078601 0.10300029100063562 1
0.26820629631062026 0.2989650040142555 0.1030539242833807 1
0.26819976074049523 0.298965378442179 0.10305664969036603 1
0.2682054448797757 0.2989610111956075 0.10305373233205249 1
0.2682037460898658 0.29895916348117596 0.10305509204235824 1
0.2682035246313285 0.298960141852165 0.10305563764226709 1
0.2681977717765413 0.2989620945817055 0.10305543825700991 1
0.2682041524221678 0.2989539815970428 0.10305188318953003 1
0.26819689218853865 0.29896054042775094 0.1030557436316822 1
0.2681980766880735 0.29895877283451794 0.10305305886812703 1
0.2681956591896666 0.29895888649613 0.10305238152474129 1
0.2681958152277404 0.29895829462947326 0.10305213923262432 1
0.2681958152277404 0.29895829462947326 0.10305213923262432 1
0.2681976312322795 0.29895757647252874 0.10305187117574775 1
0.26819494311511755 0.2989555133482226 0.10304983591931076 1
0.2681974430773785 0.2989573576464747 0.10305197242868938 1
0.2681935685650497 0.2989592643806792 0.10305114021280978 1
0.2681961850166685 0.29895615579405227 0.103048021119054 1
0.26819262033659447 0.29895935540861573 0.10305225680550845 1
0.2681947875794868 0.298956950044399 0.103049474788964 1
0.26819077962016036 0.298958833901512 0.10304958171751735 1
0.26819500831198967 0.2989573807574015 0.10305049620111276 1
0.26819280329193074 0.29895803168713836 0.10305266509393195 1
0.26819355917714605 0.29895764823498394 0.10305175210693801 1
0.26819435619237453 0.29895630481575847 0.10304978738314738 1
0.2681900250532383 0.29896025170680224 0.10304868760837 1
0.26819156938056826 0.2989570069132371 0.10305126775928866 1
0.26819210118085085 0.29895673567849557 0.10305200481884808 1
0.26708999938179084 0.29869907405716833 0.10340398159751696 0
0.2595847027183819 0.29856834628630236 0.10293041518961056 0
0.25875613490619803 0.2986815575045094 0.10324152347182969 0
0.25842326249574343 0.2989224944012053 0.10320458174376208 0
0.25838791347781453 0.29895441833145425 0.10320910748316259 0
0.25837719861785974 0.29895689384964463 0.10321035255378158 0
0.2583952988985507 0.2989494284613989 0.10321399892812255 0
0.25840972772020326 0.2989416947355845 0.10321385836800943 0
0.25842437326406026 0.2989323055666871 0.10321025304095027 0
0.258413540557705 0.2989354660268216 0.10320753805905228 0
0.2583897731412964 0.2989430995295585 0.10320927592394885 0
0.25838935099415716 0.2989434228753229 0.10320732760504712 0
0.2584003456798105 0.29893836242860333 0.103206713079607 0
0.2584053008680721 0.29893401737094477 0.10320285846646071 0
0.2583328062952885 0.29891417350117355 0.10322340314247484 0
0.24689821263046827 0.2987422292813516 0.10310906722746468 0
0.23684939223281765 0.29890142077223364 0.10299154126238587 0
0.23578435598965458 0.29909131342875633 0.10317880703498863 0
0.23577935598090052 0.29909191425385473 0.10316526726707942 0
0.23615407132914373 0.29898002368676846 0.10271686924606387 0
0.25351724611397963 0.29916037130756495 0.10295280065324676 0
0.26213915387111586 0.2990505840167249 0.10281023726974076 0
0.2631200602359078 0.29901304436553244 0.10299022536273313 0
0.2638090980290632 0.29915194311475934 0.10303516889006441 0
0.2631935073599792 0.29901885251145566 0.10303093607102624 0
0.26327985829859957 0.2987872078855236 0.10280187817171907 0
0.2631112110570477 0.29875422140525987 0.10276474172145682 0
0.26269755262219074 0.2990115670802465 0.10294149612957844 0
0.2628009876291975 0.2991139388932259 0.10313764972999057 0
0.2629213877669331 0.2987798727516444 0.10291234119190443 0
0.26287459685333114 0.29877305394808285 0.1030478510449662 0
0.26337309588990876 0.2984967239259594 0.10304931855198503 0
0.262922565171019 0.2986466347795824 0.10301923668823068 0
0.2630608561054504 0.29847958863853064 0.10290649927895201 0
0.2600548984940259 0.29850687077600924 0.10326670752604464 0
0.24567393481045788 0.29888051938646476 0.10306559021548906 0
0.24417116681261178 0.2985726153098953 0.10295754460419337 0
0.24389794026869144 0.29854449367733216 0.1029138336018306 0
0.2433712319788423 0.2990417031669857 0.102802431884206 0
0.24372324940084078 0.29889430620556545 0.10295492466974165 0
0.2435187991037181 0.29863628139392784 0.10286826588688894 0
0.24360500379997047 0.2986794913697301 0.10287901576415434 0
0.2436492528891242 0.2987351922849767 0.10306948237234156 0
0.2429505419293017 0.298538162423827 0.10257883973049373 0
0.2434728747859545 0.29848310205841644 0.10290954185757673 0
0.24348209343140323 0.2981609377787026 0.10249681481833088 0
0.24264298176249052 0.29822280110832317 0.10237181506826251 0
0.24289664981616205 0.29821670205953027 0.10257539088295309 0
0.24302038249826305 0.29819216501963586 0.10254780599736434 0
0.2429014112730017 0.2983965205324393 0.10245996102217671 0
0.24329954904948475 0.2986155959024789 0.1028309484004396 0
0.24357278323474918 0.2997374394684734 0.1033104112169913 0
0.24400224303303683 0.299502780123289 0.10342423094212733 0
0.24252978866497132 0.29852648519590413 0.10341394724515234 0
0.22532485552189038 0.2983364565276122 0.10343647865297632 0
0.21769165819339698 0.298420890890981 0.10298858383472231 0
0.21690758194131077 0.29863158219770924 0.10276456600422239 0
0.22114756269895183 0.3008180546161929 0.10242479741007468 0
0.24005979691842394 0.30727136526437 0.10233043778574766 0
0.24442175293804766 0.3089636759279097 0.10271294064709996 0
0.2453110288465294 0.30908554163191837 0.10277826437636634 0
0.2457544909137919 0.3202839011964052 0.10232584183959793 0
0.2456451163570409 0.32696015762594344 0.10271147509159026 0
0.2453981255324318 0.3272198484067319 0.10275456546038636 0
0.24479757116472445 0.3280012774521702 0.10359922613457509 0
0.24460702705850376 0.32756138379842187 0.10275398370977068 0
0.24535609979126644 0.3273592255732696 0.10289361798716168 0
0.24634825705441427 0.3265520685705444 0.10292899943055532 0
0.2459969181655407 0.3265608701132917 0.10283676217346857 0
0.24499049953462576 0.32756644651460376 0.10310087324336742 0
0.24436557781390802 0.327422655650086 0.10265256358657918 0
0.24461497075837238 0.32724694643408464 0.10257887936398982 0
0.24718470006432144 0.32694381519117577 0.10270752804977362 0
0.2470407584147805 0.32701252112577817 0.10306123037282941 0
0.24630660437384283 0.32714306817206656 0.10328520766955415 0
0.24524665578405797 0.3260669826234479 0.1030562380208555 0
0.24492765997922286 0.3097077962845385 0.10264586881606724 0
0.2452344176894683 0.28690548755383827 0.10318307755254624 0
0.24579700408111896 0.2640318969052426 0.10353920823598814 0
0.24563782873729484 0.24147144529702677 0.1033532902962857 0
0.24549109958155613 0.22129062577160327 0.10313118678813996 0
0.2443007705273677 0.19875884419804563 0.10257911826059811 0
0.2448065192620557 0.17637913357117757 0.1031134981217611 0
0.24158719558642838 0.1538000499338073 0.10306532345579726 0
0.23336813899786324 0.1344153392238643 0.10328698514712864 0
0.2275454024285686 0.12485031792001972 0.10596501383035292 0
0.22789295069228574 0.12378761439982994 0.12518511560012488 0
0.22673800675747208 0.12470531580795602 0.13561870087292138 0
0.2265980390944259 0.12519103846601856 0.13576430600280157 0
0.2265641656796681 0.12596086442033558 0.11880486406084863 0
0.22656553406388583 0.1256322314113702 0.09856740226034068 0
0.22778955960619715 0.12520610219937206 0.09316281773326437 0
0.2282177865869283 0.12464385467342647 0.09613528845454566 0
0.22817079146847563 0.1243428004928098 0.11742450343791863 0
0.2258284501186305 0.1220582345227053 0.12743994312385173 0
0.22554452510691725 0.10196005784482462 0.1281726972627895 0
0.22623399740510294 0.07886974710753912 0.12829813262842535 0
0.22655904803306665 0.05595372626258836 0.12812596032614904 0
0.22663553706399236 0.03568828159447242 0.12823443282331257 0
0.22685666563917 0.015460627989987 0.1281473705787748 0
0.22674087998806608 -0.006759773192411306 0.12817872083297224 0
0.22595720110166606 -0.026910143566569705 0.12821662446204413 0
0.2238125843081224 -0.046805643219089074 0.12815415721092333 0
0.22154499617774903 -0.0692060130063708 0.12820657374496103 0
0.21959557329859047 -0.08937054183551284 0.1281513290615159 0
0.21720309582330666 -0.1090538651964197 0.12818587529492112 0
0.2149708699779933 -0.13172816417715283 0.12806816858571785 0
0.21254182742117672 -0.15409916380054148 0.12799394661262098 0
0.2106379832477197 -0.17203016954543018 0.12290793487804275 0
0.21012019937393014 -0.17561281416707325 0.11022289659456719 0
0.21074234460476252 -0.1758072069168114 0.10968672004346926 0
0.22647678486853093 -0.17575332750804978 0.10963630644734193 0
0.2340872510747566 -0.17479765308262932 0.10973835961771493 0
0.2415523607838803 -0.1754273874520955 0.10956856784758545 0
0.260352825870687 -0.17442081066567905 0.10937768052639493 0
0.2621448647635119 -0.17504932685938057 0.10945106808264707 0
0.26268071110043245 -0.18537834903128342 0.10932500696432643 0
0.26173612413711944 -0.20777275109802712 0.10913838424628969 0
0.26099674484615437 -0.22690990808489722 0.108964192159686 0
0.26550562834101127 -0.230504145595256 0.1098173984090995 0
0.2846341030782149 -0.2292916873403672 0.10947692996326747 0
0.28731031788400474 -0.22977644375481054 0.10959483579389395 0
0.2873891310519469 -0.22920733427734533 0.10939531750651674 0
0.2889989571920194 -0.21613792590651515 0.10978905103406995 0
0.290459993697732 -0.20524393481084963 0.1091864807511529 0
0.29067588627265656 -0.19826486695744433 0.10956411828030052 0
0.2908574810172319 -0.19715561723546227 0.1093153536835611 0
0.276215786349127 -0.19727522812556103 0.10923350952022837 0
0.25946844730590035 -0.1994849389744447 0.10926235464608719 0
0.2595516780743414 -0.19909930751877747 0.10984600750275583 0
0.26754969011764757 -0.18896268154380405 0.10906348547220096 0
0.2685089058965555 -0.16877077881040023 0.10966949386557777 0
0.2684339035955172 -0.16247150326561174 0.10920419040415169 0
0.2680393437216295 -0.15792764230681577 0.109399422260242 0
0.2690103933927167 -0.1446421191518219 0.10981541618833299 0
0.27173185439462416 -0.14376421919264393 0.1099060978786508 0
0.2873377402276095 -0.14281975843726794 0.10968588005493286 0
0.2893918394296726 -0.14386368150789147 0.10952321084918328 0
0.2760117597757925 -0.1441747365603417 0.10968406274352258 0
0.26065991518959236 -0.1446411849400927 0.10954732643759238 0
0.25926322950730246 -0.14383710182227863 0.11016230993916797 0
0.2591312610606383 -0.14335760642883708 0.1095404386000359 0
0.2590981339856398 -0.14374216373655677 0.10939974219687844 0
0.25950334959952837 -0.14399819126070962 0.10974551372087638 0
0.25947568846812086 -0.14399023247885107 0.10989515103493944 0
0.2594886348346077 -0.14401514636227233 0.10985146666519913 0
0.2595056086070067 -0.14403005663399707 0.10981466548900384 0
0.2595218664501644 -0.14405361164753133 0.10977070079868156 0
0.2595580687695458 -0.14409837705023731 0.10969922248948985 0
0.2601667790875947 -0.14458209967078206 0.10941146220362002 0
0.2750255955759701 -0.14384320821887336 0.10983103025376302 0
0.27724775928948975 -0.14415004887457417 0.10977567070415323 0
0.2708853341925743 -0.1434792142197987 0.10894247896138398 0
0.2592386105787231 -0.1445588553629913 0.1094268957514932 0
0.2581986967910743 -0.144191657312045 0.10964321203541502 0
0.25817096348183216 -0.14410005944926246 0.10969551998027839 0
0.25821046801997716 -0.14411021646566535 0.1096780721144915 0
0.2582289552785263 -0.1441113610402206 0.10966793305713876 0
0.2582496295106367 -0.14411733537430033 0.10965807264880074 0
0.2582684814092886 -0.14411953902028876 0.10965168556726938 0
0.2582781598658957 -0.14412374381307225 0.1096522754474041 0
0.25828063588983186 -0.14412178622774657 0.10965265710914548 0
0.25829353578194125 -0.14412229729044537 0.10965018040988758 0
0.2582959433091038 -0.14412413910452632 0.10964646016460351 0
0.25830081937332333 -0.14412377980803903 0.10964880008903144 0
0.2583017482389703 -0.14412603460486526 0.10964874954694462 0
0.2583028311460509 -0.14412142882066356 0.109647219664326 0
0.25830639087780055 -0.14411982812460916 0.10964801051288585 0
0.25830303905196955 -0.14412084288807578 0.10964580765053392 0
0.2583078642023265 -0.1441208332772167 0.10964715512129136 0
0.26646029485887424 -0.14467221960828539 0.10965767634186428 0
0.2834363465975345 -0.14327756137551062 0.1096741928404261 0
0.2832333333333204 -0.1436224811576365 0.10908312209939708 0
0.275576135202965 -0.14439630441088683 0.10953029932246854 0
0.27385055845595263 -0.14413098236174315 0.10942301605463473 0
0.26122096267878225 -0.14468406376042975 0.10931328994085487 0
0.26541590743217797 -0.14459354895956206 0.10999503122268336 0
0.2797552963924951 -0.1435542785210529 0.10974378623267783 0
0.28210642185882856 -0.14406281174971525 0.10989471854264399 0
0.28231325049076517 -0.1438572740475479 0.10968591331105983 0
0.2832683815122403 -0.14444717613314279 0.10924816428480513 0
0.2826100214308659 -0.14420108495620923 0.10960922161622698 0
0.28258271490881004 -0.1442828388423269 0.10965376030576705 0
0.28252089078841464 -0.14424159888447402 0.10962133599044617 0
0.2824830055610015 -0.14443057208039492 0.1094016450639878 0
0.2826602931570847 -0.1444707241311997 0.10943346104569968 0
0.28243454612654295 -0.14421831850260727 0.10943160090647425 0
0.28371810272355596 -0.14142425815262474 0.10992448083832865 0
0.28979543384467604 -0.12645639416492999 0.10912961884829313 0
0.29502973928106396 -0.1121491365088716 0.10957443154702268 0
0.3017432043278597 -0.10585828899838702 0.1094339317613725 0
0.31119009931447106 -0.1007589485785109 0.11017409856279783 0
0.31169847867221157 -0.09970695824514228 0.10930063785756086 0
0.3116199212137988 -0.10044577852839033 0.10930271405328118 0
0.3115714203130204 -0.10052348488402695 0.10966901824666006 0
0.3243855800976515 -0.1022594722024864 0.11026475928650446 0
0.3449769167886077 -0.103605024911518 0.10967330065997197 0
0.3475195286478819 -0.10346556153411499 0.10917296457618027 0
0.3296298209739101 -0.10101758108513076 0.1091014188826106 0
0.31037094332236037 -0.09993638340663874 0.10914914452217317 0
0.30587122349863594 -0.10013973242908347 0.10963685843801971 0
0.32445997866289905 -0.09964995648328988 0.10996278589874428 0
0.3340222857206995 -0.09993954799019882 0.10977716607078233 0
0.33526580342714707 -0.10283521157219645 0.10932331567432879 0
0.3360812809883612 -0.12275130060263376 0.10921842663808072 0
0.33627977931141584 -0.12964550712307932 0.1091916811061318 0
0.3366385014794294 -0.11185199542001026 0.10957806037144413 0
0.3363638588406546 -0.10524746244195554 0.10946749439446996 0
0.3366307429581966 -0.10441717219066685 0.1096368504733015 0
0.33659194554209376 -0.1043948976307348 0.10964090392871101 0
0.33645175110524894 -0.1038718324683597 0.10947201081008302 0
0.3366057053418331 -0.08790289772952788 0.10958247073372394 0
0.3363800014636746 -0.08547112375265627 0.1095204746980666 0
0.3368191019760085 -0.08565570394618355 0.10997983719947732 0
0.33621320600012766 -0.08492849084206258 0.10945789891149818 0
0.3364276731923435 -0.085854575737301 0.10948396011092432 0
0.3365785966364703 -0.09028309191785995 0.10937733117829827 0
0.33662033085609466 -0.09080751106600657 0.1094024446111361 0
0.3364331174895826 -0.09177783693884768 0.10978621258754878 0
0.33636230913756593 -0.09182069912268226 0.10964373880374884 0
0.3364971850689941 -0.09170120287970115 0.10968293479476648 0
0.3366704308135773 -0.09252211990562483 0.10942524202603535 0
0.33743857576841074 -0.11085116640695762 0.10964167928305094 0
0.3373565040785513 -0.11889975824765131 0.10938832104518734 0
0.33857090948907276 -0.11997444299819308 0.10999169974054109 0
0.3576764808378813 -0.12531469541410317 0.10947498270884125 0
0.36702732984171393 -0.1335457756861923 0.10916344946484666 0
0.36788777378377685 -0.13932072522209726 0.10984538449187586 0
0.3677052472567491 -0.15497369081048767 0.10966362826323833 0
0.3652050689283821 -0.16422275979078313 0.1089571206340361 0
0.3453341012825153 -0.16501025777375622 0.10930586016042695 0
0.3230240191075325 -0.1655840638953982 0.10934986590070883 0
0.31396381036585613 -0.16586073333975143 0.10932895644010035 0
0.30661257059125124 -0.16637667372677303 0.10934303332930183 0
0.30642589205610443 -0.1660874934787439 0.1095038980186049 0
0.29725964171725616 -0.16084203503406108 0.10970386111600886 0
0.29468631557813985 -0.1588259347170354 0.10948042593892464 0
0.29307108200843107 -0.14351676983348546 0.10957618561577667 0
0.29262510870813985 -0.13745443768676052 0.10965433106060256 0
0.2823885633433059 -0.13502907354793414 0.10905512309537434 0
0.2786499869276933 -0.13498062400057537 0.10951162328344839 0
0.2782552865473891 -0.13501920242499432 0.10937592642134192 0
0.27828903630549007 -0.13505093730434903 0.10939565309555882 0
0.2783366265136928 -0.1350788098574191 0.10942052141104033 0
0.27877513447271224 -0.13532677572550722 0.1096429390955079 0
0.2786704346050267 -0.13527720713187583 0.1095929946341743 0
0.2782574628796546 -0.1350529311720498 0.10939068599335776 0
0.27830730103003476 -0.13507947832757983 0.10941362535938069 0
0.278349345900581 -0.1351109520891598 0.10943338175638152 0
0.2787813574900774 -0.13535360972534557 0.10964357534446939 0
0.2787177126410636 -0.13532272830196906 0.10961454646263935 0
0.2782641998045683 -0.13506516364752205 0.1093878139360906 0
0.2783124740248878 -0.13509939217880845 0.10941020732262666 0
0.2783525065299124 -0.13512522705805738 0.10943579602625661 0
0.2787731515016571 -0.1353601444454094 0.10964278431105329 0
0.27872795419970775 -0.1353394547960579 0.10961780405787545 0
0.27824882866527567 -0.13506601494308434 0.10937967829350694 0
0.27829384817301955 -0.1350979964987905 0.10940311168255773 0
0.2783411927895042 -0.13512438127968712 0.10942490251507095 0
0.27842715098017 -0.1351651749275341 0.10946767462018003 0
0.27876515411020764 -0.13535965618243753 0.10963539201214018 0
0.2784576506469198 -0.13518817361004692 0.10948422509541449 0
0.2782868462522959 -0.1350920382913812 0.1093990169353757 0
0.2783217180372277 -0.13511484319844502 0.10941067365860971 0
0.2783727145657254 -0.13514026415928887 0.10943706306937745 0
0.2788014162484884 -0.1353806363082547 0.10965577747714078 0
0.2787148013002647 -0.1353331809265106 0.10960981717978521 0
0.278271248470565 -0.1350841311745096 0.10938850507584168 0
0.27830410568541897 -0.13510341225229994 0.10940626325067665 0
0.27834955851088694 -0.1351277865904512 0.1094275829245325 0
0.2785920865813014 -0.13526695242171755 0.10955226330920888 0
0.2787327462933409 -0.13534775702855367 0.10961914739115808 0
0.2782668961166691 -0.13508703134627026 0.10938323928173542 0
0.278301340835212 -0.13510894417035707 0.10940671541882419 0
0.27834922696520814 -0.1351293421901058 0.10942891683817545 0
0.27852798942721785 -0.13522954175098634 0.1095194114646711 0
0.27873262898698337 -0.13534371549127228 0.10961898926636235 0
0.2782561763458014 -0.13508058306162085 0.10937963335034633 0
0.2782972229817472 -0.1351023804890819 0.10940490789699164 0
0.27833553604330935 -0.1351244188419885 0.10942188076334511 0
0.2784217003818464 -0.1351695413024979 0.10946390839948528 0
0.2787581482731891 -0.13536051992587775 0.10963735119878258 0
0.2784453637839599 -0.13518057672099432 0.10947376502574194 0
0.27829313421985613 -0.13510033629025878 0.10939961149895129 0
0.2783242047753649 -0.13511767868669486 0.10941810149376083 0
0.27837941605630884 -0.13514335465450827 0.10944182854762746 0
0.27878636203803425 -0.1353781028088479 0.10964904959083015 0
0.2787093782476895 -0.1353292758129268 0.10960953384188817 0
0.2782811541591077 -0.1350940758447593 0.10939655364656792 0
0.278313366868477 -0.13511290492241262 0.10941350837447422 0
0.2783698761674156 -0.13514378960435686 0.10943734013332437 0
0.278789430579661 -0.13537754418550974 0.10964922351711523 0
0.27869766553703956 -0.13532471397082715 0.10960457534915041 0
0.27827833079391695 -0.13508875794852102 0.10939737714820036 0
0.2783118960417135 -0.13511276327866417 0.10940892342185993 0
0.27835880434176896 -0.1351373001482583 0.10943504112540128 0
0.278787401762322 -0.13537677365095258 0.10964268956393308 0
0.2787059032761968 -0.135331571299888 0.10960929503496854 0
0.27827164178222685 -0.13508609633986768 0.10939187618830692 0
0.2783138044391449 -0.13511432558155434 0.10941339308252711 0
0.27836398860732964 -0.13514045126708396 0.10943917922142503 0
0.27878617767672254 -0.13537657826653246 0.10964777701659159 0
0.27872136430627686 -0.1353411948476824 0.10961543049650023 0
0.2782628094166427 -0.1350892585017979 0.1093887539275431 0
0.278304090761523 -0.135105507831628 0.10940477656488573 0
0.2783448053628307 -0.13512925900678294 0.10943034042636768 0
0.278597110610206 -0.13526839337439978 0.10955257918068177 0
