0.4386619287676919 0.19351593856017368 0.44777931185215286 1
0.43865913101328957 0.19351770325393997 0.4477768677313582 1
0.43876119252537366 0.19356587901848696 0.43745008548361475 1
0.43888339247085206 0.19351806716930126 0.41478695775330826 1
0.4386672182422242 0.19356369094881404 0.3919806304950625 1
0.4384031510352881 0.193575518377945 0.3717074570667182 1
0.43844671915890243 0.19344022519560017 0.3492935257875479 1
0.4385487323288872 0.1934735221518035 0.3293476056702972 1
0.4384536412898061 0.1933844885050454 0.3070203344544366 1
0.43825793613375574 0.19363744968023247 0.28424530665705355 1
0.43842570153874677 0.1934214583950697 0.2619136482197066 1
0.4384283829919584 0.1935902657604602 0.2419405572607383 1
0.43806179146818736 0.19356792178314444 0.21902652933681446 1
0.43759290047374655 0.19352001588154027 0.1985472311683366 1
0.4377907590373355 0.19375764433536788 0.17913066302688568 1
0.43808624255773687 0.19349382273138807 0.15952937845400267 1
0.43794108652033126 0.19370914369269912 0.13704362329016528 1
0.43844992746897116 0.19349129004540583 0.11734021678416803 1
0.43795099642064117 0.19344403995680576 0.09687977279906479 1
0.4384873554689583 0.19352545953956435 0.09608637285120232 1
0.43859056986399353 0.19351159031020432 0.09607947981911426 1
0.43858534647343944 0.19349747655136773 0.09601787136694818 1
0.4380051793242863 0.1881679122181218 0.09480482407485641 1
0.4375776676055059 0.1746303011087973 0.09520764742777815 1
0.4377430544230558 0.17343724149044784 0.09513951922641141 1
0.4370377646189861 0.1725796051907171 0.09568223396330211 1
0.4216271925523272 0.16070030671145039 0.09606205496653876 1
0.4031180874535898 0.14567543541431732 0.09600312689432715 1
0.3858847601195835 0.13649846175798147 0.09607310857602021 1
0.3660111657601388 0.13780573405320312 0.09621095600220936 1
0.34388651543976784 0.14255629642909906 0.09660289793041822 1
0.32376143576846506 0.1541090915101469 0.09636729153081328 1
0.30757639619979166 0.16717999575558257 0.09607601699564568 1
0.3006663362068297 0.17039133813736324 0.09605784939093592 1
0.2992443362312327 0.16970075404596635 0.09653174672974332 1
0.2941557687560347 0.15315058846231 0.09643618801650267 1
0.2826349990243166 0.13684803936884143 0.09640685268143309 1
0.26117274764626386 0.13326904607158463 0.0957246580443374 1
0.25212544878305226 0.13448386724883815 0.09606151573846863 1
0.2509846111619378 0.1344104961979175 0.09654180148013855 1
0.2512891819052275 0.1345527869820576 0.0964069789325823 1
0.2509118623439778 0.1350330708501538 0.09593427112253937 1
0.2514111880963383 0.13487351327554192 0.09656185667387031 1
0.25121080224567216 0.13502005221958033 0.09619223565123332 1
0.2513799404501618 0.13496022710293942 0.09642114265132884 1
0.25138630190087363 0.13496454250176226 0.09601122145182826 1
0.25108729563656795 0.13500781341574775 0.0963837963325349 1
0.25108170054576134 0.13508706311028734 0.0957491770715482 1
0.25127975246966217 0.13505048878755357 0.09609550084967178 1
0.25158532594129546 0.1348254653178219 0.09598135791540903 1
0.25152119843298193 0.1349808107039279 0.0959647329631009 1
0.2512670180378355 0.1357367821975679 0.09649873292000948 1
0.2471760072800357 0.15065112074271814 0.09655607458428218 1
0.2284008806765852 0.15483577604616197 0.09607995084301985 1
0.20519645014685858 0.15454856484743157 0.09602593519535632 1
0.18764331447413318 0.15436799157826742 0.09588942310431413 1
0.18551621966367132 0.15439653563878453 0.09606833983897636 1
0.179827009244832 0.16882869455912292 0.09576561094089035 1
0.1671100058641941 0.1891298727518687 0.0957391817277522 1
0.1634796256397572 0.1964037763246146 0.09613230417955107 1
0.16173429171208026 0.2015286365978001 0.09604820292765227 1
0.15451276276854284 0.21469901325146093 0.09608222371054623 1
0.15360737711299777 0.21816839901755458 0.0960365874592972 1
0.15043594791853304 0.23430548013817043 0.09587182580152362 1
0.14733905742324493 0.23886538612707475 0.09609590309538524 1
0.1455051603026136 0.25158013098418563 0.09601363826898716 1
0.1422743655864097 0.2636312962889371 0.09590491725992721 1
0.1414698550323787 0.26635559089813743 0.09576261145423853 1
0.14106057259978683 0.2790100128662711 0.09589867898468855 1
0.14107532014896285 0.2818793629070623 0.09639824061787552 1
0.13938150165889632 0.2923526089720133 0.09581210876556362 1
0.1392602937953939 0.29385945625844967 0.09593273422823075 1
0.13905650016486107 0.3007974272456786 0.09614005644175991 1
0.1390091104266269 0.30543333535716244 0.09594650128270732 1
0.13916119950375344 0.3056199511730131 0.09579413387723831 1
0.14030481946778778 0.30571389227420775 0.09680067409531065 1
0.14125842879739456 0.3055966763727105 0.09594362487761086 1
0.1409783061522621 0.3055167109990553 0.09614370125720469 1
0.14119513727323282 0.3055019106263631 0.0961356400518372 1
0.14153082206018183 0.30544273915007136 0.09612184234295047 1
0.14157304863687956 0.3054465531708161 0.09610977842891956 1
0.1416195054982787 0.3054507548265633 0.09608642043654939 1
0.14200234888954955 0.3054751461303663 0.09593035890782259 1
0.14170126914392475 0.30545313369252414 0.09605350245701122 1
0.14142534500374174 0.30543454389234354 0.09616565364046792 1
0.14146112569623448 0.30543758570625723 0.09615166594177015 1
0.1414878745755647 0.305438631140572 0.09613461558029941 1
0.14152352904831467 0.30544032514255925 0.09612219485095158 0
0.14201713268552554 0.3055482801448184 0.09586127582754046 0
0.14157939064756597 0.31249336829763297 0.09594545619968138 0
0.14176178025303976 0.31349719265535736 0.09623952610053568 0
0.14155279338352933 0.3135903562859682 0.09622473478124947 0
0.1409332169445496 0.3136240358747048 0.09588895260117905 0
0.14105401703112772 0.3136554485709384 0.09590779287095659 0
0.14115970941520678 0.3136579705286894 0.09593405145685495 0
0.14128060361613082 0.31366144599908297 0.09597118690854207 0
0.1419297885270704 0.3137008569082218 0.09622241094074621 0
0.14183776184618213 0.3136895314312677 0.09619522677401941 0
0.14106433920120964 0.31361229147755876 0.09591693819223694 0
0.14114571072264281 0.3136121838636455 0.09593636832903431 0
0.14217814140250506 0.31396288696624014 0.10724049688684548 0
0.14194239564592992 0.31376671244356913 0.12240341499905032 0
0.14151431229873812 0.31351257426169027 0.12353947273546617 0
0.14144453673333243 0.3134830881750714 0.12354087234792048 0
0.1414674171899566 0.3134903290760555 0.12353435681487518 0
0.14148854237269518 0.3135028840381124 0.12352987233099004 0
0.14151797220861176 0.3135206140055645 0.12352888048917349 0
0.1415452191577172 0.3135389400798606 0.12353106749021166 0
0.14153369070726957 0.3088965982991939 0.12345710377835213 0
0.14154688401496587 0.2958704465594956 0.12376763856263341 0
0.1419131361076144 0.29139743773607263 0.12372371548052695 0
0.1430186025199678 0.27099409511377354 0.12356816570183109 0
0.14433495010979056 0.263649669005569 0.12366309937477345 0
0.15397072277559073 0.26289532559909246 0.12365306660944225 0
0.17587207363427404 0.2601641531765691 0.12361465462250415 0
0.19003710618107567 0.24419244022031292 0.12340946067646567 0
0.19785456197529672 0.22178528838529676 0.12362538624631655 0
0.205578802908119 0.2017888593935605 0.12357198012074011 0
0.21449076791213867 0.17936312161822088 0.12329393895757791 0
0.2223880203584968 0.1595682459469565 0.12330047729115248 0
0.23019363511147667 0.1398080926996328 0.12326353477062382 0
0.2391203099127424 0.1175617276246587 0.12332448134022758 0
0.2463876326437326 0.09779465344604002 0.12361989189706506 0
0.25293237366846927 0.07534873949479064 0.12356217820558958 0
0.2552730210405838 0.05539619127842926 0.12358360494540421 0
0.25540184543297334 0.03311316586739359 0.12339171214066941 0
0.2554657738789065 0.013167651112593423 0.12362170618155523 0
0.25535844934906493 -0.006942415913905597 0.12350219069029779 0
0.25532406187990364 -0.02944565980506006 0.12347637053558948 0
0.2554476031404687 -0.05181238891780485 0.1235067356096048 0
0.2553452997750665 -0.07432852542220181 0.12350534624242457 0
0.255318078660154 -0.09425574214315668 0.1234458118375863 0
0.25664780961857486 -0.11421444188770638 0.12326450974858781 0
0.2627086447728733 -0.13665514301168616 0.12349914971903082 0
0.26961189426511273 -0.1539001934265878 0.1231928371437486 0
0.2708593490633793 -0.1574475715520461 0.12357676315775655 0
0.27271034377522163 -0.16726332096782273 0.12327394581542282 0
0.27302751516367707 -0.16827157148052094 0.12341561986589097 0
0.27300725798725595 -0.1682740000041129 0.12338658874701725 0
0.27292420001867496 -0.16811169975473195 0.12334941587412866 0
0.2728635892548526 -0.16794646628980525 0.12332179122756398 0
0.27290691923069904 -0.1677730924289172 0.12329902380302803 0
0.2738807769153513 -0.16218729402588122 0.12368999934948127 0
0.2737764223721988 -0.16045013647950446 0.12320994468076572 0
0.2736787500068026 -0.1602198677739557 0.1231994585888535 0
0.2736949873988035 -0.16022354577080278 0.1232129066827786 0
0.27393822206400237 -0.1598607097611284 0.12318924234419294 0
0.27559149570021796 -0.15507189984310907 0.1233247775537607 0
0.2750340501178977 -0.15467458991110758 0.123188671349868 0
0.2750003537968498 -0.1546398411728437 0.12328078339944194 0
0.27499552566231533 -0.1546475690284685 0.1232922506299705 0
0.2749882847216607 -0.15465620749357234 0.12329955540425672 0
0.2749824959601839 -0.1546712994100175 0.12330833905176247 0
0.2749841738365475 -0.15467619527616278 0.12330951787401938 0
0.2749842474520123 -0.15467749854785862 0.1233096463578112 0
0.27498780723753014 -0.15468201171396467 0.12331122615068596 0
0.2749886333911513 -0.15468602999516545 0.12331058878016786 0
0.27498844345046436 -0.15469305594621277 0.12331194774131227 0
0.2749954426915361 -0.15469403701940404 0.12331186217779522 0
0.2749926263109336 -0.15469892261682638 0.12331397539489157 0
0.2749935578914525 -0.15470564141551746 0.12331069374791563 0
0.2749905578802831 -0.15470899381418757 0.12331369653701917 0
0.2784155754891827 -0.15393578480726094 0.1238886964701574 0
0.28295966830963193 -0.15102374620559508 0.12352096802818899 0
0.28303851270618 -0.1511825374690979 0.12352617138804903 0
0.28301019742062267 -0.15120849772371067 0.12351906657767903 0
0.2829841359654256 -0.1512391680845659 0.12350612093653845 0
0.2829594821057326 -0.15125493681365787 0.1235015531792242 0
0.2833105518324018 -0.15151923454957708 0.1232752915604194 0
0.29683411838936385 -0.15094416811773365 0.12279636858647537 0
0.2985171933037015 -0.15111504698996545 0.12313454980347799 0
0.2987696413757827 -0.15107528529635456 0.12357547778434434 0
0.29848079373235326 -0.1511981980497182 0.12329073681531973 0
0.29845122458473045 -0.15125325916121587 0.12312455363190662 0
0.29880174955478667 -0.1513377674906767 0.12288863038119593 0
0.2987735048085355 -0.15133738103879543 0.12297141119766662 0
0.29872171328996094 -0.15130524799839024 0.12308632264857167 0
0.2991383897518381 -0.15263552324427954 0.12390330051261848 0
0.2981385569522948 -0.15759347461056894 0.12346643455893995 0
0.2986190033456936 -0.15794692492631004 0.12341461202540953 0
0.29861694214079515 -0.15795680569836576 0.12340513092189939 0
0.2986109762698626 -0.1579553131264741 0.1233953566799376 0
0.2986128360689737 -0.15795394543619617 0.1233896189566546 0
0.2986127195571518 -0.1579480840303251 0.12338165965698675 0
0.29861061798454314 -0.1579460405554761 0.12337987023351386 0
0.29860944069600037 -0.15794181972868865 0.12337583726804506 0
0.2986054953875762 -0.15793638704167898 0.12337204123381533 0
0.2986077408191432 -0.15793409221589305 0.12337097178267237 0
0.29861153976618326 -0.15792787651802 0.12336656462270947 0
0.29861064120345343 -0.15792444629855937 0.12336664606166844 0
0.29861096488303246 -0.15792370559757216 0.12336986756327377 0
