0.43867426111508556 0.19340344718305943 0.4477390893803469 1
0.4386730260421544 0.1934061391740731 0.4477416884578989 1
0.438676096092667 0.19340515894880317 0.44774284228187233 1
0.43867593941846217 0.19340537248994777 0.44774263842800244 1
0.43867506256177785 0.19340518231362794 0.44774326270935455 1
0.4386761682271026 0.19340321138122002 0.44773820098787587 1
0.4386764893673296 0.19340169764315707 0.447742504393087 1
0.4386761484655482 0.19340249708268853 0.4477392949520378 1
0.4386776016054169 0.19340124831216116 0.44774492603817817 1
0.43867558568594706 0.19340579955775533 0.44773779113481993 1
0.43931700479268854 0.19281784476957564 0.44653845396598324 1
0.4391087604830448 0.19276985495902638 0.4478866140386599 1
0.43883550529694454 0.19319471046115078 0.4478950287577015 1
0.43886927859096014 0.19327870855047075 0.4472334191776514 1
0.43789130840129253 0.19459638976773533 0.44843236704409367 1
0.4383192288050609 0.1941593169953364 0.4463380071221783 1
0.43854876439555973 0.19366205752246654 0.4471341483107747 1
0.43863605125747357 0.19360776526949677 0.4474079317328044 1
0.4386737416809944 0.19355639745519365 0.44745777697769623 1
0.45316702975854667 0.19368840513703245 0.4459591010082278 1
0.4778071079094859 0.2013153508206941 0.4466141336301359 1
0.49637745768108743 0.20915785944455856 0.4466485827874465 1
0.5018257490192689 0.21318287654175128 0.4483005227354062 1
0.5018960318206693 0.213239884878808 0.448126023367996 1
0.5018873353653137 0.21322411148375045 0.4480740110305005 1
0.501816899734994 0.21344344812423371 0.44873859658211435 1
0.5016738298839534 0.21352062867691374 0.44819897581196233 1
0.5016707436681339 0.21339499765233844 0.4477974562296125 1
0.5017088637389742 0.21318710704289995 0.4475008710893855 1
0.501766858432903 0.21319011327287274 0.4351507151104848 1
0.5018226838774978 0.21308712026036664 0.4126201352539641 1
0.5018487315616641 0.21282960265171766 0.39241083113056674 1
0.501682311189726 0.21290385522792696 0.3696984178572717 1
0.5016972987178024 0.21289035556244482 0.3497725421577581 1
0.50159984769038 0.21281439345111886 0.32745515318198937 1
0.5016974759043981 0.21281974376355678 0.30744613835698725 1
0.5015261151219744 0.21295643360027336 0.2848915228870931 1
0.5014037439831381 0.21288447886365175 0.2624804708450728 1
0.5010329130476323 0.212963293163426 0.23934616376679643 1
0.5010328539143419 0.21295723669886524 0.21944568659034758 1
0.5011489204172316 0.21303767263814657 0.19712696134681834 1
0.5011873786852238 0.21300057090413427 0.1748806223771655 1
0.5010344273762454 0.21342459202324848 0.15234429145454417 1
0.5009881616231423 0.2128582882087734 0.13277846787867276 1
0.501640785809389 0.2128039568326568 0.13030924046516573 1
0.5018265985371642 0.21281546096029946 0.13053074025326808 1
0.5022725445164624 0.21789062795553196 0.13108714489159667 1
0.5008519878133372 0.2347022062018682 0.1306582925549323 1
0.5010529419967089 0.23601081462202889 0.12985518634507598 1
0.5015091223966713 0.24464098354582606 0.13055309926416148 1
0.5012041350312952 0.2553232817963858 0.13006251902469843 1
0.5010278172461182 0.25597625577497707 0.13015247594508905 1
0.501052815099531 0.2558868244872864 0.13014748182927732 1
0.5011914464462054 0.25585090672490424 0.13025523224541347 1
0.5166742799458468 0.2568721198829719 0.1289896159512037 1
0.5274157749951717 0.257942331101761 0.129347973273952 1
0.5287262506330809 0.25862179447199796 0.1298885437886303 1
0.5287063678496856 0.25862442935050217 0.12990814310958182 1
0.5286879112168456 0.2586278090989307 0.12991424929753317 1
0.5286662022349731 0.25862373969710184 0.12991171699476714 1
0.528649499163223 0.25861656732253874 0.12989694108292327 1
0.528627928641487 0.25861083547911684 0.12987654974183635 1
0.52858693114973 0.2586048851760366 0.12982617057632553 1
0.5284374441328648 0.25859170890906585 0.12961664639913867 1
0.5272067235673393 0.2586958259972166 0.11375182289073242 1
0.5278736204632647 0.2588950943156268 0.11199420480241813 1
0.5285011502663297 0.2587799181078179 0.11270107379991012 1
0.528491933410915 0.25877771308109043 0.11272148796939206 1
0.5280827230697837 0.25889781655528654 0.11236338999119085 1
0.5281730977416459 0.2588229452307921 0.11241446604903324 1
0.5286520331649704 0.25860523230993115 0.11279763211605898 1
0.5286282284631768 0.25856598564972577 0.11275645081808783 1
0.5285627070450198 0.25852879186116384 0.11267183738846893 0
0.5281514581877242 0.25870817899008564 0.11238038165157971 0
0.5287387835600129 0.25841943041159565 0.11283245733906472 0
0.5287886979576965 0.2582426505126809 0.11282498516926581 0
0.5285684130588941 0.2583593590899719 0.11315291001793162 0
0.5285265149145802 0.25837743573364425 0.11312052245021396 0
0.5284020586094058 0.25846390107278755 0.11300438193485224 0
0.5287445498673307 0.25835125652564056 0.11276732065209809 0
0.5287401902090157 0.2583486472565357 0.11278123610873743 0
0.5287103455523391 0.2583597124219338 0.11277617406773054 0
0.5286894527691475 0.2583669925050454 0.11277090486694247 0
0.5286758718496435 0.25837039185343297 0.11276695786345799 0
0.528657232437381 0.2583810603418847 0.11276314588203659 0
0.5286431067145196 0.2583839614735756 0.11275632067385348 0
0.5286251323835351 0.25839292368216593 0.11274227896166784 0
0.5286097723486376 0.2583947904760054 0.11273000983411265 0
0.5285998302127307 0.2583975128789238 0.11272003272549591 0
0.5285813776005126 0.2584130731771078 0.11271360171960017 0
0.5285597191886037 0.2584381162138204 0.11270290541343472 0
0.5279404425462704 0.25878876986417776 0.1243227059149632 0
0.5281059610841332 0.2585034921289303 0.12833937224543887 0
0.5281566966284412 0.25852344736844163 0.1291645259537842 0
0.5283282007340416 0.25850689390929776 0.13795683728677574 0
0.5290284907465661 0.25812161982232684 0.15213243212158073 0
0.5285452609235903 0.25801574493699697 0.15752568797493147 0
0.5286247445263059 0.25806378310899014 0.1797782471647006 0
0.528449127023396 0.2585572638312579 0.1940766964496192 0
0.5280727624059198 0.25805427389884195 0.19383658773136042 0
0.527877533919157 0.24448307381051826 0.19421747362407535 0
0.5282621356996354 0.22112372064263192 0.19418776209972294 0
0.5284586638825294 0.19792428326388475 0.19403010887911434 0
0.5279378064431676 0.17623053444750358 0.194107893245242 0
0.5275376379951734 0.15792222041773363 0.19469134474140853 0
0.5149355466543409 0.1438918764681872 0.19605100601016956 0
0.4943440900441206 0.13147269731709116 0.19564940497529548 0
0.4779934289526596 0.118069192551443 0.19505491787139512 0
0.4632480548852112 0.10299298350923133 0.1948975990945479 0
0.44859546028297337 0.08783941053705226 0.19509470986759603 0
0.4319304459744182 0.07081443711676337 0.19511575080814966 0
0.4150466782871848 0.05391026845860743 0.1952736108147922 0
0.3983361373036508 0.0367641592428149 0.19531956630795608 0
0.3835638789680366 0.01823351868698332 0.19537060244251958 0
0.36979837096134077 -0.0009484655971031403 0.1956972781810309 0
0.3620533529092931 -0.022737766575338506 0.19557844447813855 0
0.35734778694918284 -0.04516795541537162 0.19519469165880204 0
0.34533936352774963 -0.06058787165845317 0.1952648564953013 0
0.32652216706064136 -0.06866974829226098 0.1952931350074705 0
0.30560172050445733 -0.07995778725296014 0.19544147236645673 0
0.28802814556962625 -0.09184760746804028 0.19599514294603673 0
0.27152396530114087 -0.1085187699456342 0.19572230755712186 0
0.2585304011970992 -0.12836341617425412 0.1954969224985132 0
0.24944351180048066 -0.14971569669932078 0.19549402076388847 0
0.25334612313228794 -0.17202979234554816 0.1952817165435585 0
0.25813921802381823 -0.18550896183387128 0.19496313902383827 0
0.25815292589239563 -0.1863844723889352 0.17605639105659737 0
0.25817684910771155 -0.1864776914345132 0.15590044097923259 0
0.25815717677808414 -0.18578665646550713 0.13309871536349294 0
0.25816277644595403 -0.18547474408473985 0.11064868282311027 0
0.25801044883474256 -0.18286048695486762 0.10445275597253743 0
0.2525011559241353 -0.1676621671089592 0.10481455860910752 0
0.24750314486936803 -0.15710472714683416 0.10466507726124545 0
0.24693554140600366 -0.1559059181277647 0.10513460763492609 0
0.24696671286491734 -0.1560605344367677 0.1051672204037747 0
0.24751688608488004 -0.1632311835920809 0.10514895677784393 0
0.24707248631280557 -0.16514048225182237 0.10541589846904548 0
0.2472305528462208 -0.16656698785019108 0.10525966389649942 0
0.24765326008185423 -0.16886448403105445 0.10516867023151742 0
0.24758542295786368 -0.16951544807071978 0.10515448615228569 0
0.24680347095271177 -0.17520746435742315 0.10499984390954736 0
0.2470546670708819 -0.1765861040067449 0.1054591004260908 0
0.2470631293483422 -0.17660798682688594 0.10540408109270116 0
0.24708188679322132 -0.17660221476766497 0.10536869116028484 0
0.24708977175894675 -0.17660116638036352 0.10534357454834986 0
0.24710106036062163 -0.17658765665310228 0.10532615922271407 0
0.24711262706005857 -0.17657722045681307 0.10531379709064388 0
0.24712107230872699 -0.17656398892564437 0.10530468856485475 0
0.24712999264305813 -0.17654921404993107 0.10530013863489866 0
0.247139389498482 -0.17653295733951374 0.10529678738905297 0
0.24714810923358604 -0.17651876667028998 0.10529740523860162 0
0.2471542644814485 -0.1765061171771357 0.10529402797519577 0
0.24715787641254963 -0.1764967694883396 0.10529502229724513 0
0.24716627741527059 -0.17648055054701883 0.10529526607777176 0
0.2471759144669765 -0.17646081772205352 0.1052949054346185 0
0.2471812529885995 -0.17645809676067456 0.10529451517810154 0
0.24718166611877618 -0.1764575605372884 0.10529297756557489 0
0.24718167284705078 -0.17645287813548613 0.10529580279613011 0
0.2471797306810532 -0.17645366752610991 0.10529498579620537 0
0.247179939741071 -0.1764517180353703 0.1052945564584721 0
0.24717863648192573 -0.1764515686236644 0.10529336564246014 0
0.24717678777422414 -0.1764478701512241 0.10529469628404164 0
0.24717947603193743 -0.176452180812142 0.10529270407715811 0
0.2471777036540192 -0.1764508605389536 0.10529293780466639 0
0.24717985505667384 -0.17644898808165033 0.10529316705654745 0
0.24717562969325432 -0.17645265385068354 0.10529256875566509 0
0.2471748312608767 -0.17645368299132017 0.10529165900608325 0
0.24717961559831314 -0.1747066239897698 0.10468640583209712 0
0.24720133060748473 -0.15807264940538895 0.1049742385641465 0
0.2472260626718582 -0.15313634349445687 0.10494661405018095 0
0.24879655803818795 -0.15287401211833962 0.10527596293261013 0
0.2653429525153344 -0.15910598567756878 0.10524454861190313 0
0.2733107211717597 -0.164657016698171 0.10527912815358301 0
0.27382314007390424 -0.16560438359496765 0.10512016647472419 0
0.2738049598939612 -0.16559407838273266 0.10514570367172349 0
0.273785344486698 -0.16558942426101758 0.10513497997470408 0
0.2737707029167114 -0.1655793711079102 0.10513305067988346 0
0.2737476255593548 -0.1655626086113585 0.10513212972265852 0
0.27373040982519425 -0.16554552622840246 0.10512854169841099 0
0.2736966515035498 -0.16549298552295932 0.1051288015187979 0
0.2736355159519802 -0.16538858477842877 0.10512442900102197 0
0.2736288636340153 -0.1653842405783583 0.10512839045846388 0
0.2736235189329449 -0.16538601634689534 0.10512849421366346 0
0.27362201728447627 -0.16539422363970185 0.10512500149830212 0
0.2736157374092777 -0.16539514754095874 0.10512535770443655 0
0.2736186214583094 -0.1653992117011971 0.1051271841796009 0
0.27361904086519245 -0.16540588733397862 0.10512550246934385 0
0.2736176898718816 -0.16540757517726087 0.1051272948213168 0
0.27361699833028585 -0.16541055252507092 0.10512529152789576 0
0.27361500249197934 -0.1654092915180407 0.10512472078235124 0
0.2736149475026222 -0.16541257223566558 0.10512711274676818 0
0.2736147916618665 -0.16541509404642352 0.10512502856147622 0
0.2736168083769443 -0.16541263768066478 0.10512254535049095 0
0.2736154604388316 -0.16541633550811835 0.10512176084118086 0
0.273617574437414 -0.16541806894609928 0.10512907372683244 0
0.273615960663358 -0.16541490322919344 0.10512510217326326 0
0.27361352272744616 -0.1654215848084754 0.10512992269357962 0
0.2736132891730273 -0.1654188170979452 0.10512413193774903 0
0.2736146064704383 -0.16542081595555358 0.10512543775193457 0
0.27361367525665836 -0.16541998791775292 0.10512471032755542 0
0.2736143487255211 -0.16542003769576688 0.10512436353392228 0
0.27361473094045163 -0.16542218908339093 0.10512469166613214 0
0.2736147724962843 -0.16542064115091248 0.10512485033735744 0
0.2736132084854936 -0.1654213658159537 0.10512835783219657 0
0.27361609077803695 -0.16542611244132815 0.10512509721394388 0
0.27361578331218267 -0.16542048158770695 0.10512528744323524 0
0.2736118354136998 -0.1654207832126024 0.10512502073013691 0
0.2736133808077732 -0.1654200586641898 0.10512509347379423 0
0.2736166897692639 -0.16542174103776114 0.10512614492823145 0
0.2736125710083851 -0.1654200834197041 0.1051303022266159 0
0.2736116715232023 -0.16541768071597196 0.10512851032465353 0
0.2736064112620044 -0.1654178621471427 0.10513294925074117 0
0.27360666914784204 -0.16541884580886188 0.10513492606255853 0
0.2736064543336944 -0.16541771338141 0.10513424340613425 0
0.27360845394042477 -0.1654202610279449 0.10513239227304183 0
0.27360968209991143 -0.1654189905875477 0.10513466384304301 0
0.27361062010113735 -0.16542041439663677 0.10513510063420457 0
0.27360974026377866 -0.16541868382170877 0.10513594961390464 0
0.27360934755285005 -0.1654183036517639 0.10513510857961522 0
0.27360791156573017 -0.16541860147094034 0.10514226264923046 0
0.27360748345195773 -0.16541953128810089 0.1051417945046869 0
0.2736048176319044 -0.16542036320514247 0.10514069008564252 0
0.27360582175837633 -0.1654184885063893 0.10513662620455419 0
0.27360623341341883 -0.16541687495061583 0.1051396823067856 0
0.2736059711853359 -0.1654200425434626 0.10513985678178087 0
0.2736021270868888 -0.16541826730318954 0.10514139879342077 0
0.2736075109499778 -0.16542134736276148 0.10514043451386035 0
0.2736046000629372 -0.16542034261118072 0.10513955430811214 0
0.2736099915180342 -0.1654168897755457 0.10513878553813075 0
0.27360818863709485 -0.16541611424445973 0.10513863512620361 0
0.27360876645571025 -0.16541620994173878 0.10514041176911079 0
0.27360788873382946 -0.1654202012652184 0.10514171364354155 0
0.27360697572728754 -0.1654194440279081 0.10514129362303855 0
0.27360447063797505 -0.16541988779850603 0.10513911860763998 0
0.273607857383968 -0.16541806408791165 0.10514326411680563 0
0.27360674937372315 -0.16541794779434604 0.105140427451144 0
0.2736090214771062 -0.16541692263271562 0.10513968936981948 0
0.2736037358541211 -0.16541743713601625 0.10513941926448316 0
0.2736058710510108 -0.16541846891175654 0.10514228736986778 0
0.27360707101051446 -0.16541887348439585 0.1051428266738403 0
0.2736068703179373 -0.16541776998705127 0.10514113417001367 0
