0.4387329620899085 0.19321945156536519 0.44730679033880655 1
0.439318466125311 0.19294022904497563 0.447624665933067 1
0.43923494831725773 0.1930180285146489 0.4476391716791891 1
0.43895327326295924 0.19335156498480888 0.44774330499736614 1
0.4384846741179769 0.1936359683625456 0.4477302139852295 1
0.44327048791858104 0.1934550553324264 0.4481447489935082 1
0.4617262573174845 0.19304725548406546 0.44652173589531285 1
0.48417891536482893 0.19326343522575934 0.44693772322260333 1
0.5041466806412487 0.19327136093915698 0.44667887061927625 1
0.5137155051641069 0.19337453760107404 0.4487075020597872 1
0.5134197532272828 0.19370298304634428 0.4484440761429859 1
0.5134090584710121 0.19369620578786884 0.44837328550808986 1
0.5136125444766353 0.1940496052212093 0.4481379955209055 1
0.5132905055853644 0.19437835697602984 0.44807009296203465 1
0.513620778334375 0.1937134664521516 0.4483262413637527 1
0.5135569702682233 0.19363493515575259 0.44767517205616847 1
0.5134696621120899 0.19344712090392843 0.4475026357586916 1
0.5134823375236872 0.19342242617181743 0.44747782200099745 1
0.5173595978013195 0.1945031926550738 0.44646645517311934 1
0.5350425693669014 0.20455449205443643 0.4454001706118429 1
0.5573382287923174 0.21459365266280495 0.4458568808299505 1
0.5717614750702161 0.2211007171881189 0.44636299506048505 1
0.5728059182474559 0.22102092826382475 0.4484705420656846 1
0.572744032201207 0.22104938988734482 0.4484335968435813 1
0.5722203429796012 0.22137515766883084 0.44779513411285005 1
0.572077639109163 0.22151364980320826 0.44766796454333446 1
0.5721848904871537 0.22141565289545204 0.447159114011913 1
0.5722867288573701 0.22130630200904317 0.44698276514576335 1
0.5727252065584003 0.22101471643987178 0.44700828938747245 1
0.5725900236063844 0.22104335494147193 0.44704981210239075 1
0.5720390788857322 0.22137232854198452 0.44692309216955156 1
0.5721035918000819 0.22132677828182018 0.4469368769440063 1
0.5721707175467151 0.22128205020440514 0.4469544941900649 1
0.5727054284171349 0.22093690827547388 0.4470487018580943 1
0.5726531349375132 0.22097095906524855 0.4470543371991648 1
0.572084018782412 0.22131812799270004 0.44698328450843167 1
0.5720858071300734 0.22131361812356226 0.4469891342042683 1
0.5728342807324969 0.22268371017695412 0.44670616711964356 1
0.5677021908362537 0.24159577117444886 0.4480535868708221 1
0.5617824351820963 0.2636133609983862 0.4476847571710597 1
0.5554504765921755 0.2850492355125603 0.4468854880218882 1
0.549861675583493 0.30269386601195253 0.44669648642233317 1
0.5497927903192024 0.303439434306668 0.4466357442649826 1
0.5497672807925312 0.30345353660602525 0.446650881658726 1
0.5552834693658363 0.3036887111260013 0.44817643341805913 1
0.5779632951088994 0.30266157543771843 0.4453667794132564 1
0.5974493700467312 0.30111925726644 0.44573253516079797 1
0.6026072975239881 0.30148546560743394 0.4470616976689669 1
0.6020725488871121 0.30178432967633184 0.4487986212810561 1
0.6027009378027234 0.3036385192905739 0.45007735263190235 1
0.6051790178481906 0.3041314461957946 0.4487505816463962 1
0.6076094948559447 0.30416825358616045 0.4481849594930023 1
0.6086921542646284 0.3037734702091117 0.44867629372150936 1
0.6085628298157221 0.30375501183323633 0.44928840499807704 1
0.6086408966278347 0.30362914421544185 0.44930279539503193 1
0.6086197730960567 0.3036451524399234 0.44932594384962793 1
0.6086011640279202 0.30365839700080094 0.44933619326662133 1
0.6085901443271434 0.3036697503019845 0.4493403334816348 1
0.6085854952687948 0.30366874139048605 0.4493487352171131 1
0.6085783554923379 0.30367763743758897 0.44934808494386824 1
0.6085708149261535 0.30368815872619853 0.44934746718774776 0
0.6085726384600615 0.3036829482630665 0.4493480332200874 0
0.608574754765181 0.30367953590353125 0.4493498268200282 0
0.6085766886280802 0.30367553822496335 0.4493483622968776 0
0.6085659371756105 0.30369418054367125 0.4493463042657956 0
0.6085708429515172 0.30368405991913916 0.4493520428982602 0
0.6085734392440636 0.30368120133080545 0.44934772954802904 0
0.6085707868531275 0.3036820857787008 0.44934795450783854 0
0.6085725463215801 0.3036821755384551 0.44934872392693476 0
0.6085693639847494 0.3036850193575966 0.4493522917617759 0
0.6085676231098537 0.30368625956717865 0.44934996451151166 0
0.6085727935777168 0.30368038343892995 0.44933901745732047 0
0.6085764318659039 0.3036765330215735 0.44932383106274987 0
0.608573920245076 0.30367748519298293 0.44931221436408403 0
0.6085752117570487 0.3036760688475308 0.4493057650264671 0
0.6085740285361777 0.3036768634919164 0.44930475748091775 0
0.6085710101954497 0.30367960874951144 0.4493033358066697 0
0.6085736088415808 0.30367035394048675 0.4493074558350794 0
0.6085678530287344 0.3036767667510567 0.4493080320323709 0
0.6085656090652206 0.30368131826752554 0.44930535001367067 0
0.6085662910033599 0.30367921347955606 0.4493050072593926 0
0.6085655400853367 0.30367814851626984 0.44930676312981244 0
0.6085688107107898 0.3036728381091642 0.4493048204936546 0
0.6085658371103843 0.3036791017814398 0.4493026448171239 0
0.6085631267704087 0.3036798879901302 0.44930277451631917 0
0.6085671720962672 0.3036779829872586 0.449298127241774 0
0.6085675702654236 0.30367578158750075 0.4493025361865815 0
0.6085665442699724 0.303678961292742 0.449292676530404 0
0.6085694626467559 0.3036723368902426 0.44930134959213114 0
0.6085656537195739 0.3036808848499001 0.4492960644973798 0
0.6085648931582636 0.30368019274804986 0.44929653710397827 0
0.6085637787527141 0.3036831537865645 0.4492949824262485 0
0.6085658067785672 0.3036821073802751 0.4492927157988132 0
0.6085657633097774 0.3036828555727747 0.4492946535940539 0
0.6085652243506859 0.3036808158796299 0.4492981241705883 0
0.6091321942168166 0.30441442602464935 0.4426559674616923 0
0.6105851599993967 0.3044153425600747 0.4237512364678907 0
0.6106806205134221 0.3042021071198451 0.40012263882094834 0
0.6106722817192101 0.30417879754065763 0.3772053649608209 0
0.6106790957230559 0.3041798623159616 0.3570535816242775 0
0.6105283199033004 0.3041259189779629 0.3342898294374719 0
0.6106575096852066 0.304038733726508 0.3113913796402201 0
0.6103470445965317 0.30416180097630374 0.29152844752439855 0
0.610433218988448 0.3037077781225233 0.267793598583731 0
0.6101672184927469 0.3041844438380543 0.24579722790869718 0
0.6100083626098358 0.30452031394413587 0.23036331978078906 0
0.610552509138825 0.3037602870487601 0.23105107571183237 0
0.610605183672281 0.30361278402615766 0.23099471062129698 0
0.6105992165658761 0.30362024364203133 0.2309872894817253 0
0.6105928140899692 0.3036241596921497 0.23097602292269911 0
0.6105815782068217 0.3036376189616153 0.23096591817919268 0
0.6105743084598372 0.303648240141139 0.2309549955499487 0
0.6105728490446969 0.30364956604834226 0.2309525835239004 0
0.6105656964643758 0.3036635156068912 0.23094222568569692 0
0.6105527733362225 0.3036816641549912 0.23093450633988605 0
0.610265430004608 0.3036802810675053 0.24719409798070924 0
0.6103083620135071 0.30388772640420225 0.2645882842504627 0
0.6105467080208788 0.30386120388185567 0.26343681904207394 0
0.6105171879115372 0.3038839971234511 0.2634405116861774 0
0.6105035843611755 0.303890015331601 0.2634376125692218 0
0.6104944952990755 0.3038924632865575 0.26343832726257027 0
0.6104893442920418 0.30389356618463526 0.26344193008252526 0
0.6104868635553019 0.30389677884614247 0.2634400577252391 0
0.6104808612810119 0.30390344905902 0.2634373325428938 0
0.6104835245950331 0.3039009725150319 0.2634404878724561 1
0.610480987036775 0.30390031125234934 0.2634455977538033 1
0.6104814703617707 0.3038981517589426 0.2634450154369686 1
0.6104806247736368 0.30390160367046487 0.26344975656069636 1
0.610483916732274 0.3038971460003177 0.26345401024466997 1
0.61048246922214 0.30390129045424247 0.26345285633634996 1
0.6104822886162937 0.30389954121209306 0.2634568783681563 1
0.6104830534712132 0.30389940783388886 0.26345861491868955 1
0.610485330127787 0.30389622234036495 0.26345630285662147 1
0.6104861273920579 0.3038973113536381 0.2634610575141282 1
0.6104850308345636 0.30390260801431723 0.2634644808605517 1
0.6104860418009109 0.30389744587678824 0.26346533543645545 1
0.6104846313587666 0.30390282666436763 0.2634843083011697 1
0.6096103950765366 0.30560534786001503 0.26186558044664454 1
0.6100705747118611 0.30469634725592 0.2617446819328069 1
0.609651420990198 0.30419541741621947 0.26246485958294985 1
0.6087534301014915 0.3041233404810941 0.26409384385230106 1
0.6088069552886974 0.3040841550357442 0.2641415843818715 1
0.6088195557918755 0.3040705917483644 0.2641004554409809 1
0.6073115477704515 0.303905584303317 0.263526506459741 1
0.6038273712094011 0.30296171520499093 0.26331185333603796 1
0.60147924383902 0.3026707630121528 0.2644289533422782 1
0.6011770781942568 0.3026472014272551 0.2645137650078221 1
0.601937274607607 0.2954405975375301 0.26460508320463744 1
0.6045195119620177 0.27585963345038056 0.26484406366493984 1
0.6067170171523422 0.2533607509152744 0.2640705969865657 1
0.6076913672802862 0.2341045831579496 0.2634513410824554 1
0.6089955316888269 0.22105489296212794 0.2633994495338018 1
0.6082028585835634 0.22176926465490418 0.2634662237987275 1
0.6076305809349414 0.22492766191745828 0.26246842584130153 1
0.5954384807183768 0.241051689147617 0.26589177412813125 1
0.5800888954375435 0.26001287046240057 0.2640418775676348 1
0.5721200993636477 0.2702463659907143 0.26246902485030793 1
0.5720214703505254 0.27014813056341463 0.2619323418419964 1
0.5716889388704003 0.27052321194724027 0.2624033943672791 1
0.5624803757878369 0.287925759617606 0.26410940727187604 1
0.5581116290337471 0.2978735911047294 0.262682984345598 1
0.5618265908073682 0.2978874831923012 0.26506301992141507 1
0.5803641241591533 0.2890723873100871 0.26177163981720647 1
0.5970860998515117 0.2823362495915015 0.2625116428481391 1
0.6025318422785301 0.2779102173090545 0.26330031716197166 1
0.5963239279380437 0.27856921419753605 0.26710406689477645 1
0.5791585444748457 0.2783276671045407 0.2671158849305035 1
0.5573921769976594 0.2748571715301628 0.26552474436227586 1
0.5431385776933115 0.2726554377788112 0.2646382250464914 1
0.5416150363194973 0.27228007956799066 0.26248332025272375 1
0.5417111839818209 0.27220942479246324 0.2625342319163261 1
0.5418925634525689 0.2722192078700917 0.26301168418821874 1
0.5420561160010288 0.2722335544088892 0.2634503618139854 1
0.5422171858179673 0.2722384923577943 0.2638269659223732 1
0.5423933683426511 0.27223322568811753 0.2639980066395587 1
0.5426882422943626 0.2721767667940926 0.26385388127359527 1
0.54260863086525 0.27220361920865144 0.26391072240419766 1
0.5421594039636428 0.2723057999151239 0.2641837891508873 1
0.5421956986023659 0.27230261238588144 0.26414881040177285 1
0.5422323463142156 0.2722956820732828 0.26412123642453733 1
0.5422499558103564 0.27230309841435585 0.264093618453425 1
0.5422678847851243 0.272302019689901 0.2640692878913936 1
0.5422695702990298 0.2723043239363418 0.26405554864487224 1
0.5422715490805501 0.27230741880114295 0.26405465746079404 1
0.5422724296004576 0.2723071255384107 0.2640456248152897 0
0.5422682660551426 0.27230914586312926 0.2640426324758194 0
0.5422694837667972 0.272316783616678 0.26403870030695403 0
0.5422671271025968 0.272313748241887 0.2640319261911067 0
0.5422636885305588 0.2723228946632293 0.2640266580014305 1
0.5422664431163383 0.272316623180728 0.26403152967761995 1
0.5422650107332957 0.272318930714355 0.2640253528453487 1
0.5422580109617482 0.27232532121201347 0.2640210256975928 1
0.5422613609796524 0.27232459779747165 0.264021413704857 1
0.5422590858301347 0.2723259072447902 0.26401770703583954 1
0.542263544648288 0.2723227760210419 0.26401786934629795 1
0.5422621649585376 0.2723209812273346 0.26401722150509377 1
0.5422678236727324 0.27231860654437695 0.26402761681509473 1
0.5422639599166381 0.2723203196505984 0.2640163766858624 1
0.5422633753791744 0.2723212628336114 0.2640158652612442 1
0.5422608700781184 0.272326089016243 0.26401945708278496 1
0.5422600217540253 0.2723235858611037 0.2640162057580936 1
0.5422623225331267 0.2723206790687682 0.2640185798876519 1
0.5422650722470236 0.2723192099375395 0.26401435358223313 1
0.542260432097929 0.2723224046598865 0.26401468973594266 1
0.5422605560623152 0.2723224172793231 0.26401754107295317 1
0.5422606545308273 0.27232337131938655 0.2640141854291916 1
0.5422612501561144 0.2723209785783045 0.2640183200153964 1
0.5422592520104133 0.2723266780475937 0.2640144428201033 1
0.5422618120273776 0.2723232554888838 0.2640152889108565 1
0.5422581771592557 0.2723321378984912 0.26364517525867925 1
0.5420645158250015 0.2727293297957737 0.24458650734294635 1
0.5418120784706802 0.27298835535807675 0.22467214332278931 1
0.5419189226350285 0.2725479888368843 0.2023972721551779 1
0.5421571120552728 0.2725441028819191 0.18251147603249987 1
0.5422893680238978 0.27236579481008816 0.1627812981924509 1
0.5418226618922304 0.27242654807562994 0.140619705822917 1
0.542142569317631 0.27249144665143327 0.1393233939947049 1
0.5421875980190791 0.2725092693579022 0.1395617900088951 1
0.5422093531342854 0.27250162856834914 0.13952576241359418 1
0.5416047018094319 0.27242219285130764 0.12641291318064968 1
0.5410402875270135 0.2723204039265977 0.10870379187469312 1
0.5418913640269039 0.2723804094714003 0.10920056071267444 1
0.5420139498156746 0.27238688259168736 0.10936496727246134 1
0.5421249314372346 0.27236924524293754 0.10928915575916849 1
0.5424174661563179 0.2723244428036385 0.10902945575684497 1
0.5423542062202725 0.2723301583870394 0.1090696126445079 1
0.5418405329750607 0.27242587470309815 0.1094045766324061 1
0.5418446302523897 0.27241688348222765 0.10926724448256933 1
0.5418315368762207 0.2724320551943601 0.10917647906715244 1
0.5418730236101225 0.27242105012419116 0.1091326165804482 1
0.5419153188130276 0.2724037902075651 0.10909457055930814 0
0.5420476621984641 0.2723949407890292 0.10898393256170702 0
0.5423052873015001 0.2723385970198229 0.10878710070680112 0
0.541772780162327 0.27241668156728677 0.10931129360143865 0
0.541829081129812 0.2724371393733759 0.10952942028953783 0
0.5418492830842022 0.2724389180061974 0.10953102349200491 0
0.5418664062059869 0.27243697427526564 0.1095307709742921 0
0.5418994500328334 0.27242422904675934 0.10953316700245866 0
0.5419235526262316 0.2724180091188333 0.10956945438700057 0
0.5419625976506327 0.2723890691097821 0.109607385219159 0
0.5419784797964355 0.27237382637046 0.1096151135862932 0
0.5419905017861038 0.2723637902940912 0.10960607049865109 0
0.5419967757283335 0.2723713568156511 0.10959014483070123 0
0.5420154894786231 0.2723575262441518 0.1095801174296292 0
0.5420503852384981 0.27235481391811 0.10954640393077628 0
0.5423844451860932 0.2723344248868031 0.1125068348386207 0
0.5423745149544674 0.2724530167180139 0.13297508628848892 0
0.5423295889625926 0.27243290835859896 0.15340374067918636 0
0.5418128914200452 0.2723818919271774 0.15383424790511502 0
0.5420702947438987 0.2723846560017673 0.16837783187584307 0
0.5424658296407142 0.272097575079571 0.19097638904736908 0
0.5421967627265902 0.27198802595808746 0.21041384717084535 0
0.5425287647575491 0.27161926010163107 0.23302385150111377 0
0.542460975207488 0.27166584081626094 0.2528338193165969 0
0.542464907598315 0.27185690747265634 0.27299415180696046 0
0.5420182500134479 0.27247556751309787 0.27291545209419266 0
0.5420510951959965 0.2724518950408572 0.27297476784968255 0
0.5421153583107826 0.2724223183900238 0.27314588194150474 0
0.5423912782840398 0.27232639022688343 0.27386741718095015 0
0.5423890534096727 0.27233600254230456 0.2738993309284767 0
0.5421344435388012 0.27245736611475424 0.2733961778129925 0
0.5421786622750354 0.2724389839574629 0.2734728226717237 0
0.5422164838035779 0.2724176891699877 0.27353499861492614 0
0.5424812433923851 0.27230160454042485 0.2739993373155786 0
0.5424587027828512 0.2723113803163959 0.27391697636467927 0
0.5423251524890895 0.27236607812129127 0.2736088385414525 0
0.542179174977879 0.2724239841688535 0.2732863748328039 0
0.5421971364823097 0.27232403576913133 0.27711092299651496 0
0.5427716442575719 0.271879882380317 0.2904188483793568 0
0.5426362400489168 0.271878243717127 0.2915997491449599 0
0.5426017560693992 0.27193125416958 0.2915530396180927 0
0.5425863390231274 0.27198659846551765 0.29146976693771065 0
0.5415959899827778 0.2736222770980622 0.2899765708810618 0
0.5419211179550586 0.27313033915916735 0.2906896640647104 0
0.5422553121456553 0.27271560195481714 0.29110959247061635 0
0.5421353285920737 0.2726141746474077 0.2917177320756529 0
0.5424556146442986 0.2722315611654991 0.2917994776433362 0
0.542516606924041 0.27206878295488257 0.2918003956203619 0
0.5444042347246375 0.25591558166653383 0.29167956507252424 0
0.547936998426615 0.23267292904226683 0.2914871517873196 0
0.5514506849464399 0.20982880507202067 0.2912268089507051 0
0.5542131264116775 0.18755946252583475 0.2911961959139066 0
0.5549759411433838 0.16473702637340393 0.2913515657728343 0
0.5551157002178773 0.14233601278312935 0.291670702593647 0
0.5559865581292611 0.12207488041594489 0.29156798473460194 0
0.558340574532012 0.09978334710367222 0.29074775219206833 0
0.5594397725872732 0.08070988138368966 0.2902796655981373 0
0.5570085583259287 0.06518144672095866 0.292179054775669 0
0.5528261643436636 0.048446768588958314 0.2926090781136371 0
0.5488009183326862 0.03371429205650625 0.292791617332424 0
0.5439443791394599 0.01966668134448607 0.2926438769507083 0
0.5385786260657324 0.003958737663480108 0.293511361452684 0
0.5331061851239713 -0.009785574886060175 0.29350027497207426 0
0.52669905476705 -0.024219234153895625 0.29393010541803377 0
0.5209327229275096 -0.03690363077977524 0.2941177698680691 0
0.5139512465492166 -0.05056405141577208 0.2944218712900201 0
0.5068350956267342 -0.06394706610445654 0.29524767880720193 0
0.5002956765379784 -0.07517497753791985 0.29593087243920474 0
0.4935626810585428 -0.08596786418485719 0.2959645756515733 0
0.48619847944477357 -0.09776956249113734 0.2964450423297887 0
0.47890839626803317 -0.10865450522663801 0.2969035557425515 0
0.47229969498293717 -0.11787960800243144 0.2972321924055459 0
0.46577514706392414 -0.12709179645728017 0.297573497315557 0
0.45835602832343236 -0.1364015349974097 0.29811299221946963 0
0.45134048343550226 -0.14547838010650743 0.29869936452059326 0
0.4453808592040891 -0.1523273463046604 0.2987854001637444 0
0.4444205231589287 -0.1538232754082377 0.29923210930601757 0
0.44582774465109265 -0.15238582587843186 0.2993675930791866 0
0.451862456366719 -0.14704738492475777 0.299502528761323 0
0.459978468440426 -0.13935324386847175 0.29988923901716746 0
0.4663190953818454 -0.13270865306584076 0.3005593988784093 0
0.4692595796992786 -0.13007359998023377 0.30035765312527674 0
0.4692119070302544 -0.13003949004357424 0.3003698970045505 0
0.4691357947865664 -0.13007889068979592 0.30039176815953267 0
0.4642183817180258 -0.13538996349535298 0.3004381867635699 0
0.455503939847783 -0.14651684803862575 0.3007969041592835 0
0.4477985797210514 -0.15547457551955457 0.3012724227389399 0
0.4408975398598635 -0.16327173710455695 0.30133436465159846 0
0.432269118252064 -0.17266739649933677 0.3016561568366292 0
0.42357323847266487 -0.18122401779177383 0.3019121378815623 0
0.4165881675488029 -0.1880423549458643 0.30176733435346637 0
0.40857507887480055 -0.19553142611412705 0.30262824336449945 0
0.4043515713159136 -0.19979199791926772 0.3027497861583114 0
0.4036270024253674 -0.19983849122663155 0.30254596117861543 0
0.4036817339411933 -0.19988141862277928 0.3025694548945501 0
0.40375953496433875 -0.19988104201118484 0.30258926497620126 0
0.4042893948268618 -0.20009074144225178 0.30278850907236343 0
0.4042331780344176 -0.20001943144102058 0.3027589316599857 0
0.40368232052035097 -0.19971700925927865 0.3025261704407774 0
0.40376189760826015 -0.19971664856328197 0.30264348319343165 0
0.40445219705297175 -0.19992050616263674 0.3029377064322546 0
0.404396469372164 -0.1996337302705289 0.3028164640808848 0
0.40411493876506593 -0.19940424962366093 0.30268068349977423 1
0.4040165967800434 -0.1993889893110789 0.30264209133237885 1
0.4041037425774275 -0.19943468871526193 0.3026746931689794 1
0.40444036467341093 -0.19960415051038868 0.3028109112595874 1
0.4043933914027853 -0.19959916459514915 0.30279958415181707 1
0.4043100949112247 -0.19957062781267215 0.30276438814837464 1
0.4038867382468634 -0.19938305512984367 0.30260001597183317 1
0.4039446227353029 -0.19942112410955004 0.3026241743639243 1
0.4044106067451615 -0.19965332521460483 0.30280951932215777 1
0.4044463528034936 -0.1997032901513517 0.302828910352248 1
0.40437096840800274 -0.1996806986792879 0.3028001337241234 1
0.403833468733928 -0.19943516648608547 0.3025915091960148 1
0.403885953347753 -0.19950466902076572 0.30261523684712377 1
0.40448034678177974 -0.19977758809908114 0.3028535835758709 1
0.4044161267414582 -0.1997520443435673 0.30282580695489497 1
0.4043597627733947 -0.19971668293359074 0.302801484893919 1
0.40380894493915176 -0.1994594974433717 0.30258442613482545 1
0.40387428792486235 -0.19947787962927538 0.30260902395129813 1
0.4042346830556185 -0.19966396425279465 0.30275200361293564 1
0.4044253472803076 -0.19974278934025114 0.3028268445011665 1
0.40437024965584223 -0.19971837687939434 0.30280323604090037 1
0.40381727730724737 -0.19945087012046903 0.3025831743457161 1
0.40386995201441345 -0.19948127561409196 0.30260444914766277 1
0.4041966039614287 -0.1996255142597157 0.30273116541279177 1
0.40443642402778884 -0.19973604161713593 0.30282810820519324 1
0.40436845207626626 -0.1996883912238166 0.30280022337527207 1
0.4038240953547188 -0.19943597683383793 0.3025849712582265 1
0.40388621343252484 -0.1994601113531247 0.3026045156710554 1
0.40427842301987693 -0.19967226543671926 0.30276623597821495 1
0.4044372166994014 -0.19972936790627413 0.3028262434570308 1
0.404393522825179 -0.19967761724369681 0.30280287246796606 1
0.40381879479282273 -0.19942230534574387 0.30257776602816 1
0.4038959847483305 -0.19943413955078165 0.30260414471769215 1
0.4039838045462312 -0.19954255460276693 0.30264760359153947 1
0.40443868466999816 -0.19974692954655912 0.30282859965327547 1
0.4043784412427024 -0.19972328342249718 0.3028056377966212 1
0.4038045726003131 -0.19944875078700852 0.30257889841250446 1
0.4038633598465622 -0.19946626357076663 0.30259736915212093 1
0.40395489776218685 -0.1995179697568849 0.30263779858089396 1
0.40444538360724364 -0.19974810186306274 0.3028322049762193 1
0.4043868239772098 -0.19972474658343814 0.3028112319227573 1
0.4038572859037336 -0.19947345563787972 0.30259995358209424 1
0.40385996714255123 -0.19946360303667213 0.30260046353439485 1
0.40392589397285894 -0.19949968271088908 0.30262538145439377 1
0.4044583584948787 -0.19974795563267284 0.3028391583860738 1
0.4043943144456693 -0.19972024079711165 0.3028146712516198 1
0.4038441428924013 -0.19945989912482728 0.3025957642076124 1
0.4038605987386811 -0.19946406676391598 0.30260067088347153 1
0.4039472211640338 -0.1995097833011386 0.30263653236094595 1
0.404515818317363 -0.19961836864351978 0.30283269483461306 1
0.40436302469490026 -0.19974282592827108 0.3028045488307333 1
0.4037876710044434 -0.19946824593174176 0.3025760301553879 1
0.40385017743568974 -0.19948550987722496 0.3025967807685945 1
0.4039313375338571 -0.19952266727975382 0.30262860574088235 1
0.40444185840976943 -0.1997557297764888 0.30283077523171376 1
0.4043848663584866 -0.19972294428500248 0.3028081035684362 1
0.40379262423370166 -0.1994416206239236 0.30257495300866755 1
0.40385860267040563 -0.19947163608381913 0.302599243579121 1
0.40395883889729867 -0.19951995194205044 0.30264142907803115 1
0.4044396184060649 -0.19974558910152432 0.30282822014445643 1
0.4043749605265736 -0.19971855832565755 0.3028076533581629 1
0.4038013479007378 -0.19945083828295013 0.3025765167281057 1
0.40386934634438404 -0.19947134534999042 0.3026026040792493 1
0.40402133056049927 -0.19954803589877396 0.30266328970894113 1
0.4044334103096509 -0.19974601195649017 0.3028284935819042 1
0.40437359297215647 -0.19972686919120447 0.30280489493893953 1
0.40380607906020566 -0.19945052622441112 0.3025818504289131 1
0.4038610726442497 -0.19947873383337672 0.30260067388992096 1
0.4039699461718099 -0.1995181977361296 0.3026414522483711 1
0.40443499397188337 -0.19974516330617564 0.30282810493812756 1
0.40437984067821214 -0.19972766917885054 0.30281065525698553 1
0.4037956407002291 -0.19945282495127195 0.3025750052594428 1
0.40386307703146074 -0.19947258955722041 0.3026022877660989 1
0.40392197746607705 -0.1995158769257317 0.30262747271100104 1
0.40445069514733256 -0.1997451312626466 0.302832085807365 1
0.4043888139943532 -0.19971746506564547 0.3028104067723034 1
0.40379779812279787 -0.19944776682800314 0.30257759878628115 1
0.40386514727114986 -0.19946875993983568 0.30259735890931816 1
0.4039340428760792 -0.19950582322772337 0.30262658427082606 1
0.40444331039083786 -0.19974805122772987 0.30283199621015694 1
0.40439434388322965 -0.1997258937575711 0.3028117670843446 1
0.4042022191477456 -0.19962739053847722 0.30273355653321016 1
0.40384950362821326 -0.19946237609594156 0.3025932737317484 1
0.40391438147608755 -0.1994877234873209 0.30261917834543023 1
