0.43852577810724924 0.19358878966605814 0.44684110416774003 1
0.4386784315549283 0.19341419592414932 0.44733640063678215 1
0.4386738592389044 0.19347981218558255 0.44717092038426287 1
0.43877783869700343 0.19357346240606121 0.4473659230148482 1
0.44321391033089175 0.1930073473893848 0.4479222095859239 1
0.46378868668272394 0.18925621266051718 0.44690779737110825 1
0.48306932923729196 0.18571668600386265 0.44634508699481734 1
0.48615155750505734 0.1854034708713015 0.4478439854436278 1
0.486058927494097 0.18620832933466386 0.4475681995157684 1
0.4860968040001447 0.18589055536028776 0.44717364732086007 1
0.48594204661341944 0.1860323849198785 0.4479598579978473 1
0.48601062535769074 0.1857622238981332 0.4472393354666479 1
0.47832004336419537 0.18555041218523816 0.4482665657989141 1
0.45846793081003057 0.18120801948320608 0.4488912189145498 1
0.43605054167771823 0.17257745980216596 0.44843142394196095 1
0.41663141730282566 0.1651466939886106 0.4483309589050901 1
0.4077829147375881 0.16202100845005374 0.44696014049431554 1
0.40524231918860854 0.16180385509470155 0.4465010381263098 1
0.3880403695023264 0.16017207556939614 0.44852453800010045 1
0.3796363124950196 0.1581139505116835 0.4476976246294589 1
0.3794445261824468 0.15763204399617756 0.4473015689540867 1
0.37944987957293624 0.15763958176242443 0.4473205847778148 1
0.3794531504533858 0.15764911878954282 0.44735332287880175 1
0.3794612579138936 0.15765829997621428 0.44740160059632794 1
0.3794770708583453 0.1576644636137844 0.4475019740477619 1
0.3795210855040325 0.15766709786572547 0.4477043340824297 1
0.3789325508995945 0.15778821668582965 0.44660289733414676 1
0.3796488490865462 0.15760626865164135 0.42542177932737757 1
0.37967304367446664 0.15751998088981467 0.4020951433256129 1
0.37935658152660534 0.15756710769479737 0.38194085090629676 1
0.3794508547794799 0.15769400725043645 0.361786339359918 1
0.37926410729298793 0.15774628947236607 0.34196305930093507 1
0.37898497678335685 0.15782537955892073 0.3194024229253986 1
0.3794685284904688 0.1575351294134592 0.29951815824044375 1
0.3789797427463566 0.15795030678931704 0.27662129511783207 1
0.3790288633625816 0.15782003464692418 0.2569962156948914 1
0.37950524297529625 0.15761557518798075 0.23200495739322005 1
0.3792371759288382 0.15774495145018047 0.21196070552681687 1
0.3792946296383007 0.15792161697785062 0.19209458342210697 1
0.3789645186402001 0.15791246731806308 0.16974621489958527 1
0.3789932674283045 0.15771352884209536 0.1471259895641983 1
0.37902004734668465 0.15769475043700015 0.14046064847579331 1
0.3789519707825048 0.15802256827906322 0.14042434675561688 1
0.37894939600804006 0.15805576675487643 0.14043817520003574 1
0.3789473671369605 0.15805539659893708 0.14043907499172892 1
0.37894607745349734 0.15804258740685004 0.14043743749484316 1
0.37934352613068945 0.15812267724933776 0.14078025267158376 1
0.37896662581719104 0.1583952792383706 0.1406348581979969 1
0.37877485983951054 0.15845849670064005 0.1407123574125026 1
0.37883320358327865 0.15810160706131707 0.14065236453134608 1
0.37889469998981373 0.15769999622132191 0.1406135464380061 1
0.3788790340568492 0.15770931588991194 0.14059911981460044 1
0.3788813147189088 0.15771780952297043 0.14060317902635378 1
0.3788809925691426 0.1577332816815719 0.14060103813026725 1
0.37888628373884914 0.1577491619871644 0.14060493645666142 1
0.37889377906995625 0.15776139165316785 0.14061410732816446 1
0.3789902736260138 0.15775611015875785 0.1406500150304621 1
0.378835635427606 0.15826199220562623 0.14064909261179806 1
0.3796861563574455 0.16505367548382754 0.1405070392548503 1
0.37938344611296126 0.179863662299817 0.14052415904213084 1
0.37916078183524526 0.1930580808923103 0.14086751932617864 1
0.38019817277337514 0.20306357276766113 0.14072311104505533 1
0.39105814574071474 0.20644302840919582 0.14076316621899312 1
0.4125363279233048 0.2077420481315806 0.13990859189495877 1
0.4208157262888983 0.2135211061607537 0.14020789504103298 1
0.40682106186423134 0.22322929015914544 0.1405232391576316 1
0.39076958686653523 0.22738801030547134 0.14057995343314675 1
0.3877287519545407 0.22749232531530728 0.14036585982691238 1
0.38775397771077125 0.2279618372707179 0.14047152231071083 1
0.38636051246940395 0.24332347296816573 0.14076497269771118 1
0.3862287077873352 0.25272525471076424 0.1406397270014747 1
0.38759804445024343 0.2572468129554674 0.14020862914355786 1
0.39155319154541235 0.2769524059321914 0.14025411842184315 1
0.39370739662570764 0.28422248461457955 0.14048769344669448 1
0.3944378128330876 0.29176919775005355 0.14059903508091734 1
0.3967356284538168 0.3074010786622101 0.14044488506045347 1
0.40445519319714407 0.31264642753739585 0.14013169080728216 1
0.41533703382335685 0.31367477117297726 0.1401127970742851 1
0.42330528513670146 0.3130397153426673 0.14066250547303397 1
0.42362114715775245 0.31261714128897516 0.14036358506062716 1
0.4238539440306687 0.31245665449944515 0.1404457974290349 1
0.4242728500537043 0.31235580329342105 0.14068605093953598 1
0.4241961968563837 0.3123560033259721 0.1406253171870457 1
0.423851760879665 0.31241193183135807 0.1404083237122661 1
0.42578611801282623 0.3094852483833983 0.14050774197794863 1
0.4316573529868791 0.30190587490394555 0.14013940556709817 1
0.4327155932240631 0.29997994334212563 0.13987987407272245 1
0.43252276966702563 0.3000307339883739 0.1398994225647473 1
0.4325718671129471 0.3000273643511159 0.13997490077872835 1
0.43307684262851903 0.2999383515489121 0.14033998781324034 1
0.4330160667772395 0.29994955413470004 0.14032036358334501 1
0.432957154287837 0.29996924039076656 0.14030324735009878 1
0.43234795398930187 0.3003868601079238 0.14031576201040352 1
0.43151673778070676 0.30079691057389557 0.14018611173801623 1
0.43207660475826526 0.30044201058116254 0.14045744923246395 1
0.4321332293836388 0.30039809660709416 0.13943684559566488 1
0.4322332620166146 0.30031715010997034 0.1403923221029696 1
0.43273974730188897 0.3001537089278079 0.1409865253511048 1
0.4326414483501669 0.3003682786590439 0.1397350804756047 1
0.4328241145416348 0.30001710166636997 0.1401444589815615 1
0.4324253949720219 0.3004384056598944 0.13994550327142538 1
0.4325434314279241 0.30027958956557277 0.14004714591374828 1
0.43238041361501955 0.30029735424951454 0.14007522573384862 1
0.4326353497993672 0.3002565349101727 0.14034190595145515 1
0.4320143915917272 0.30036879371527336 0.14004280202894603 1
0.4321131883850281 0.3003329563077112 0.14009238143616293 1
0.4321880394002082 0.3002769455341578 0.14011107900740186 1
0.43226337543756216 0.30020580901177474 0.14013252891829966 1
0.4323133795865461 0.30017289252677126 0.14014513779675514 1
0.43231937729070313 0.3001693424403059 0.14015135108049243 1
0.432329544045332 0.3001724816870863 0.14015560086050113 1
0.43234214993207676 0.3001733288080959 0.14016102873636357 1
0.43233818693118936 0.30017620641531617 0.14016225253396347 1
0.4323383729489838 0.3001759324732607 0.14016185330326508 1
0.43233173171992395 0.3001813051403077 0.14016069398239922 1
0.43233384087376553 0.3001823914771239 0.14015376952388087 1
0.43233378452062743 0.30018201364053326 0.14015311801630487 1
0.43233338540016125 0.3001848431879692 0.14015666249651057 1
0.43233671733312373 0.30018040443006644 0.14015626303299014 1
0.43233512997181534 0.3001858505547898 0.1401572356573529 1
0.43232726129827703 0.3001885374268971 0.14015400157483784 1
0.4323328544980952 0.30018779916895666 0.14015202546373878 1
0.43232887800304687 0.3001875725148086 0.140158400620933 1
0.4323292610070617 0.30018971640782766 0.140151250898016 1
0.43232682318212234 0.30019082533597996 0.14015787468668803 1
0.43332507777822254 0.29575284918478983 0.1402631295821491 1
0.4370537141993516 0.28525562041524843 0.14017979215607582 1
0.4372280448597974 0.2845456698948432 0.14030689308511013 1
0.4372817942123469 0.28450619307294345 0.14032130979685276 1
0.4370291625876302 0.27706714686237643 0.14011945652386681 1
0.4373666517245105 0.26819256591381596 0.13968550378398342 1
0.4373217613564474 0.2680369624068345 0.14035071540199406 1
0.43724631958104043 0.26803762597751535 0.14024869562051778 1
0.4371851931299744 0.2680483411366751 0.140172684030032 1
0.43719207073914745 0.2680611822245789 0.14017079635720003 1
0.4371863976527777 0.2680804707375912 0.14016536962473983 1
0.4371843414372973 0.2680922820102227 0.14016302147719895 1
0.4371743360435662 0.2681147931172705 0.14016179987749924 1
0.4372954288799386 0.26814480568951715 0.14003392700955108 1
0.43717538660989436 0.2682548546595051 0.14027895224585057 1
0.43721062236320457 0.2682805434405768 0.13967288822355142 1
0.43712978753461684 0.2683547573883215 0.14022654505229756 1
0.4371306900999129 0.2683810324992194 0.13988282177474085 1
0.43699697968965867 0.26838517368790243 0.139983057079878 1
0.4365986672515713 0.26843987414569903 0.1403804579985924 1
0.43689773537968574 0.26843344833717503 0.13958325875254582 1
0.43702422426522486 0.2684497699450174 0.13983307019386007 1
0.43707492749258325 0.2684180879172683 0.14006644120576328 1
0.4369418762867193 0.2684005342789767 0.14017997195646476 1
0.43702743881174655 0.26847959428139245 0.1402408838711963 1
0.4369390930671094 0.2685043786120569 0.14026106285399786 1
0.4370782214386417 0.26849654487399055 0.14008470835214903 1
0.4371119523946688 0.2684989658677175 0.1401377407177274 1
0.43711681738598535 0.26849293417463405 0.14014474148645642 1
0.4371217866032042 0.2684803612202096 0.14015157815442716 1
0.43712003658232074 0.26847672822696833 0.14014605555710377 1
0.4371158139285786 0.2684684967422462 0.1401384558824661 1
0.43688027161786186 0.2655298043350558 0.1403252384783336 1
0.43705420869366257 0.2531558435153735 0.14003911707160718 1
0.43742806202900175 0.24347234422725428 0.1404491715084482 1
0.43718011963849424 0.2429753541947659 0.13991341661007783 1
0.4371892687930784 0.24299932799085353 0.1399251055141781 1
0.43706923709483275 0.24288763765443422 0.14024724141650544 1
0.437210183862048 0.24289657611597373 0.13979067723488317 1
0.4375726525378104 0.24318224148874762 0.14003311781430183 1
0.4375710816378559 0.24328696747281636 0.14066883657541593 1
0.437390200236645 0.24339327894086132 0.14021792668364327 1
0.4371198871460052 0.24333805553929092 0.14035872074199496 1
0.43685359216385417 0.24327707077914884 0.13973256298682188 1
0.4366250186756892 0.2434117140073614 0.13958967385066967 1
0.4372848886004156 0.24312731449014233 0.14010383580172184 1
0.4372160577938163 0.24330245048748034 0.14009767338077958 1
0.437322642936481 0.24336989065335188 0.14034302862472595 1
0.4373666479100768 0.2433734361206995 0.14040987225026874 1
0.4370877890386414 0.24419716120328355 0.14062224567984255 1
0.4369485693573378 0.24442010809684916 0.14046132602771594 1
0.43643913350814 0.24393007038786674 0.13904235477827043 1
0.4369303742114508 0.24363222122668485 0.13987963510307727 1
0.43707150982142606 0.24359287229792506 0.14005627606195814 1
0.4370935491243337 0.24357830330961674 0.13997075352839292 1
0.4367193947982971 0.24357130121909398 0.13984414544774934 1
0.43705651039260585 0.2435253778227828 0.13998400903221303 1
0.43696474541591696 0.24351394823499037 0.1403215538128701 1
0.437351466169846 0.24323608593804957 0.14048173832832828 1
0.4376474155648476 0.242892910797816 0.14052350172458808 1
0.43704118573959233 0.2405664814733346 0.1397159929855704 1
0.43676978264892935 0.23564076196939138 0.13999780441739182 1
0.4372754162530614 0.22537259465442025 0.13982066404607396 1
0.43691736398064407 0.22483632558306044 0.13996623878642786 1
0.4282295159060492 0.22024519178184326 0.14026764478633502 1
0.4212865764965276 0.2020404101356052 0.1402728915792543 1
0.4186780736074453 0.19125219083854422 0.14029783605388188 1
0.4163670559561926 0.18497300168174916 0.14002628108431908 1
0.40772533579991055 0.1701755464472285 0.14051153445812115 1
0.39884912940780587 0.1547347997938892 0.14025341619929854 1
0.3925736066399381 0.14867784983243948 0.1404960838213228 1
0.380328594359308 0.13524310415207436 0.14061966168232304 1
0.3767531237718812 0.1307201543860448 0.14026045281598495 1
0.37663440549499966 0.1305530443595983 0.1406677203762362 1
0.3768880105871503 0.13070493632644764 0.14122379024256806 1
0.37674709553389635 0.13089069552806368 0.14109170536379137 1
0.37739896204602663 0.1305510628805649 0.14061010996488732 1
0.3771636044518155 0.1305936359744445 0.14055890143664837 1
0.3766880586036337 0.13060228256590106 0.14029563131816936 1
0.376667291895136 0.130618988038015 0.14032104811895416 1
0.3767176650164028 0.1306347653402446 0.14038159715627035 1
0.3771757389767839 0.13064972137209852 0.14068969993500777 1
0.3770734260823585 0.13066345734200924 0.1406391547653032 1
0.3766216388324246 0.13065991287853657 0.14036350077191972 1
0.3766756581250195 0.1306716347518032 0.14039775740747654 1
0.3767650942667992 0.13068063127602525 0.14045730773728646 1
0.3773098210063095 0.130666985245741 0.1407704575297749 1
0.3772011975091352 0.13066992003902417 0.14070039527932351 1
0.3767471079095499 0.1306682054486229 0.14042541135120765 1
0.3769320869282023 0.13302155997545653 0.14088031587897937 1
0.3758136122096987 0.14403726326576546 0.14077830950190007 1
0.37098271807734085 0.15657022759036232 0.14062828423183027 1
0.36458813481357416 0.17117649325989048 0.14050083013124492 1
0.36374997072532667 0.1856102470331236 0.1402666681119826 1
0.36503634602097695 0.20275747503893785 0.14078783291606556 1
0.3696893218782064 0.21955780670274727 0.14024124478802752 1
0.37635958207952425 0.23694011780693364 0.14052686682218563 1
0.38376727111703934 0.2510013246549439 0.14044128059676417 1
0.39474885637258195 0.2655644452287092 0.1402755496900244 1
0.40953750091286634 0.27146661074738765 0.1404019994932507 1
0.4229034323610367 0.27231730823517525 0.14005319569141092 1
0.42531677200699264 0.272506190332394 0.140599223950081 1
0.4243620720607449 0.2714239408064969 0.1398385266310158 1
0.42245398572981613 0.26050916161809046 0.14033518453583588 1
0.42255314595581284 0.24736639546472577 0.14011480701980086 1
0.4220450531528185 0.2464053398616261 0.14023474305034936 1
0.4166134548759252 0.24075387198367829 0.1403704881156837 1
0.41280106004152683 0.23527721781453104 0.1401912495812419 1
0.41248861579952434 0.23530915444624603 0.14044830833207347 1
0.4131685476935737 0.24240768847254884 0.14055171841352487 1
0.41927829153214136 0.2455634556317297 0.14021742318650876 1
0.4200667476560847 0.245700778628988 0.1403766595431133 1
0.41668047038004036 0.24563170398528583 0.1398791949762928 1
0.4113111463191135 0.2457803984176879 0.14059488046715707 1
0.4094732234082694 0.24563294706379402 0.14052880406474358 1
0.40927952490343505 0.24559924183298498 0.14053401599207702 1
0.4092895543531303 0.2455476280197654 0.14046816491196437 1
0.4093326137238197 0.24549927768565147 0.13409445665413494 1
0.40835701775470634 0.24535267113673934 0.11101588360919341 1
0.40935701351350884 0.24534216892169114 0.10513545098401278 1
0.40967961765906635 0.24533700421491 0.1053378330838754 1
0.4104967788677334 0.24743240127840838 0.10556866698392105 1
0.41021724540334825 0.25489047028694073 0.1058802608553846 1
0.4098714029146643 0.26436676356321637 0.10526035326924224 1
0.4096483781928468 0.27242225378563967 0.10512772451807331 1
0.40940366352236196 0.2792018604552061 0.10518132885598758 1
0.4098405869899622 0.2859746665649997 0.10547143911282385 1
0.40945980816574884 0.29478529026406786 0.10538558780629075 1
0.4094253870975363 0.3054311107197998 0.10507954430335331 1
0.4097295406477301 0.3162407446814526 0.10530043724154552 1
0.4095369344040591 0.32109575107033494 0.1051118460520877 1
0.40971974769108366 0.32121378638498477 0.10513481179317252 1
0.409702863805096 0.32119162437412446 0.10512807048034722 1
0.4096682475978532 0.3211778820658894 0.1051188618844589 1
0.40966419297343815 0.3211541689878914 0.10511306047937995 1
0.40966000352839776 0.3211331360666568 0.10511058013008048 1
0.40966083594019065 0.3211126560859937 0.1051106406241238 1
0.4097004481524086 0.3210582178082765 0.10510946087217912 1
0.40968927002126987 0.3210492385957725 0.10510158719082516 1
0.4097076298422315 0.32101564974561986 0.10509753802367124 1
0.40972008800934456 0.32099244968205154 0.10509657012664904 1
0.4097272163881408 0.32096637905693487 0.10508666679544447 1
0.4097464424152957 0.3209333672422946 0.10508219216693179 1
0.4097503039363095 0.3209112978253553 0.10507482617351027 1
0.40973696899974654 0.320893005339351 0.10505183150543936 1
0.4096262942371876 0.32085596239627245 0.10493866157227802 0
0.40984214140952524 0.3205867561260167 0.1049374372938748 0
0.4098362763652287 0.32059677309578016 0.10494156558728812 0
0.4098265880490249 0.32060953441443607 0.10493702062413092 0
0.4098117977236909 0.32063675552942167 0.1049414779848703 0
0.4098074121028835 0.320638102399149 0.10493673832009182 0
0.40978742662296386 0.32065729525018316 0.10493589231264379 0
0.40977890421381075 0.3206737705848337 0.1049372350747936 0
0.40976986430440976 0.32069206993786026 0.10494626249587802 0
0.40976911072403965 0.32069625204527297 0.1049444235537722 0
0.4097774968548129 0.3206931103399918 0.1049493480526647 0
0.4093416944286982 0.31883594129205456 0.10487591790883258 0
0.41263383204774096 0.30992583813122865 0.10499211520057404 0
0.41571156712314633 0.30028560116099523 0.1051872631794927 0
0.4189279993286463 0.28962946319186667 0.10574660774528712 0
0.4199960312102593 0.28571461349343086 0.10526580619050029 0
0.4199506963985837 0.2826323342818435 0.1053061577123315 0
0.4201750402894605 0.26416908640964915 0.10544874881306718 0
0.4199573434976469 0.243977683694175 0.10568472450128712 0
0.41953299635029345 0.22144134472516874 0.10537556775584835 0
0.4191894780947305 0.20087727960246843 0.10406682422223193 0
0.419440782574763 0.18489531034739584 0.10502670243541397 0
0.41989384148201675 0.1806009171182513 0.10532166188533909 0
0.41973822005591394 0.18036883508429125 0.10549838793286175 0
0.42235876777692105 0.17175510282261203 0.10507220203794168 0
0.42901536363949244 0.15092445744577182 0.10498774213843794 0
0.43614922818717233 0.12801694506682215 0.1050426749936132 0
0.44212203736723027 0.10806755179059221 0.10513661248457715 0
0.4475243176269012 0.08605768578317534 0.10501140340624916 0
0.4502617018597257 0.07143469866664816 0.10522991055558449 0
0.45024199533654236 0.06976416082802733 0.10524769488033672 0
0.45011913386199215 0.0692343225135447 0.10558926488729788 0
0.45001937790855917 0.05260206247339459 0.10491874050284579 0
0.4469395797965662 0.03289632288780424 0.10498883242899819 0
0.44245778492989823 0.009881185082052282 0.1051745837359348 0
0.43901327531441015 -0.012915558554500745 0.10531316926523729 0
0.43822329475715893 -0.03508123854094952 0.1047304275749553 0
0.43845671941488806 -0.05730263709167016 0.10484275486972508 0
0.4410803323592851 -0.07969845078263293 0.10449737554008572 0
0.4431182541221018 -0.0939890297606863 0.10458308871622672 0
0.4415743701582458 -0.10105912164811481 0.10731789290061443 0
0.4386628835022503 -0.10767760471354879 0.10944851268738076 0
0.43521501813574504 -0.1140051852810752 0.11186885500272556 0
0.4325645923749055 -0.11933436197186212 0.11434409347365221 0
0.4290912098772323 -0.12453514191082934 0.11623639056719297 0
0.42560476097027067 -0.1292882661089112 0.1175228816347392 0
0.42436585637824603 -0.13080833382672194 0.11784589713917558 0
0.4234317684415703 -0.131620211769142 0.11800801554464933 0
0.41846501593704843 -0.13728438964698714 0.11871057372237356 0
0.41225776821210863 -0.1433223788948238 0.11921160762896578 0
0.40629507518519165 -0.14951674908479595 0.1197055577655822 0
0.4019298118733165 -0.15355697205812124 0.11938064318413222 0
0.4005460756091013 -0.1549921489324315 0.11965868968286335 0
0.4005694037288245 -0.15506707540527961 0.11979126619998395 0
0.40058146560165225 -0.15505689059056174 0.11978855368961698 0
0.4005914053050999 -0.15504747946805328 0.1197794551140051 0
0.400597561735524 -0.15503661971007932 0.11977769219922771 0
0.3993733832335812 -0.1557489988437518 0.11977805362209451 0
0.3968139670603875 -0.15737988672406428 0.11834565829488769 0
0.39350466301276193 -0.15850621136946083 0.11615177210284933 0
0.3919110233824575 -0.15841457115789276 0.1142336635017456 0
0.38965359149541284 -0.15851996221352546 0.11084379015920648 0
0.38691293421595113 -0.1585875886267263 0.10875217981913361 0
0.38027349256678783 -0.1624619863997306 0.10734123187160172 0
0.37194584850603296 -0.16803452261590796 0.1056510219323029 0
0.3672476191789761 -0.1687013555376391 0.10412753718186407 0
0.36430373747477734 -0.16468152656445573 0.10317696307668761 0
0.36279625089829826 -0.15831990542285715 0.10249232681019708 0
0.3628091284291841 -0.1579781257092217 0.10289236697331057 0
0.3662953253622198 -0.15856563795454232 0.10327687531613336 0
0.3794214493151043 -0.15550894741841664 0.10248953529091723 0
0.3861465419649964 -0.15273508175796577 0.1039227310137093 0
0.3905272106558686 -0.1496639664341067 0.10429201529126045 0
0.39121576427630017 -0.1482629188726093 0.10342592142303668 0
0.39238997497894385 -0.14474572407722158 0.10301319922198582 0
0.3932967883496573 -0.13868661158806692 0.10316085327332106 0
0.39265702437422195 -0.13746461608585664 0.10244734419842798 0
0.39263737359859496 -0.1375364289391698 0.10250415359127431 0
0.39094237864766074 -0.1383766053855927 0.10299642880199983 0
0.3844590115810325 -0.1419168573820164 0.10280027736482124 0
0.3839119749480878 -0.1425549678990674 0.10290396394388275 0
0.3839279087569063 -0.14259592042214747 0.10305127651495459 0
0.38392106656669794 -0.14260723604780687 0.10304707480286214 0
0.3839149482305779 -0.14260514262302168 0.10303792118995174 0
0.3839080320506079 -0.14260696920782903 0.10303804623781952 0
0.3839075023942213 -0.14260919378702722 0.10304078743532274 0
0.38391330536423934 -0.14261758348852455 0.10304016108430396 0
0.38391677665871815 -0.14262353364344768 0.10304803172959769 0
0.38394598480726966 -0.1426575809361106 0.10307317860240701 0
0.38395689528552635 -0.14267063331154867 0.10308755176933376 0
0.38395817589467807 -0.14266970197122894 0.10308687086723349 0
0.3839608512439366 -0.14266754259035785 0.10308284533540724 0
0.3839555646371763 -0.14267151081642265 0.10308601656733882 0
0.3839577124719123 -0.1426676034063304 0.1030827133408396 0
0.3839578321578052 -0.1426675363537876 0.10308114067171216 0
0.38395658581778747 -0.14266822855973368 0.10308446815533245 0
0.3839547381941949 -0.14267102211235555 0.103080266357069 0
0.3839550172211292 -0.1426691317874199 0.10308119166632494 0
0.38395491905699486 -0.14266856563366564 0.10307801496493647 0
0.3839586539550363 -0.14266988865730018 0.10308052189358743 0
0.38395346394386987 -0.14266721900170062 0.10308064773490026 0
0.3839548812014127 -0.14266690879342533 0.10308152898786264 0
0.3839526975979275 -0.14266990538525556 0.10308130832002164 0
0.3839525908350038 -0.14266723927686986 0.10307628353351321 0
0.38395397092228506 -0.14266696854066688 0.10307637044702722 0
0.3839521949073579 -0.14266882374512277 0.10307833108557174 0
0.3839531750831475 -0.1426667933196535 0.10307723746145629 0
0.38395288575817804 -0.14266925150392065 0.10307724097942776 0
0.38395270548634647 -0.1426685742677854 0.10307668352797786 0
0.3839536463977003 -0.14266588876674158 0.10307612921490629 0
0.38395070935856174 -0.14266922066709659 0.10307670388131442 0
0.38395297553426744 -0.14267078081834003 0.1030751071091521 0
0.38394870965360295 -0.1426686574898201 0.10307961784540856 0
0.3828054232133395 -0.14294428250009603 0.10235266727135073 0
0.3767229626737576 -0.14795889727935427 0.10300651297907233 0
0.3717636878385746 -0.15257626363225563 0.10335364544701231 0
0.37086964966919783 -0.15323099228911838 0.10318524998240115 0
0.3709058760676037 -0.1532410605336089 0.10316541531981435 0
0.3709316081741489 -0.15323729492524205 0.10315664352726253 0
0.3709597607262549 -0.15323308057242366 0.10315373089114796 0
0.37104468961254966 -0.15328213038968744 0.10320158189832723 0
0.371055047522287 -0.15327154283627645 0.10314001998206711 0
0.37095083462301925 -0.1532148193573441 0.10301944840119527 0
0.3678044966310137 -0.15226999779755693 0.10314887222615754 0
0.36125996162336066 -0.15282589724939005 0.10301093497008564 0
0.36006915025931757 -0.1528556348855541 0.10277143943102916 0
0.35985227407716075 -0.1529114862015004 0.10261354567353013 0
0.36000199073912115 -0.15290226208600227 0.10282833698174072 0
0.3601489537899266 -0.15288417961890446 0.10304418375219195 0
0.3601020415525856 -0.15289812207885006 0.10297014096956096 0
0.3598545220370916 -0.15293622865459333 0.10261570155530499 0
0.3598989357580311 -0.15293181989036703 0.10267936575736654 0
0.3601926152206387 -0.1529059644132577 0.1030980508153683 0
0.36016206508582693 -0.15291406558355508 0.10304833097321026 0
0.36000143484000047 -0.15293473392019907 0.10281116744306856 0
0.35989476190354236 -0.15294723148124342 0.10265354796356327 0
0.35996817323267777 -0.15294212267615806 0.10275719802479516 0
0.3602068943929466 -0.1529144408202428 0.10309847824633317 0
0.3601675632489703 -0.1529225824979267 0.10304491685557379 0
0.3598800941239458 -0.15295517287845986 0.10262135505307345 0
0.3599173675769021 -0.15295377076992106 0.10268062750374835 0
0.36023413583946184 -0.15291868643590895 0.10313868483806996 0
0.36021165442595415 -0.15292567970707363 0.10309730955642449 0
0.36016999010026407 -0.15293262355359288 0.10303318949671657 0
0.3599058073264971 -0.15297831372022713 0.10265257549768232 0
0.35998697077945213 -0.1530121572621915 0.10274804959023233 0
0.36028529497410805 -0.15297427442912423 0.10317506058430999 0
0.36025136947196584 -0.15297705168938666 0.10312411478064992 0
0.36019218176577 -0.15298296767082828 0.10303758801372045 0
0.35995260685714764 -0.15301464448455981 0.10269337923228695 0
0.3599916901879631 -0.15301175372828293 0.10275433879288216 0
0.3602760095885863 -0.1529708482997841 0.10316057955392524 0
0.36023565731951296 -0.152975147185018 0.10310590956005071 0
0.3599318101939178 -0.15301142326684902 0.10266648950178257 0
0.35996199781495336 -0.1530112252896225 0.10271448666747104 0
0.3601491910853738 -0.15298674627085806 0.10298261949326888 0
0.360255810225255 -0.15297346841136922 0.10313633838371566 0
0.36021483703276325 -0.15297898513351113 0.10307594341886768 0
0.35994351023593085 -0.15301275033575054 0.10268400057194808 0
0.3599728965160674 -0.15300617867168967 0.10273381791215723 0
0.36027572479452324 -0.15297468527945324 0.10316943015576407 0
0.36024816078832533 -0.15296750289457223 0.10312081384947325 0
0.36019592409449397 -0.15297638708826644 0.10304750211162929 0
0.3599474076231552 -0.1530041282388405 0.10268926131756569 0
0.36000470413212093 -0.15299978676855067 0.1027689897259081 0
0.3602683467627368 -0.1529668321161272 0.10315270931660091 0
0.3602379308336847 -0.15296859061158583 0.10310723801657713 0
0.35994080155314895 -0.15300857000201937 0.1026811937205711 0
0.359961961895443 -0.15300315367328482 0.10271329325206664 0
0.3602762037360093 -0.15296830505357742 0.10316980682149787 0
0.36040315589635324 -0.15341761048443664 0.10372082480944526 0
0.3596316786763081 -0.15322712932214416 0.102908638602093 0
