0.43861311122259666 0.1934201654408676 0.39264714973216713 1
0.4386080894568023 0.19342531648644862 0.39265040196949663 1
0.4386058611534554 0.19342492447733892 0.3926485705351255 1
0.4385256358270907 0.193701922248039 0.3906312895103835 1
0.43865608226374564 0.1937397164389184 0.37089161297844025 1
0.4387524108553791 0.19346172302246895 0.3503668728223696 1
0.438561241022192 0.19361998322604984 0.3276263062542916 1
0.438449562808589 0.19350007848654405 0.3073408998490973 1
0.4384539071141914 0.19343440346931695 0.28480597043279104 1
0.43851377556605103 0.19358583607070248 0.2648656625712983 1
0.43839826037822555 0.19355989344561247 0.24509225139842697 1
0.43808525146531824 0.1935316254523731 0.2246488541535143 1
0.43773456041133657 0.19354566107484378 0.20423801235840813 1
0.4377605802280658 0.1937720788734587 0.18217891397594574 1
0.4380853032333235 0.19349737348638973 0.1597027652662513 1
0.4382523351335483 0.19363638626024524 0.1372572176336572 1
0.43831613166751576 0.19351378975680483 0.11741561111581422 1
0.4390340940457591 0.19320141804022356 0.11101986852252903 1
0.44126071664312905 0.19312941836453779 0.11145361146792519 1
0.46063738567331425 0.19235832237188588 0.11029458981440052 1
0.48066968800594856 0.19277444459298748 0.1101453726870394 1
0.501585824656433 0.1932378151447426 0.11032141560895672 1
0.5187472480015209 0.19329160708622437 0.11019263178233125 1
0.5288148071140902 0.19342487214470627 0.11074467173265937 1
0.528866518235432 0.1935277760144124 0.11061830487952035 1
0.5288796402496714 0.19352000607552006 0.11065162508574501 1
0.5290562112874085 0.19345728297620132 0.11081562009560812 1
0.5289206252730244 0.19346684817757032 0.11066890322972957 1
0.5288193334424479 0.1934740673227355 0.11055696929107671 1
0.5283041464469326 0.19353131735049328 0.10998787065452924 1
0.5283386323937381 0.1935196840577517 0.11002248651158976 1
0.528261396836209 0.19300601521607244 0.10896349304479022 1
0.528843932439451 0.19289790504526222 0.11013835540422248 1
0.5284965198189255 0.19351782484885477 0.11041658967405707 1
0.5272253610270508 0.19460677172005886 0.10910120313256115 1
0.5276924494768381 0.19428040721816903 0.10955989843975607 1
0.5280996488171429 0.1937979163528648 0.1096674252238557 1
0.5281941109770454 0.193835759243225 0.10977808246569792 1
0.5283455008719763 0.19340806281532735 0.10970887237434193 1
0.5285616995518756 0.19335192335795492 0.11000715923772765 1
0.5283026561391942 0.1935999805466973 0.10998923302861029 1
0.5284515184956864 0.19350768476105765 0.10997482653672762 1
0.5282529070930498 0.1935884970877891 0.1094591560627107 1
0.5290079055615655 0.19440024889080976 0.11068017753185888 1
0.5323741812829249 0.21166251791485738 0.11034374718311644 1
0.5359569231825724 0.23056500119758247 0.11009680849585732 1
0.53758763441854 0.24141508290282376 0.10972581434760417 1
0.5375814128418295 0.2574585920832675 0.10993052796243354 1
0.5383680608230172 0.2716784289177295 0.1099305111223455 1
0.5369013473852149 0.28141793018386757 0.11016903726683927 1
0.5372933526266622 0.2808510162186174 0.10995687138719475 1
0.5371306319738096 0.28050088267561335 0.10147088449186492 1
0.5375461714918741 0.2803349339482822 0.09954677489306676 1
0.5377226219250026 0.2801023807740497 0.09970030335486373 1
0.5383163369627653 0.28287914262604713 0.0998452685039992 1
0.5367352717243826 0.29914192835083947 0.09891972611642903 1
0.537626079250826 0.29951697281576656 0.09965544123769386 1
0.5375184646623292 0.29953320834596775 0.0993296284707179 1
0.5375310872064457 0.29956731001843595 0.09945022269717091 1
0.5375081374042497 0.2995559740856938 0.09940335054868847 1
0.5374931829696439 0.2995472778902941 0.09937516358625205 1
0.5374939053239353 0.2995326573021112 0.09936830519120261 1
0.5375000153084256 0.2995158685336272 0.0993716839280088 1
0.5374923894754947 0.2995113664411083 0.0993709858047556 1
0.5374803978330662 0.29950654582034203 0.09936665470223127 0
0.5374826487876849 0.2995002468546305 0.09937000066114923 0
0.5374882188251102 0.2994882711246547 0.09936829697483701 0
0.5374773054442741 0.2994879461185833 0.0993453596904964 0
0.5375033690737037 0.29946889372430796 0.09933905569058506 0
0.5375276227900353 0.2994230287307197 0.0993370683429484 0
0.5375353623635546 0.2994048700020845 0.09934381129704062 0
0.5375279283832506 0.29941041429554294 0.09934236618997457 0
0.537533484074988 0.29940267603026155 0.09934412302063779 0
0.5375322847848678 0.2994065288994767 0.09934633033448675 0
0.5375338508173831 0.29940019245766036 0.0993450194583123 0
0.5375809872373252 0.29944215408450703 0.09962311302447757 0
0.5361394565734948 0.29938481448015053 0.09881516684324924 0
0.5352798451399923 0.299098654583692 0.0997390298220245 0
0.5354162054319267 0.2988984596177918 0.0998177561572578 0
0.535651077966214 0.2989029238909592 0.10083320808007237 0
0.5370652689255173 0.2991190181738942 0.11107865404623785 0
0.5376554380341235 0.2994026065690041 0.13432813106891975 0
0.5375146070107656 0.29942988760363665 0.15654492735303197 0
0.5377705446807625 0.299195125551871 0.17897023858598235 0
0.5373531369130257 0.2989621580034739 0.19865439167195909 0
0.5378384602584007 0.2988787735849434 0.21883239970111806 0
0.5378239132702761 0.2988125416061763 0.2410975519979691 0
0.5379099710807769 0.2990950668712177 0.2610350796379987 0
0.5374346364784112 0.2982202384830236 0.2822677869171241 0
0.5395278182557403 0.2813980256888039 0.30508920944544016 0
0.5440511396835008 0.2576821692262468 0.32817061880639803 0
0.5484033725021794 0.23433211183704908 0.3533444868812352 0
0.5521457710311561 0.2130479184036219 0.3723902230777156 0
0.5512928573515598 0.20182316618848528 0.3841005004616515 0
0.5497930052345928 0.19588053200923844 0.3952078338710132 0
0.547920599118776 0.19514474425951173 0.40369238785685646 0
0.5475878844208225 0.19370040032105088 0.41109469089194994 0
0.5480885155332759 0.1934284897142845 0.41236201329442884 0
0.5482359940335992 0.19341922535009448 0.4119266120606826 0
0.5501980047823938 0.19333556798172988 0.4052734234056864 0
0.5521758460208741 0.19350427898802994 0.39544305256662804 0
0.5551918887754451 0.19334519702025044 0.3836455515790279 0
0.5574688426683744 0.1930480716927312 0.3711187194698605 0
0.5598099033664391 0.1926450860191091 0.36030310381154773 0
0.5614549983246852 0.1925393507953282 0.34784722357315473 0
0.5632086854805743 0.19256938030412818 0.3372980791738992 0
0.5644008950074137 0.19266077962665212 0.3246116967657683 0
0.5662238008923244 0.1922771861793131 0.310805572215574 0
0.5675774316109456 0.19236516103822004 0.2880371785089264 0
0.5683287692037573 0.1920806554964234 0.2724395033719891 0
0.5679517698124423 0.1921541979284552 0.27246615996672635 0
0.5651184686265083 0.19275100093411285 0.2726067380442217 0
0.5598210606998424 0.19345126705313323 0.27225871221435954 0
0.5559013040730985 0.19324876069834546 0.2722499768276273 0
0.5543641906788208 0.1931991674889145 0.2713521342504905 0
0.5569903455522798 0.192102897028714 0.27228014061050826 0
0.5613015072945501 0.19192221235840196 0.27238030893983656 0
0.5666396348892153 0.19188890107316858 0.27246603525322527 0
0.5717194915204719 0.19192219359643217 0.27289643966117233 0
0.576455755974457 0.19142759057120817 0.27262705999231507 0
0.5810699043265161 0.1910534298708071 0.27260511620313016 0
0.5858554822244063 0.19105338085422646 0.2728131789859259 0
0.5906207582599127 0.19027246800884368 0.27306107976488964 0
0.5930979755896401 0.19045726513379646 0.2728346268956527 0
0.5936026402907335 0.19003572928174878 0.2747677054540742 0
0.5931837583728192 0.19059664767200218 0.2736245920596246 0
0.5931702883537677 0.19047488393534273 0.2728102580544668 0
0.5931512511990911 0.190318249478449 0.27257777649249626 0
0.5931992894864844 0.19028201277200196 0.27255062944854713 0
0.592930191369661 0.1904091600496784 0.2727799011460907 0
0.593158327442816 0.19042312087832766 0.2728713834819598 0
0.5925737511921589 0.18731829729298174 0.27273603161499466 0
0.5934863684683616 0.16381050170657419 0.2736746257453001 0
0.5962547028785972 0.14171655869060473 0.2726385499976366 0
0.5995555149001326 0.11823048378323701 0.2730929499388921 0
0.6026689626350097 0.09555402035588642 0.2731142738090608 0
0.605654679014204 0.07319105512924676 0.27291977221859587 0
0.6087939944386485 0.050598867854678334 0.27315243992743576 0
0.6113764864215078 0.030213280789482475 0.27219486792070074 0
0.6120886209794211 0.027208107813691124 0.27585455199917064 0
0.612301098125627 0.026324611550349458 0.2750491185758499 0
0.612003310454518 0.027748374274914403 0.27376722149969335 0
0.6118645305418696 0.027941773241367013 0.27339202422627007 0
0.6117831464180964 0.028302565142145658 0.27298902818285786 0
0.6117102207210408 0.02858576040611789 0.27305284695023396 0
0.6117046194408426 0.02842604745216734 0.2731735375684696 0
0.6115800813528525 0.024549940899383657 0.2730994816149076 0
0.6126348745901135 0.003603800137824534 0.2730068935961288 0
0.6143555278724191 -0.016863080870545166 0.27303794384011687 0
0.6168102342086779 -0.0397309387605775 0.272891843273907 0
0.6193010582376312 -0.06023057007624896 0.27303771185439557 0
0.6217052645424282 -0.08315968009644742 0.27292150400353465 0
0.6241250431095562 -0.10499478536414328 0.2730073349500929 0
0.6247841583750945 -0.11375061666853145 0.27397917156430945 0
0.6249759219088937 -0.11319751198598471 0.27451798173521186 0
0.6248315638274669 -0.1124327384362936 0.27309230447434546 0
0.6246104127397448 -0.11125998353660509 0.2739487465437148 0
0.6243157023342151 -0.11167023370303802 0.2912509668759913 0
0.6246924964252578 -0.11174774572084883 0.3040157234017346 0
0.6243492902868302 -0.11121283131050089 0.3050890288471144 0
0.6069725429442452 -0.11002189994286168 0.30745032678407835 0
0.5864418796366188 -0.11068646369625959 0.30676485859697955 0
0.5636221402561671 -0.11447072200534487 0.30628487478331545 0
0.5434697993943316 -0.11829215736581239 0.30613476130779943 0
0.5215271475315371 -0.12343908126539843 0.30612357234723725 0
0.5007880169560293 -0.1290629619679109 0.30599993432755773 0
0.4811228679195437 -0.13478251617787573 0.30613847250306536 0
0.46181056889449507 -0.14052740183247503 0.3063090635434535 0
0.4450122287009379 -0.14561144231655546 0.3067006688571173 0
0.42603348295089055 -0.15127564462247028 0.3066251303918086 0
0.40750284863927044 -0.15717543084221355 0.3066910682476962 0
0.39117200242382694 -0.16376549038121052 0.3066640753257721 0
0.3729155450343957 -0.17291915544936998 0.3068443131480016 0
0.3568294967909456 -0.18120277249420655 0.3068711119371154 0
0.3390191474346055 -0.18987871577519594 0.3065783458233982 0
0.32500491312486945 -0.1979722116125564 0.30699662822311524 0
0.31244752729763936 -0.20495284661923013 0.3068207438043363 0
0.2985254833731441 -0.2127942788601845 0.30706761464691423 0
0.2849521103735108 -0.2206501348018336 0.3069970945333125 0
0.2810722235732718 -0.2236440875909323 0.30630815047814464 0
0.2809696597122659 -0.22465023625703304 0.28793504493358285 0
0.2809801130618825 -0.22480722541176176 0.26561311490977374 0
0.28096912050576084 -0.22402331353653315 0.24477650780577614 0
0.2810877285462442 -0.223265012571282 0.2225414569432812 0
0.2810859926826086 -0.2237943390738669 0.19987501664537946 0
0.2813159132675743 -0.2233960035229188 0.18036763641234793 0
0.2814158445173543 -0.22354278541014672 0.1577557976850487 0
0.2813664379788754 -0.22382201286530273 0.1355183279024811 0
0.28120835617788664 -0.22373049925052352 0.13004687265017287 0
0.28135012933446113 -0.2235886686214424 0.13002142271609815 0
0.2814573466301849 -0.2234927240471669 0.1300330515808085 0
0.2818451176957828 -0.22572659716041535 0.13029684951998075 0
0.2835675281796216 -0.22937273582170553 0.130597588980547 0
0.28955263780371354 -0.23137702339591676 0.13013160259175707 0
0.29636626406122174 -0.23308458492479037 0.1305128255416307 0
0.31097262660286734 -0.24033667682311663 0.13026545971228629 0
0.31571165552370517 -0.24432727737315652 0.13021035074703133 0
0.32545518074061225 -0.25290616694497975 0.12981349472010686 0
0.32884722157152324 -0.2553990192801227 0.12994542177629148 0
0.3380087757907487 -0.25485710536214323 0.13016785027208447 0
0.33879836608320124 -0.25506303328858515 0.12945663752038297 0
0.3387968491453185 -0.25507415747569906 0.10979765064435636 0
0.3384496414192031 -0.2544903597731834 0.09282804030442277 0
0.33864329766514045 -0.2550406089931935 0.09228699203397876 0
0.3408502026839414 -0.25561032700991243 0.09306455788877542 0
0.35150817721158567 -0.25500713059801455 0.09252677906466364 0
0.3517399428182487 -0.25542208657708027 0.09253777773149088 0
0.3518556976176588 -0.2552323626928913 0.09252518876830683 0
0.351854769432638 -0.25523469476450716 0.09253273922951859 0
0.35184580415472544 -0.25522410166075 0.09252746019282652 0
0.3518380828832385 -0.2552238089461339 0.09252175892230471 0
0.35182977477592753 -0.25522080990720564 0.09252427292727303 0
0.35181449189605973 -0.25522673594278056 0.09252547055552163 0
0.3517697802039679 -0.25527878615790106 0.09251605855917949 0
0.3517081696973157 -0.2553584390137989 0.09251843767188103 0
0.35170622377229155 -0.2553557031560797 0.09251507927756311 0
0.3517020012758037 -0.25534862976696177 0.09250949920604586 0
0.35170032389760025 -0.25534433735102824 0.09251045803499278 0
0.3517033019305666 -0.25533943982988755 0.09251264921159444 0
0.3516521620489559 -0.25521110952201415 0.0924535846072664 0
0.35165422912518907 -0.2439820130907771 0.09197991638260002 0
0.3517897742270496 -0.24295665391851595 0.09241225324184746 0
0.3519415219219475 -0.24255897311354435 0.09239744697404664 0
0.35162764037835736 -0.24193192893616003 0.09211264998357026 0
0.3516523352158959 -0.2420055309871547 0.09215164261542938 0
0.3516890011383197 -0.2420884382242136 0.09221254375562743 0
0.351950221308605 -0.2426316096387278 0.09250125828242037 0
0.35191355273994773 -0.24257413108795617 0.09246948882798858 0
0.3516087992204353 -0.24197604178850032 0.09214900704545503 0
0.35164490431801493 -0.24206878751101168 0.0921946175859778 0
0.35167406228397213 -0.24214147137080533 0.09222985124316359 0
0.35194782135647484 -0.24269749527370454 0.09252059067859922 0
0.3519141848717994 -0.24263784291213727 0.09248904394553818 0
0.35160874480683657 -0.24203419142870986 0.09216802342745921 0
0.3516500164008946 -0.24212099077136018 0.0922127426322848 0
0.35168563008867876 -0.24220609898167936 0.09225146941836841 0
0.3519522834653036 -0.24274934392721378 0.09253908801391846 0
0.35191377473368557 -0.24267001982479824 0.09249813583405365 0
0.3516227681801798 -0.24209529681484038 0.09218590485689905 0
0.35165247330981325 -0.242169201943509 0.09222614258440016 0
0.3516929703580925 -0.24224616185617937 0.092267679841994 0
0.3519565737735727 -0.24278475988570616 0.09254822569977184 0
0.35192107682066515 -0.2427128533133317 0.09250926718530228 0
0.3516211222331881 -0.24210513966010427 0.09219093744190153 0
0.35165589995141155 -0.24217924429996388 0.09222976161781359 0
0.351694874171101 -0.24226579102228255 0.09227268711335695 0
0.3519519209215418 -0.24278375338048763 0.09254607563304201 0
0.3519161998149569 -0.24270762215087158 0.09250867891632787 0
0.3516293526138271 -0.24213678083087392 0.0922015225364425 0
0.35165296268904195 -0.24218174005111703 0.09222959856451729 0
0.3517033316141206 -0.2422802591340577 0.09228181170242356 0
0.3519418809894126 -0.242765434193439 0.09253657763224346 0
0.35191298081082173 -0.24270513989231363 0.09250404211352366 0
0.35162917334670357 -0.24213030888441237 0.09220509998754003 0
0.3516538312577896 -0.2421810613166791 0.09222968728563159 0
0.3517024448229387 -0.24227793396001324 0.09227893501664078 0
0.3517332824293634 -0.24289587415258104 0.09254479610629955 0
0.34197615098540074 -0.24462920286338571 0.09207405718764121 0
0.3244944809109589 -0.2513334313177815 0.09252780110130704 0
0.3104461620766692 -0.25885384224896774 0.0929776733656202 0
0.29983701580765787 -0.2659054527317887 0.0929357013392081 0
0.3011571292458749 -0.2625202692287192 0.092157623375461 0
0.31409142178878197 -0.2481109208695961 0.09242246716824246 0
0.32003277546636855 -0.23471544105242503 0.09244272678054198 0
0.31549820063836886 -0.2216580243384056 0.0925924228839013 0
0.3076035120278631 -0.22142210713552568 0.09243489950023205 0
0.3014935821256385 -0.23793982599299565 0.09251124599896308 0
0.2856984189281545 -0.23768293775886165 0.09204552546885764 0
0.2683949021912114 -0.2273086337465529 0.09231074931661462 0
0.2668373710233237 -0.21064345875311996 0.09276532364712109 0
0.27850911968832603 -0.19767641076478915 0.09286649128322925 0
0.2817156022670268 -0.19451398521078858 0.0924888979478896 0
0.28166040606101533 -0.19412529191635058 0.09270523620078114 0
0.2818917545059806 -0.19422700215112043 0.09273528421973005 0
0.28244314477118404 -0.19488499800768846 0.09290214250382045 0
0.2822773497783807 -0.19466929284314075 0.09269915363356536 0
0.2821367513048102 -0.1944212836940803 0.09276054779948525 0
0.2818976574753753 -0.19441817451446558 0.09273415317539448 0
0.28164349658067334 -0.19428793710516118 0.09267532879191676 0
0.2815500008604328 -0.19459013607934386 0.09263241623583401 0
0.2812408986274532 -0.19480438600054156 0.09266031287356213 0
0.2775922608395789 -0.19422981863770905 0.0928346112877875 0
0.273419662068649 -0.19444598932939886 0.09275537718025467 0
0.2729690857546553 -0.19492825518125398 0.09281870491291426 0
0.2729507331946043 -0.1947243787738464 0.09270686287732124 0
0.27171380319259997 -0.19408735689595338 0.09293108588255942 0
0.26518475072375003 -0.19253554667446549 0.09277641081262955 0
0.2644867303169953 -0.19301477011939364 0.09286880578237815 0
0.2646593320744302 -0.1929202078237585 0.09286259691725395 0
0.2647106877824992 -0.19016628525258958 0.09290837195634244 0
0.2646576150272422 -0.18892411657201644 0.09271998709517149 0
0.2647335659827461 -0.18898160720591792 0.09303084876851309 0
0.25987068206030633 -0.18887519479927728 0.09286716697197772 0
0.2587927428356337 -0.18871752395116104 0.09285672681420447 0
0.2585892906898746 -0.1885231958636155 0.09282772630662652 0
0.2588081295321242 -0.18860921839744033 0.09287770574379327 0
0.2593774313732534 -0.18807843302349453 0.09273491929071274 0
0.2644962442531663 -0.1872556828561492 0.09228246130672979 0
0.2653216592929498 -0.1879427643215423 0.0925094303019921 0
0.2653726957274811 -0.18789107424936857 0.09250380402735163 0
0.2655831918736511 -0.18816456553095237 0.09271927429142836 0
0.2692563624347075 -0.18614889942524218 0.0929910201454598 0
0.2716367411552124 -0.18582765871566362 0.09366949248475885 0
0.27183401473580193 -0.1853135110283648 0.09360528222522678 0
0.26952646287030047 -0.1850215830895995 0.09315662334543884 0
0.26559199983064924 -0.18495817039808166 0.09284156624052473 0
0.2584759908096915 -0.18533340030268125 0.093178073073888 0
0.25348332500483844 -0.1852200795644542 0.09318093300873377 0
0.24716231252535978 -0.18523521481592775 0.09320364291061672 0
0.23771537094974765 -0.18474526383915263 0.09303900992292066 0
0.23286950449654886 -0.1841731638894624 0.09278958219067839 0
0.23289746382057014 -0.18420356723052256 0.09254601704664751 0
0.23322672691108448 -0.18440549613867405 0.09269553879252526 0
0.2333457566620127 -0.18463444685648334 0.09283432788671789 0
0.23588364576192103 -0.18354926235781313 0.09299615415530527 0
0.2382291391777896 -0.18198775037054132 0.09304318656853197 0
0.23844122375615223 -0.1819008439393312 0.09307237359549966 0
0.23833266244678789 -0.18208583608174805 0.09307740283208189 0
0.23844269176566824 -0.1818602383203845 0.09305782992307972 0
0.23835999099618913 -0.18194693670357912 0.09306055011180324 0
0.23281100998848744 -0.18093355871943806 0.09316428042264535 0
0.23212926915164042 -0.18123041400366488 0.09319623194124414 0
0.23310202234604402 -0.18086244929067608 0.09299037812770732 0
0.2400280204319837 -0.1802485906929009 0.0930924113859926 0
0.24084235586900415 -0.17993557325821397 0.09306661213127562 0
0.24048504004960283 -0.17992964631623 0.09298528214957703 0
0.24059818310741843 -0.17981400682419668 0.09295805568544785 0
0.23458976785743885 -0.1791330372724495 0.0933080070564465 0
0.23151368014755802 -0.17901382481533373 0.09287782858671867 0
0.2316893883515129 -0.17914782031490595 0.09297854808051811 0
0.23168957804279078 -0.1787562646608569 0.09282259559992513 0
0.23176587449267305 -0.17901341992004832 0.09291614647497637 0
0.23167952297361893 -0.17899993290971558 0.09292985470745772 0
0.2345495945088997 -0.17802451185174262 0.09307900773619361 0
0.2380241492371639 -0.17504359102803924 0.09275819185573883 0
0.24088442497356732 -0.1749152054274104 0.09271350579949164 0
0.24274180005302046 -0.1750147069385628 0.09285619438299035 0
0.24285472889796533 -0.17468455916376285 0.09275073612036597 0
0.24305917223050372 -0.175167135211633 0.09320366982094773 0
0.24302705493141674 -0.17513755055107935 0.09307430740500834 0
0.24338055011975895 -0.1752101350025371 0.09250910375398985 0
0.24328597455788858 -0.17518980811821877 0.09255841823815145 0
0.24299265938854536 -0.17514253071807168 0.09257599176332908 0
0.2429702573646505 -0.17514002964086112 0.09262391684930717 0
0.2428260837062397 -0.1751133354342445 0.09278514954868601 0
0.24280369446738076 -0.17511323957972327 0.09278669254806136 0
0.2427987993944533 -0.17510952181027406 0.0927876531114695 0
0.2427979642277045 -0.17511046065870378 0.0927854572974673 0
0.24279791859221755 -0.17511441503625058 0.0927882133762906 0
0.24279716112953212 -0.175115168966773 0.09278645500140285 0
0.24279746147683062 -0.17511298751959253 0.09278951440556825 0
0.24279686607880305 -0.17511856960720062 0.09279622442081123 0
0.24279672188044615 -0.17511597332411777 0.09279746419508743 0
0.24279607161834293 -0.17511585023882914 0.09279598816744634 0
0.2427977182494115 -0.17511727312236314 0.09279701109472649 0
0.24279921395910226 -0.17511564857124093 0.09279497328801765 0
