0.43884030503042937 0.19386949343684823 0.4483228160619003 1
0.4386396321722619 0.19378368146096947 0.4479036797763101 1
0.4387148725301091 0.19371770185112167 0.4478779609753602 1
0.4404070061454965 0.19483439363899663 0.44763266047954015 1
0.44127900374428713 0.19567433142047486 0.44783464536398315 1
0.4413858474846858 0.19573653237624342 0.44766824488693086 1
0.44143045801639935 0.1956942607374027 0.43578275925799487 1
0.4411926255282363 0.19590903913898366 0.4136158181217643 1
0.4410982368932674 0.19582411876780748 0.3913169035975207 1
0.44103643702795625 0.19586696798722908 0.36847451182420166 1
0.44096742593907456 0.19592351632598132 0.3458647325458911 1
0.44098281566710856 0.19573574762301277 0.3236147006154211 1
0.4407902942642136 0.19617573471190775 0.3008064232056735 1
0.44052167032278355 0.195678081959582 0.2781572358919722 1
0.44040161816688317 0.1958755437819964 0.2578454205844779 1
0.4408911296792812 0.19590699827938113 0.2359730379145874 1
0.4466328839378194 0.20043228635648414 0.21340139383431608 1
0.45908641104534303 0.2105161919791847 0.1909397184728555 1
0.4701489741499322 0.21380506608585642 0.17086138321748368 1
0.48887990995697295 0.21372945032287238 0.160291880615084 1
0.4939963083098259 0.2136125517677223 0.1732914176902268 1
0.49753147501722067 0.21327787294181294 0.1937717380421195 1
0.5172084524297156 0.21167664054361413 0.1937245038300462 1
0.5278398452477575 0.20916840799919334 0.19387928231469717 1
0.52870493187507 0.20913573758656567 0.19512249319916844 1
0.5287253146974256 0.20909691981649198 0.19516935730053075 1
0.540052424944675 0.19898662294419364 0.1941833473834806 1
0.5456439318363098 0.19477991196118116 0.19365497273147028 1
0.5447243252358586 0.19511311126612702 0.17571692084674528 1
0.5450072856667582 0.19509402210429888 0.17431697436050136 1
0.5454057672217094 0.19550701746304128 0.1758046545572296 1
0.5470371048468468 0.19524359005999298 0.17476537393983693 1
0.5659613518466432 0.19249152205952524 0.17298384314112766 1
0.5813943679364879 0.18810807900892904 0.1730026489835308 1
0.5836189040076172 0.18723374318936323 0.1743530776907852 1
0.5700288296412185 0.1809501170704565 0.17620705279479937 1
0.5511117000645532 0.17049037030770361 0.17582626818317637 1
0.5448084370026386 0.16914496442035323 0.17343830768096294 1
0.5259907127177464 0.1693598143524515 0.1737769658563043 1
0.5203060681497647 0.16909698059256162 0.15410887525982658 1
0.5204627425972769 0.16910739673608605 0.13912647471207631 1
0.5208087457916585 0.16922117170302012 0.13973981080750542 1
0.5215868030253512 0.16887075452651937 0.13890842294819306 1
0.5221484688200232 0.16805454199797315 0.14018448853579346 1
0.5216398057404861 0.16842316569100965 0.13981426258787724 1
0.521656487112551 0.16850837740186203 0.14022592742786322 1
0.530360962559647 0.17185297185379583 0.1400042462319456 1
0.5452977575877427 0.18174820969686561 0.13895654122541598 1
0.547576721087046 0.18341425659055993 0.13867888958454044 1
0.5332874524901754 0.1973030752534387 0.14098150796281148 1
0.5273939686294449 0.2005908701605198 0.13995536656388533 1
0.5266594247735117 0.20097499117465006 0.1397750965876124 1
0.5239426169020663 0.21071038475642595 0.13952236532368298 1
0.5166340213508887 0.23292883503406625 0.13965113396619783 1
0.5133936661748805 0.24839731301847542 0.13963919956200083 1
0.5282860030189179 0.2551799536991646 0.13805422971545872 1
0.5446437765954932 0.25537616423374404 0.13753081068579207 1
0.5567553829191768 0.24558457289044694 0.1394461054246916 1
0.5582379338685439 0.23223274274444505 0.13839603853687515 1
0.5453646091106329 0.21774561084714278 0.1406555893387526 1
0.5376968446281954 0.21561667660573774 0.13952267112708103 1
0.5251761760774366 0.22672410828617107 0.1403562845332957 1
0.5201690828473995 0.23565659258316354 0.13936877820131216 1
0.5167296695520072 0.24511379211751444 0.13915369907017983 1
0.5155634965299765 0.24585525288023957 0.11968716468577295 1
0.516361470208609 0.2454632048175857 0.10510521230444682 1
0.5154895441372563 0.2572641782460794 0.10525585250539495 1
0.5153621380787161 0.26223519812912116 0.10490180849610989 1
0.513875005084328 0.27267680206044065 0.10473951730941712 1
0.523276307657129 0.2762697749171421 0.10383646564196412 1
0.5261423624722512 0.27739670946142425 0.10488328411118213 1
0.5261550419830816 0.27736404463782455 0.1048640637198924 1
0.5262075024936068 0.27733914521335434 0.1049115104067189 1
0.5265312825553061 0.2773511991776838 0.10529248428465587 1
0.5265089758981081 0.27731251230864373 0.10524353715847662 0
0.5262018101423622 0.27716074380614797 0.10479767336779038 0
0.5262237612038195 0.2771240429707663 0.10479452312237442 0
0.5263008270403889 0.2771395252789126 0.1049025468006828 0
0.526530334909526 0.27715561240921033 0.10517785060108167 0
0.526505427075476 0.27713769804478905 0.1051338735530579 0
0.5261875277402643 0.2770888813634526 0.10474071814206312 0
0.5262275471827192 0.27706693604677357 0.10477133391463035 0
0.5204132551392917 0.27538277512615594 0.10400980352008289 0
0.5010591554055006 0.27033127253772404 0.10457237803537765 0
0.49108294536928776 0.26672285876405266 0.10427019797221758 0
0.4900787119558044 0.26685309205347874 0.10418674336829133 0
0.4821324871093431 0.26869667763664173 0.1048842052988917 0
0.4797033382765401 0.2700826356883261 0.10470372952839535 0
0.47936350401158145 0.2704017211416873 0.10453272098570811 0
0.47926117658005407 0.2705010542848003 0.10892104434158341 0
0.4800606418627483 0.2703172572025622 0.12858969084665822 0
0.47934311585720335 0.2703334321058066 0.13321549768344726 0
0.4798212908859927 0.2704338988067676 0.1532348595684192 0
0.48046423728024773 0.25937620487879187 0.1567394804851655 0
0.4820972424864594 0.23631952641686943 0.15755135082494162 0
0.48220497401367607 0.21512217689437024 0.15701600430792878 0
0.4788905022002531 0.19250149765439334 0.1565548526745723 0
0.47639884362542384 0.1723792692717945 0.15742220316879235 0
0.47504245590810623 0.14976608837389388 0.1572293084296735 0
0.4764423626955537 0.12738569535172745 0.1585446500447111 0
0.476034877192379 0.10464523445657996 0.15849831182083007 0
0.4751371635394141 0.08509333803855246 0.15737149774200027 0
0.4748885834651207 0.062499023929255965 0.1572711912700402 0
0.4750187940635374 0.04001845905958025 0.15706515483579445 0
0.47540889068575576 0.017273337415491183 0.15773084107361035 0
0.4719498137615169 -0.001316144793841248 0.15737730888321724 0
0.4692544073995713 -0.006864422424534666 0.15861899069657034 0
0.4689289884935899 -0.007196206804024705 0.15820142099520793 0
0.46902550888128486 -0.00689096692494541 0.15813047527941063 0
0.4678374108820556 -0.00534286858049475 0.15683945818691009 0
0.46853521648177787 -0.006662463850684183 0.15739420847427046 0
0.46825261761577475 -0.007231437496548934 0.15790888737628125 0
0.46886024873252263 -0.007072009874184243 0.1764051726460631 0
0.46851793222619154 -0.006858714759945664 0.18901300257992149 0
0.4623351956748216 -0.00492383069328832 0.18946496470470245 0
0.44422849156740213 -0.0035157580596978377 0.1905830001691369 0
0.4216270087646947 -0.0008113672439767489 0.1904404424718513 0
0.40107136328138127 0.0023234752264441327 0.19026882506076037 0
0.3786311895251351 0.005484165076693914 0.19039264401582529 0
0.35609514689630895 0.00856106502309073 0.19040348990590233 0
0.33349587763632044 0.011693753596378267 0.19032612471328605 0
0.31110217890878406 0.013358999414281827 0.1907334941189393 0
0.28928087584342227 0.00847275623999491 0.19058621215400584 0
0.27184197566814183 -0.007279519388732461 0.19092990346077005 0
0.2605880701842389 -0.025130883555310332 0.1907383895123249 0
0.2497375629342095 -0.04635709886214258 0.1907310776149637 0
0.24309318340665162 -0.0662567753209242 0.19062333511808996 0
0.23870295194966792 -0.08622161563354089 0.19061393657701656 0
0.23684435006293053 -0.10640418922006874 0.1906501435360165 0
0.23679268235560247 -0.12881005461513753 0.19069609097044732 0
0.23680472934190902 -0.14870134237344285 0.19066964143670861 0
0.2368239367842883 -0.17140420078287322 0.19053280790830865 0
0.23641435452143528 -0.19244809488261866 0.192974327079669 0
0.23678473137873568 -0.19701792242076466 0.21161787296306153 0
0.23680732124138765 -0.19674806102336218 0.22494659912592108 0
0.23707626827560782 -0.19738308908277577 0.21713342707302474 0
0.2367769001724353 -0.19752629453072812 0.19382674276338258 0
0.23671592349404424 -0.19703394692772336 0.17119011746872814 0
0.23652749438682627 -0.1957720746512115 0.14857113632958635 0
0.23655895187531756 -0.19600392603663502 0.1259266234599078 0
0.23681436048973642 -0.1962366301653073 0.10363886196225922 0
0.22803046732340493 -0.191637734768068 0.08764949199096578 0
0.21697887010486985 -0.18938464265189198 0.08736573686134713 0
0.2072908051015701 -0.18262019882482888 0.08774451071574046 0
0.20245458088899793 -0.1796889423682113 0.08760284218361417 0
0.19886337276285704 -0.169016920502582 0.08781039961857434 0
0.1963132350275587 -0.16325127748403437 0.08750861693309941 0
0.18878814470696245 -0.15701854729106435 0.08789914839544834 0
0.18734427476616478 -0.15595267786484457 0.08790400966135865 0
0.18686984368090287 -0.15607113364459385 0.08778397551057965 0
0.18062011944549938 -0.15484638200126027 0.0880837560864639 0
0.1690373621195898 -0.15272175410935163 0.0878024566658011 0
0.17811076381516389 -0.15591610659782734 0.0879593818295204 0
0.2004870833869734 -0.16246420438819567 0.0876394962629199 0
0.22055203664203335 -0.16704842827771432 0.08777644862495985 0
0.22612999221338842 -0.16878260874307008 0.09632177447129035 0
0.22639447877982918 -0.1686939680244348 0.1027075295283587 0
0.22607126716016054 -0.16811600088194334 0.1027275805363348 0
0.22602687849931913 -0.16808829267926934 0.10272604922369177 0
0.2260017437728861 -0.16810763425537406 0.10272270923039009 0
0.22597777243443878 -0.16811657747327585 0.10271927045595095 0
0.22589758098838036 -0.16819971342998385 0.10271242302557093 0
0.22580091068429262 -0.16830730723039747 0.10270786526794794 0
0.22579071353367758 -0.1682871468061039 0.10271172501212733 0
0.22592516667683937 -0.16801772173854962 0.10271817819180995 0
0.23947512210143895 -0.16103136690361608 0.10294071504433513 0
0.2450509971358496 -0.15788874682898665 0.10271684126481458 0
0.24502315238145905 -0.15764237678075782 0.10270613092544938 0
0.24500437922348967 -0.15764565018754523 0.1027104706249862 0
0.24496733663137682 -0.15757539637580545 0.10283170486240398 0
0.24690511071291793 -0.14805072216124476 0.10288004914583063 0
0.24779986646247726 -0.14486196706312077 0.10278155584417561 0
0.247821223474394 -0.14480441334300442 0.10277481924135304 0
0.2477945297558916 -0.14481279955042908 0.10277364486214641 0
0.24778234737257354 -0.14481806244636453 0.10277647252480324 0
0.2477659489934879 -0.14483508991014482 0.10277140705562762 0
0.24777193817425197 -0.14484490768201685 0.10277119498273574 0
0.24776208597290295 -0.14485255060940772 0.10276934625288031 0
0.24740878055560803 -0.1378742052976734 0.10296876988683781 0
0.24801524827657628 -0.13477019148963937 0.10281583284710662 0
0.2474021847268544 -0.1282004239466777 0.10277427430319919 0
0.24751743535150766 -0.12624184715710976 0.1028253666188667 0
0.2475233242184306 -0.12622431883196622 0.1028212077774612 0
0.2475288113417287 -0.12623836497395047 0.1028209037241565 0
0.24753392839522195 -0.12625459713450193 0.10282208256828508 0
0.24754007354294713 -0.1262699263121056 0.1028204828118576 0
0.24754864007233499 -0.1262949319607256 0.10281951130106692 0
0.24755930338951987 -0.12630856459439788 0.102821203642737 0
0.2475725522789869 -0.1263445606680967 0.10281581992750766 0
0.24758492709552762 -0.12636354750249618 0.10282026290579599 0
0.24759347452233196 -0.12638345508670554 0.10282037788609795 0
0.24760981133560553 -0.12641351917752836 0.10281836626370416 0
0.24762083640046206 -0.12643645061157954 0.1028166297050076 0
0.24762851276677217 -0.12645525634426802 0.10281506087482434 0
0.24763163754345874 -0.12646203770380587 0.10281545120035716 0
0.24763283966432983 -0.126467093925842 0.10281464176585084 0
0.24763469858180762 -0.12646589850052095 0.10281506918667904 0
0.2476341715362001 -0.12646943259577845 0.10281503437249506 0
0.24763067740938777 -0.12646615792114235 0.10281401351301317 0
0.2476273032173232 -0.1264683162767049 0.10281458355764708 0
0.24763085583461938 -0.12646993708587323 0.10281287181324161 0
0.24763074351617165 -0.12647204488495867 0.10281406913677679 0
0.24762494338276853 -0.1264659011916384 0.10281634818185176 0
0.24762794445790345 -0.12646897615726424 0.10281533747056446 0
0.24762616236138574 -0.1264692167310367 0.10281625138059225 0
0.24762871141703058 -0.12646631663847996 0.102816524488666 0
0.24762466551951484 -0.12646782327354153 0.10281682895810629 0
0.24762856235498915 -0.12646940860411338 0.10281307793287506 0
0.24762357715992261 -0.12646404412599127 0.1028159064052665 0
0.2570491885624467 -0.12688772194218728 0.10332133597790527 0
0.2615423187887589 -0.12655614419087363 0.10290029636330635 0
0.2702146851327593 -0.12590528207422852 0.10262393770969411 0
0.27098574117749347 -0.12657002560874964 0.10279455316627722 0
0.2792232906947211 -0.1305070987754618 0.10250008779927483 0
0.2803607738365929 -0.13111262506217164 0.10293243056026567 0
0.2804429310500139 -0.13119317306628836 0.10294473523933328 0
0.2804655297645494 -0.13123376009300008 0.10291458529968123 0
0.28047720547280014 -0.13124610968793113 0.10289244043663892 0
0.2804795732973205 -0.13125143790575394 0.10287177320476733 0
0.2804822924652245 -0.13126495771003638 0.10285005892650492 0
0.2804749711837079 -0.13126121291556164 0.10284541531848683 0
0.28044669660039245 -0.13122509683526695 0.10283716173066755 0
0.28039655447541995 -0.13116784665160422 0.1028274979679897 0
0.28038953039305864 -0.1311781392444007 0.10282757083824953 0
0.28038627983074216 -0.13117146051211753 0.10282867573651369 0
0.2803817137373903 -0.13118131920673604 0.10282637582915612 0
0.2803807012311429 -0.13117977821600682 0.10282602556119708 0
0.2803788078259023 -0.13118231042106035 0.10282315736130225 0
0.2803820840323898 -0.13117605002576915 0.10282549431726487 0
0.2803838214331468 -0.13117958919672304 0.10282597908923663 0
0.2803822502912067 -0.13117867259616195 0.10282552369544487 0
0.28037831432969845 -0.1311793965760843 0.10283004391581835 0
0.2803803772818847 -0.13118567133160583 0.10282928422456093 0
0.28037952512885894 -0.13117968832970223 0.10282742142342693 0
0.280382211564036 -0.1311820137902906 0.1028264023483904 0
0.28037817050329605 -0.13118063061568486 0.10282595130039847 0
0.2803777260660585 -0.13118237130939364 0.10282534067124172 0
0.2803763003702903 -0.1311817012827059 0.10282620648546102 0
0.2803777936459787 -0.13118469500282176 0.1028246107785358 0
0.2803819503466649 -0.13118709007888762 0.10282565928536867 0
0.28037924906071293 -0.131180891629559 0.10282497082248981 0
0.2803769368979681 -0.1311824723712403 0.10282642550564894 0
0.2803695923301143 -0.1311960375064806 0.10282620648546102 0
0.2803733840041057 -0.1311934257768425 0.10282617472899575 0
0.2803698758773033 -0.13119502002168806 0.10282519663863386 0
0.280373233295207 -0.1311882613260702 0.10283014307738425 0
0.2803759121200462 -0.13119051496453915 0.10282780230956318 0
0.280378377579452 -0.13119188870831827 0.10282822026248531 0
0.2803800819666936 -0.1311854816835545 0.10282515757641336 0
0.2803775847965529 -0.13118245133382378 0.10282214336865902 0
0.28037812876876733 -0.131188202661406 0.10282286794694237 0
0.28037438143009236 -0.13118840339514798 0.1028237711737608 0
0.2803759210986448 -0.13119400005903487 0.10282373233720848 0
0.28037498919763426 -0.13119478137480192 0.10282238000785199 0
0.28037475754179053 -0.13119454991397972 0.10282306975123481 0
0.28037471840971223 -0.1311898172091719 0.10282212720824527 0
0.2803762039888774 -0.1311886423170261 0.10282314861285155 0
0.28015526892594605 -0.13128135640467847 0.10280188778691246 0
0.27840516792303616 -0.13195384418659228 0.10247118232856263 0
0.27817271253568854 -0.13208455761009474 0.1025096049781572 0
0.2781283971549079 -0.1320803506190093 0.10253835074325625 0
0.2780941378422244 -0.13207536383521012 0.10256653168745566 0
