0.43874559103659705 0.19345472119078402 0.447712910686079 1
0.4387469844791322 0.19345618118904492 0.4477148001227891 1
0.4387490284196247 0.19345425310108716 0.4477159654315243 1
0.43874440231973655 0.1934578715171796 0.4477117250190159 1
0.43874591774532623 0.19345472119971077 0.4477122096096965 1
0.4387451019059637 0.1934521872482517 0.44771481327353424 1
0.4387486808927556 0.19345252549836478 0.44771838412885273 1
0.43865677334392905 0.1934638023795685 0.44736992256657876 1
0.42483561448547197 0.19775680654386196 0.44806520950609285 1
0.4059186084182388 0.20671748657269598 0.44833916547390323 1
0.38487528643773106 0.2173308982184992 0.44780366714467806 1
0.3730800446542839 0.22386913453829166 0.4470593657628465 1
0.3705945658577828 0.2266346832810953 0.44708953385821415 1
0.3896872798218681 0.2275503193692559 0.4454837462031466 1
0.41195911223381304 0.22721228341088665 0.4459344621884416 1
0.41691382939507243 0.22692245144882378 0.4481522565393507 1
0.4168564659729102 0.2268272239371555 0.44772572700429464 1
0.41680483243652033 0.22662206486855763 0.44768718280768605 1
0.4168834494051875 0.22658213802871952 0.4474999188403345 1
0.4218702624121918 0.22606776591240835 0.4484156953071428 1
0.44307256742541645 0.2221100293424011 0.4470450906760146 1
0.46266283283240706 0.21532642550992068 0.4463292173691179 1
0.4640783760468977 0.21133991719381912 0.4480353545495133 1
0.45504432736831774 0.20887965470982378 0.44943539426343176 1
0.4423536691657972 0.205610774318201 0.4487107099986856 1
0.4315691329491284 0.2024586477666077 0.44794070635581795 1
0.42112342336392294 0.19936992012035332 0.4476706220272204 1
0.41307354935929935 0.1954015407260607 0.44748950267327353 1
0.4065677367842486 0.192533542069459 0.44727276658140036 1
0.40185085677991206 0.1910435702715082 0.44628467366687 1
0.4015199051573067 0.191421586208257 0.44660903682253295 1
0.401851818364256 0.1911560553077138 0.44736680246371796 1
0.40179025220660197 0.19134393484540507 0.44746180107459105 1
0.4017681253732369 0.1921620523863769 0.4394613678820679 1
0.40159527440066595 0.19193327327226462 0.41813352232435774 1
0.4015313089836802 0.1915580812349172 0.39719584336315783 1
0.4016987790326038 0.19136572918386802 0.37687416429194653 1
0.40151881608029427 0.1913880940959263 0.3539280150849012 1
0.40156280190853466 0.1912295521692533 0.33402885313621344 1
0.40161486092421583 0.19118658131602334 0.31398637208090296 1
0.4017956170852488 0.1909973801817565 0.29159928182079975 1
0.4014359738118227 0.1912696995786842 0.27167325797320163 1
0.40150195570992164 0.1912432031869613 0.24923400902351084 1
0.4019462985635347 0.19109998576213771 0.22960162009713647 1
0.4020878493576491 0.190774096623391 0.20900704793298747 1
0.40184935287313633 0.1910896078483653 0.18686808922674314 1
0.4017786263922512 0.19111327031986985 0.16676364883047679 1
0.40159240335324653 0.1911600773376688 0.14659549203124267 1
0.4008083778252769 0.19107173832788055 0.12376269973625897 1
0.3985041212668877 0.1920711772357879 0.10681356290502671 1
0.37937852880868184 0.20184358571115008 0.10572477034768368 1
0.3596695711577287 0.21150510902236486 0.10587017051672125 1
0.33843325727588713 0.22128742659428446 0.10587033907709884 1
0.33151160878874736 0.22421533189142812 0.10551020969517665 1
0.3309005364500985 0.22448991398490675 0.10580499185507167 1
0.3309387091067588 0.22445700448192507 0.10575605705369209 1
0.3310254664545049 0.22436924402280917 0.10562181105426749 1
0.33137364015882526 0.22417982211782841 0.10536989654844821 1
0.3315789477681594 0.2242043890449019 0.10549452013774555 1
0.33159566172895594 0.22423155874967735 0.10556515680516493 1
0.33155104648483696 0.22447579151894215 0.10607184947662268 1
0.331571978120802 0.2244528821641238 0.10604785071602774 1
0.3316095472970481 0.22437398640878073 0.10592218239144757 1
0.3316920868406268 0.2241318476754242 0.10547100771780538 1
0.3316910492379006 0.22415532266559968 0.10552351928185436 1
0.33257903823347174 0.22421621541734738 0.1058889686128245 1
0.35008018102147287 0.2237336829798875 0.10577402538722439 1
0.36865730620117887 0.22859763830010682 0.10540835445246546 1
0.3747484492328508 0.23216822834331213 0.10536683731157659 1
0.37349225549988674 0.24871044189787267 0.10660188514535315 1
0.36769147328551977 0.27106025922014176 0.10638234627572607 1
0.3646329627130206 0.27830921686938714 0.10580427461265901 1
0.3653907141623979 0.27903054740031796 0.10538959616313309 1
0.3792725960342186 0.291719180288748 0.10467041439821212 1
0.3917813440561092 0.30396654176975074 0.10481324708460052 1
0.39330496223826955 0.30470054505018385 0.10524433407845532 1
0.3932677578636399 0.30480304521209856 0.1054359475270207 1
0.3931184732447306 0.3049852761337148 0.10573723036501328 1
0.39313635699306315 0.30494830555138275 0.10572125698810153 1
0.3931521681839727 0.3048996484301375 0.10568707097928026 1
0.39586377010608775 0.303110368591174 0.10523649736146488 1
0.3975433138068965 0.301687862729112 0.10508212050599834 1
0.39789886994669177 0.30157284224863284 0.10528870322722758 1
0.3980675802134226 0.30142809618647537 0.10533792131953446 1
0.3980987848866564 0.3014496863326061 0.10537588084705599 1
0.39850164811956806 0.30151482145149366 0.10566900886349571 1
0.3984260109647234 0.30151396875394565 0.10562493417230695 1
0.397944585377435 0.30147922375786723 0.10530708790807641 1
0.39797615411162013 0.3014954793599658 0.10533626243681751 1
0.3980064287751654 0.30150760090618733 0.10536020684719297 1
0.3980712967761079 0.30152821449512573 0.10541239613159023 1
0.3983955693734843 0.30158142437381663 0.10564530489125566 1
0.3983040781087305 0.30164499477571166 0.10571286148791516 1
0.3976343099059559 0.3026771441248228 0.10563130175449696 1
0.39795851842793195 0.30223200448838416 0.10566979759677683 1
0.39816179416798153 0.3020223242715313 0.10605490766828987 1
0.39796044752724913 0.3019864314002769 0.10535371856126635 1
0.3975905796681114 0.3017973680088722 0.10511270607209802 1
0.3971498873725599 0.3016386932665216 0.10492109635172243 1
0.3976424690838793 0.3018739832635499 0.10528701179957328 1
0.3980771200953803 0.30179137076725304 0.10565675106918893 1
0.39768945278958756 0.3018481381475002 0.10519152485988995 1
0.3982449086029858 0.3017714847897466 0.1056142963529286 1
0.3984872512272123 0.3015066646410318 0.1055203781942623 1
0.39890431869610316 0.30091010227316256 0.1056202517179673 1
0.39896030803125804 0.3012344913127753 0.10564478595054448 1
0.39875750010007927 0.3014521879948126 0.10559035453439242 1
0.39803484389825083 0.3018747361403547 0.10553469355848379 1
0.39810220927865014 0.3017516891599363 0.10523077533141413 1
0.39846914084765017 0.30153469458430404 0.10554158899045783 1
0.39856841232796014 0.30191691407661625 0.10583611352079758 1
0.39897904325133027 0.3019348644987545 0.1062308663852252 1
0.39871796153775907 0.30198335950686406 0.10600393382978349 1
0.3988423862589152 0.3017338961029144 0.10586852903186382 1
0.39869394367602884 0.3019902746246017 0.10599556841302954 1
0.39845142024945085 0.30196394778158075 0.10564078258436063 1
0.3984183015443879 0.3019731041297044 0.10563032708436362 1
0.3984054172029453 0.3019777006403622 0.10561931461840682 1
0.3983775480940564 0.30199023781579404 0.10560787105059458 1
0.3983730326489643 0.30198598757620726 0.10560336854186772 1
0.3983729165769304 0.3019789316502779 0.10560447091328411 1
0.39832525883944525 0.3013003860593669 0.10522052340138696 1
0.39881403751828093 0.3015838112892947 0.1057213278536137 1
0.398328529313585 0.3015772769915529 0.10510896524774735 1
0.39819280720158956 0.3016560833093597 0.1053409752147258 1
0.3981600966927319 0.30171317684802607 0.1053454232255788 1
0.3982139719921118 0.3090196048870968 0.10543912562057363 1
0.39821563634365575 0.3260834032261582 0.10554878902617018 1
0.3986304205389046 0.32903543718580297 0.10628525251213157 1
0.3984186257861392 0.3293480160051293 0.10626625677661629 1
0.39840679124885064 0.32935136229659057 0.10602176202786928 1
0.39840533547440693 0.32935570931599495 0.1060174794239135 1
0.3983979432759676 0.3293601593438036 0.10600443977409478 1
0.3984017674959484 0.32935303143885003 0.10599807978241763 1
0.3984058828809236 0.3293467944929475 0.10599377281667474 1
0.398408596071876 0.32933817274383537 0.10598896087131232 1
0.3984097779522633 0.3293355568632984 0.10598392605973508 0
0.39841495097154167 0.3293276047335605 0.10598183248772469 0
0.3984136714419138 0.3293268665301015 0.10598142855813758 0
0.3984145480480016 0.32932326858319866 0.10597766748730897 0
0.3984194653978708 0.3293115058669604 0.10599360884804589 0
0.39841348786257813 0.32932425513056524 0.10603912157831506 0
0.39840139062426105 0.32933467060849153 0.10604530901414128 0
0.39839849107678804 0.32933736935159674 0.10604333062672133 0
0.39840052792170005 0.3293383349449094 0.106045427910267 0
0.39840056351117803 0.3293341789836794 0.10603959049123776 0
0.39840556228850454 0.329333447180581 0.10603892183352577 0
0.39840125966263756 0.32933212340177676 0.10603089329726648 0
0.3983989031316402 0.3293352209023803 0.10603318626119568 0
0.39839950842415084 0.32933662098270583 0.10603271325601207 0
0.39840452882499655 0.329330984488074 0.10603416045494041 0
0.3983345798558061 0.329309175415447 0.10615269040869593 0
0.3984072664808621 0.3296612516565664 0.12363675191653967 0
0.3980800110359704 0.329631285774016 0.1437968850517075 0
0.39787482841479765 0.3296024569370942 0.16624499760097178 0
0.39786162371244543 0.3295471613657283 0.18650901226569544 0
0.39807519646413386 0.3295350194624227 0.20455065838378836 0
0.39795543995093013 0.32945433961774623 0.2052445253277178 0
0.39794520870948535 0.3294698633208476 0.20528116366128638 0
0.3979667439305538 0.3294781800531304 0.2053273391177467 0
0.3980003668929418 0.329478648419685 0.20536526981735442 0
0.39801397073794087 0.32948923473470126 0.20539162818677398 0
0.39802922892621584 0.3294958138415546 0.2054142415435602 0
0.39807104349485806 0.32943538905892145 0.20543407751677392 0
0.40265431519378325 0.314880484454814 0.20553483286287547 0
0.4029758786268583 0.29267109632885263 0.20571334652202874 0
0.4028311192719528 0.26939362357397856 0.2060214659515727 0
0.40056681540377165 0.2463963222362478 0.20591115017438377 0
0.39830697445547336 0.22420990760971604 0.20634854002984898 0
0.39859241142020113 0.20134933703343652 0.2224145812475831 0
0.3978896469714787 0.1792424526642774 0.2230049580403894 0
0.3977506486942094 0.15656187144014533 0.22321561739327475 0
0.39791924722300737 0.13674660990345086 0.22317168269145082 0
0.39812442279196325 0.11397201214712616 0.22395005403100415 0
0.39822122015357425 0.09406616404653965 0.22414399284431236 0
0.39832909895736024 0.07161008691266349 0.22379920612031495 0
0.39808988329184636 0.04910665119553036 0.22406076351218632 0
0.3982830124305077 0.026470904930484193 0.22379889379895812 0
0.3981445932586355 0.0042636008846084344 0.2235793833243081 0
0.39819957291388214 -0.018302225783751902 0.22412880284375034 0
0.3986324064396467 -0.038419336389865374 0.223859000848228 0
0.4017230185932266 -0.0580284267938897 0.22415076022409808 0
0.40870359446227883 -0.07808039260582202 0.22332247129413457 0
0.41622625960263576 -0.10079143565521065 0.22425120238976426 0
0.418573233339338 -0.11576180299439699 0.22333128923161122 0
0.4184474617257083 -0.11593138569465442 0.2237200148532348 0
0.40602007818964925 -0.11544363468307672 0.22439061861823897 0
0.38596268801530975 -0.11693115571203594 0.22428918708491538 0
0.36544383079036996 -0.11910110125916308 0.22393097463573056 0
0.3427381283094916 -0.12165541724762688 0.22391970622206733 0
0.32018376600784787 -0.12422412944697604 0.22384253499066853 0
0.30023736787803007 -0.12652689769877692 0.22392263361993114 0
0.2802239856957672 -0.1295629664122928 0.2239631691362516 0
0.2631167653043955 -0.13396751273152424 0.22409631885238593 0
0.2618999687815713 -0.13419583170712748 0.22426772097365277 0
0.26244212409196294 -0.13722377747239684 0.2240690280053121 0
0.2620357903403631 -0.14307156302162144 0.2240250365603274 0
0.26201295270997155 -0.14381304772449846 0.22435854364017055 0
0.26208040214325906 -0.14386329024227795 0.2243152223365348 0
0.2607098027560418 -0.14441827461731271 0.22398741904974317 0
0.24258321663189997 -0.1481652529055052 0.22390479917499156 0
0.22530690405823997 -0.15293314726357393 0.22414190086358374 0
0.22434565785308552 -0.15323015656506014 0.22437234472976622 0
0.22549933242151096 -0.153129009905007 0.22453703616753282 0
0.2433146951588222 -0.15514559607103184 0.22409263713983762 0
0.24594902084512799 -0.15534075717489604 0.22390071876567283 0
0.24652371923755534 -0.15568296605653115 0.22417257193154727 0
0.24642822246623827 -0.15563353860463297 0.22411967050624712 0
0.24607402481419777 -0.15540556829414548 0.2238599034368698 0
0.24610191489572086 -0.15542693887940134 0.22389433641827627 0
0.2461623624293793 -0.15546765963956105 0.2239553497456268 0
0.24647855879659591 -0.15566173876952635 0.2242041660599744 0
0.2457588183510012 -0.15526346151905596 0.21560072896852212 0
0.24589975520234447 -0.1553501741182703 0.19390009860526106 0
0.24604695280714894 -0.15545126476818266 0.18910034672222828 0
0.24608558418161294 -0.1555363210141693 0.18908132765077987 0
0.2460911016479611 -0.15553738879638732 0.18908801608728182 0
0.24609155731887122 -0.15553660064493435 0.18909288880167544 0
0.2463309355014981 -0.15550244065898355 0.20216331360447698 0
0.246411145718251 -0.15532365668842124 0.22023747979582217 0
0.24627861407098917 -0.1550972865661865 0.22197064197826538 0
0.24609617598689623 -0.15539630889698636 0.22136723314352574 0
0.24577517904248092 -0.15539103634395712 0.20097256118646198 0
0.24592679942555434 -0.15550788290071077 0.18052179580400146 0
0.24594061106379467 -0.15548951287955876 0.16681483885370244 0
0.24619358682074455 -0.1555595526397937 0.16633657467051144 0
0.24621332262376328 -0.15562325149191605 0.16637119518837085 0
0.24619856460793602 -0.15561138537645897 0.16641242907009507 0
0.24619120856259824 -0.1555947421174806 0.16643936337560872 0
0.2461742028782236 -0.1555709848258367 0.1664717403393217 0
0.246154125622018 -0.1555157215312577 0.166485862721705 0
0.2461392923875853 -0.15548073985313082 0.16650817145088356 0
0.24613413182453298 -0.1554719414346887 0.1665137793719212 0
0.24613164134977938 -0.1554692109349019 0.1665163942984884 0
0.24612810357579692 -0.15547552370991058 0.16646728533455096 0
0.24573489002458976 -0.15511967896808984 0.15148569639417322 0
0.24580767576015447 -0.15532593731274968 0.14428666255756747 0
0.24594664931770033 -0.15564540215677253 0.14408007715637633 0
0.24598389404682655 -0.15562666224508698 0.14405023435423947 0
0.2460213950476679 -0.15562091554783175 0.14400985673308941 0
0.24603403759659578 -0.15558956515115743 0.14401006714491352 0
0.24605055172789592 -0.15555473011287574 0.14401760263655902 0
0.2460606744428464 -0.1555190640942803 0.14402782095686678 0
0.2461272573107603 -0.15540900586173478 0.14403687923328995 0
0.2461736602877589 -0.1553261850957005 0.14403765662348422 0
0.246169131728123 -0.1553202654175217 0.1440442809501203 0
0.24616092525079797 -0.1553208146605381 0.14404516151933275 0
0.24615810741936023 -0.15532322885702085 0.1440491057754537 0
0.2461498573798385 -0.1553258627569619 0.14405299442037459 0
0.246140661787635 -0.15533395381689435 0.14404936700867416 0
0.24613225786282145 -0.15534487854580104 0.14405000255536626 0
0.24613061739963216 -0.15534942888647763 0.14405163697925905 0
0.24612426210285704 -0.15535303260690309 0.14405163705674331 0
0.24611771206295124 -0.1553567114047833 0.1440549821523292 0
0.2461102536613357 -0.15535992688454103 0.14405525247960954 0
0.24611067963079553 -0.15536492883196745 0.14405435887554477 0
0.24609962848002 -0.15537728716478366 0.14405134026705824 0
0.24609615884254638 -0.15537691598060088 0.14405529963629135 0
0.2460939308910342 -0.15537985788558645 0.14405665895291947 0
0.24604284994109887 -0.15494213128565903 0.1439866507423236 0
0.24612022899196906 -0.1448371635350581 0.14414283440249734 0
0.24603072895854491 -0.13291886468182496 0.14429173748856355 0
0.2460170544170841 -0.13189218613636172 0.1440202486828035 0
0.2460333508059332 -0.1319008016526333 0.14404966755844037 0
0.24603760940804417 -0.13191413344369038 0.14405980328811072 0
0.24605989308239046 -0.13194307710864958 0.14406937255573965 0
0.249174854042854 -0.13197016168800962 0.14453872468360618 0
0.2510957131691392 -0.13163601635429334 0.14457550669234437 0
0.25201505550918146 -0.13239036862378178 0.14406817903617447 0
0.2519333893427941 -0.13234288465798846 0.1440543881799629 0
0.25142794389608264 -0.132031809268476 0.14385564391342104 0
0.2514283185641994 -0.1320389463777412 0.14388578313622696 0
0.2514804635885295 -0.13206998852813268 0.14392439547552688 0
0.2519676877781354 -0.1323754950213126 0.14417196032377877 0
0.2518838644229838 -0.1323207518427552 0.1441381244360308 0
0.25137136063027615 -0.13200979958905565 0.14391321969758641 0
0.2514121363664057 -0.13203580277864968 0.14393430926886075 0
0.2514617389467189 -0.13206743092709744 0.1439574751040166 0
0.2519630406839433 -0.13237945011037333 0.1441910768729352 0
0.2518762722185082 -0.13232744474136782 0.14415406146677423 0
0.25136255665965157 -0.13200808535454542 0.14391821252459752 0
0.25154648973250804 -0.13210644474548294 0.1439886569568727 0
0.2522471156173326 -0.13213458165638625 0.14418554094620983 0
0.2566299433860525 -0.13008353138117534 0.14425257596418006 0
0.258042413272917 -0.12961142167218562 0.1438354116173153 0
0.2601116570204047 -0.12950634959337837 0.14437644731847263 0
0.26015768790708527 -0.12958472362857407 0.14433372510043335 0
0.2633162443862637 -0.1305882041008027 0.1444788992713555 0
0.27438728371950866 -0.13710167508608223 0.14390174768721892 0
0.2771784071062983 -0.13914056899357263 0.14424490646644095 0
0.2772256346772394 -0.13920932493147367 0.14414447078391396 0
0.277218611029824 -0.1392139960167961 0.1441310993737124 0
0.27721135054903984 -0.1392090590782527 0.1441160507283925 0
0.2772053129698422 -0.13920648567077387 0.14410994590355633 0
0.27719886672433125 -0.13920325389702976 0.14410724275139677 0
0.27719112822571124 -0.1391962290937812 0.14410348762341196 0
0.27718373941583124 -0.1391936836718168 0.14410193033025623 0
0.27717571429994325 -0.1391926540023316 0.1441010444637862 0
0.2771683440725127 -0.13918912938717504 0.14410104073333968 0
0.27716349222583925 -0.13918613957333625 0.14410305993712305 0
0.27715743878708426 -0.13918758178906843 0.14410087061713198 0
0.277153606437124 -0.1391757707983234 0.1441012229737046 0
0.27714774338186443 -0.13918413564947374 0.1441035955472176 0
0.277143127826128 -0.13918067546046978 0.1441028188655872 0
0.2771392455544083 -0.13917880567036808 0.14410322297967462 0
0.27713980902179935 -0.13918001096365923 0.14410666050043536 0
0.27713503603832107 -0.13917894573078576 0.1441017405337371 0
0.2771327041699116 -0.139174701750233 0.14410211603748663 0
0.2771311795723759 -0.13917254513810068 0.1441039752903265 0
0.2771296075618176 -0.13917565412981664 0.14410297894256704 0
0.27712867677179576 -0.1391748062526498 0.14410480250672825 0
0.2771263037753614 -0.13917874313948425 0.1441036692502611 0
0.27712787945750655 -0.13918052938718262 0.1441038592631518 0
0.2771238022995379 -0.13918436503898565 0.1441029464951968 0
0.2771217802109957 -0.1391915399227968 0.14410239143166323 0
0.27711486729452656 -0.13917318134707352 0.14409876172502442 0
0.27711639697796786 -0.1391764015073128 0.14409585075406656 0
0.2771139016222758 -0.13917327625369103 0.14409997445068404 0
0.2771151347980271 -0.13917541542780024 0.1440972368496944 0
0.27711701652012755 -0.1391777717019017 0.14409818226631788 0
0.2771162057319264 -0.13917709822233737 0.14409866619626402 0
0.2771166729655642 -0.1391741190934045 0.14409833963362853 0
0.27711851240106306 -0.13917611368590477 0.14409793644903193 0
0.2771179211204934 -0.13917795934051477 0.14409794798432493 0
0.2771187073659026 -0.13917478569580516 0.14409727369186204 0
0.27711872599241116 -0.13917700889381102 0.14409579777108136 0
0.2771179917312267 -0.13917540605096237 0.14409873332091191 0
0.27711689370745196 -0.13917952733573957 0.1440979338416848 0
0.2771183251349216 -0.13917794419672924 0.14410024229177143 0
0.27711938214682025 -0.13917788739274156 0.14409940781390754 0
0.27712083168183077 -0.13917984343136347 0.14409804051630032 0
0.2771189279922823 -0.13917735643138193 0.1440973664981738 0
0.2771170655442208 -0.1391771902138006 0.14409817246264958 0
0.2771187423242276 -0.13917813438954396 0.14409744991152512 0
0.2771181177452073 -0.13917802412854208 0.14409696579056125 0
0.27711919671901886 -0.1391808985378436 0.14409818440218464 0
0.27711754552653156 -0.13917729982937005 0.14409468254558638 0
0.2771206805176665 -0.1391758567077529 0.14409829329403412 0
0.2771183257290951 -0.1391793117878704 0.1440986076422547 0
0.27711767123858494 -0.139179658331212 0.14409774152884083 0
0.277116997084906 -0.13917878839213793 0.1440981518333521 0
0.27712053324208596 -0.1391772865676445 0.14409894910392845 0
0.2771213150224482 -0.13917781642802746 0.14409767915062058 0
0.2771193597554076 -0.13918080772020486 0.14409853929965608 0
