0.4386246146531647 0.1934131867537359 0.4474762323437344 1
0.4386311574788916 0.19341929265757543 0.4475119337115794 1
0.43863347755987137 0.19342537922442543 0.4475409860464945 1
0.4386660464586497 0.1934280990621591 0.44771263218741103 1
0.43868951506974874 0.19343179485882306 0.4478403249201285 1
0.4386852615447096 0.19343792858754744 0.4478388559772354 1
0.4386825201302353 0.19344102470296032 0.4478332908519256 1
0.43868222727151107 0.19344182714242547 0.44783411913500404 1
0.4386801390752298 0.19344533939822223 0.44782401772729413 1
0.4386767051901347 0.19344694476912794 0.44781987446159993 1
0.4386307672335415 0.19351727513844583 0.4477021047408875 1
0.43870053996514113 0.19382435073627227 0.42959275883447673 1
0.4387922419693641 0.19360641703145676 0.40927380149674253 1
0.4387462479339542 0.19336121806401776 0.38616500315253277 1
0.4402501479735994 0.19372085447414478 0.3662706583148936 1
0.45479827641505444 0.19367153853528477 0.34146708882146587 1
0.46315976430373373 0.19502732022462677 0.32334531068817285 1
0.46400451869749304 0.19529877853484257 0.30168806902037 1
0.46350105288029164 0.19555150202658617 0.2815156015004737 1
0.46360414879409084 0.1951147257904572 0.25878017849941015 1
0.4634779140457342 0.1950383929309102 0.23616001794558597 1
0.4627582418814299 0.19526940604859172 0.21276369569161888 1
0.4708935393365639 0.19451703926900998 0.1925693126215029 1
0.47380632312185567 0.1945050615189975 0.17303650036567922 1
0.4861095375108707 0.19386019558971418 0.1539976234740844 1
0.4920189361647752 0.19341288779953658 0.14737583104824867 1
0.4918514153790531 0.19382404548677046 0.13336057252053815 1
0.4915448223368559 0.194650683394257 0.12084406506752925 1
0.4946872559410581 0.2128315328642561 0.12042088916989784 1
0.49905327147757833 0.22819857998072357 0.1201508109916548 1
0.5148039993268994 0.23817563556990395 0.11971784410657726 1
0.5316049625027803 0.2410178605267534 0.11902495785251144 1
0.5326812019985023 0.2637953265555112 0.12003857340384418 1
0.5295724635888269 0.27204828441350126 0.12078721611835389 1
0.5326812644910495 0.27206325612218135 0.12134152846027235 1
0.5462601712707912 0.27663583718899276 0.11846972558828575 1
0.5489396559963668 0.27948800200254564 0.11181669042688551 1
0.5485866627242696 0.27986144232490084 0.10275254321485451 1
0.5487198095080802 0.2798041154361148 0.10224240890712838 1
0.5487439921240402 0.2797612418787984 0.10225022904124258 1
0.5487573221519884 0.2797213458057872 0.10224794774078866 1
0.5487581914292614 0.27968494491493934 0.10223194179810051 1
0.5487267485577191 0.27967316199582126 0.10219621847747745 1
0.5487180996329434 0.2796460026132752 0.102158120746226 1
0.5487112691422599 0.27962612552095134 0.10213808777166036 1
0.5487132951430194 0.27960570052171874 0.10212612795417249 0
0.5487318339342531 0.27954622892045444 0.10211221484298677 0
0.5487585148616955 0.27947775770538724 0.1021033153441393 0
0.5488954487840615 0.2792149178351514 0.10209258285089703 0
0.5489329509677712 0.2791527686501628 0.102106667781369 0
0.5489307058014521 0.2791550092635162 0.1021048699962664 0
0.5489264099941272 0.2791683970172317 0.102107722779879 0
0.54891318369412 0.2791824098176121 0.10211255980624637 0
0.5489035540152736 0.27919334622695813 0.10210736614806468 0
0.5486034436361362 0.27932004374065134 0.10198839554257173 0
0.5393546410372474 0.2757219473745839 0.10179163314021276 0
0.5193881742177713 0.266927503003638 0.10287935793587713 0
0.5143424760069106 0.2510198624499826 0.1015666097914455 0
0.4967198857197597 0.2468867760912788 0.1025271066261425 0
0.4814611074022397 0.23280412371227538 0.102583701705688 0
0.4716371486948486 0.21345128088872276 0.10240664752963385 0
0.470595990550687 0.1932675841003979 0.10163623229173771 0
0.4711673955449564 0.1704784970547593 0.10245076991677472 0
0.4675563216053515 0.148616288634921 0.10227611539474883 0
0.45686655984303476 0.13074895538908446 0.10294121398619357 0
0.45090883441483054 0.10881345518082725 0.10284825743365131 0
0.45034666701042697 0.0890987350981065 0.10262747638020031 0
0.4503937959025504 0.06640886195060072 0.1026590137346875 0
0.44370917217102557 0.047077678871678186 0.10264696898674419 0
0.4284878016046788 0.029935472740158495 0.10312091754081336 0
0.4093577699447408 0.015849718238596336 0.10295712443700801 0
0.3914711524849333 0.0005421692291647517 0.1029477719438176 0
0.37630261483194205 -0.017460424018488574 0.10278589816266318 0
0.3591193330899213 -0.03369002799222598 0.10293384493092518 0
0.34328466210262976 -0.047633267968426096 0.10294174434802027 0
0.32748237734446317 -0.06176334750922209 0.10329197650941592 0
0.3124129666258406 -0.07613108365048497 0.10345995777863155 0
0.2981703183298917 -0.0950980210936377 0.10322087450068956 0
0.2868705469290226 -0.11253794781262591 0.10322462628905624 0
0.2774917328738762 -0.13130798125367066 0.10321508745597875 0
0.2657545937385213 -0.1517618914618646 0.10330504228567339 0
0.2538640429061199 -0.16420563900212265 0.10321896290583077 0
0.24869074149508927 -0.16506928200437032 0.10297171850388084 0
0.2473291262866975 -0.16194360656567544 0.103144958055758 0
0.24909187171610864 -0.16041820681845276 0.10325007237189991 0
0.2494627156345213 -0.1574544201168521 0.10300522429957504 0
0.2525415997596031 -0.14675311311853534 0.10299108881323946 0
0.25255643947124806 -0.14570940875924931 0.10292604622921048 0
0.2532552977993646 -0.14856414157370917 0.10374327868135938 0
0.25302051889454835 -0.15148100128258418 0.10333041222034521 0
0.2529183117118986 -0.1518747454892025 0.10325860632909195 0
0.25235134858046826 -0.15230618352582437 0.10300079095875433 0
0.2524784980479964 -0.1523725910128203 0.10306186767062772 0
0.2635990416424528 -0.15272556284368966 0.10373908097125555 0
0.26845104487171567 -0.15212101954953167 0.10314863358494146 0
0.26857962750052694 -0.15201398682520995 0.10313278012583586 0
0.2672430338479118 -0.15003352662301223 0.10321745758524127 0
0.2702096788255387 -0.1449048236633303 0.10286101916534349 0
0.2766784652021294 -0.1380264358024892 0.10308119176609247 0
0.276588960722733 -0.13766924105190925 0.10310322504682735 0
0.27658460940261964 -0.1377042237041715 0.10310943918156383 0
0.27658282888773417 -0.1377237727825279 0.10310603780984623 0
0.2765727853263682 -0.13774247490729694 0.10310514422581465 0
0.2765764343610221 -0.13775517598966647 0.10310532347277937 0
0.2765756502615205 -0.13777268786883218 0.10311013879095988 0
0.27657101071783896 -0.13778611358268228 0.10310914895028414 0
0.2765753656851423 -0.13779658686889962 0.10310844254697964 0
0.2765749258622068 -0.1378016999617533 0.10310893796151212 0
0.2765764313084601 -0.13780973351056147 0.10310572408479378 0
0.27657790965254436 -0.13781688484065435 0.10310757121687449 0
0.27657206050513344 -0.13782564912770706 0.10310926840702793 0
0.27657918522900765 -0.13783607172019702 0.10310851977827665 0
0.27657624109801654 -0.1378370346128873 0.10310681535003781 0
0.276578823026061 -0.13783840078477383 0.10310770422413747 0
0.2765750105324099 -0.13783956914994352 0.10310980382445124 0
0.2765781529261865 -0.13784616785893747 0.10310976564052207 0
0.27657584866697993 -0.13784454620048933 0.10310825890243304 0
0.27657648171000915 -0.13784898381136673 0.10310786792573291 0
0.2765745087761806 -0.13785093466572038 0.10310649057385222 0
0.276576525201596 -0.13784596636188987 0.10310519706446465 0
0.2765756267727743 -0.13785104518140745 0.10310564828140807 0
0.2765772701544694 -0.13784849538460348 0.1031071408789191 0
0.2765772667734423 -0.13784956671206072 0.10310931547670946 0
0.27657588051077747 -0.13785243026030608 0.103107027714861 0
0.276578177109539 -0.13784800880162304 0.10310598274314114 0
0.2765745389614621 -0.13785071878781208 0.10310537737283117 0
0.2765767624328629 -0.13785624037543956 0.10310887377716117 0
0.27656512930030397 -0.13784422563492205 0.10310350147552683 0
0.27392145185312466 -0.13442128203341325 0.10327057790095426 0
0.27271729789885535 -0.13314873177109854 0.10282821644712302 0
0.27046512605963446 -0.1314905069784169 0.10316165990855804 0
0.27052542503449756 -0.13142288778253697 0.10289447977323775 0
0.27051777918101794 -0.13141135153311811 0.10292741432644174 0
0.2705052416200541 -0.13139422247129295 0.10296237438260858 0
0.2704965528886965 -0.13138045711320195 0.10299402344268639 0
0.2704835991156497 -0.1313670614371915 0.10302719918876428 0
0.2704710165155024 -0.13135266074320734 0.10306399643118193 0
0.2704229948222051 -0.13132132925729062 0.10316156594372265 0
0.27027733883842014 -0.1312292189395038 0.10344553449103315 0
0.2703412166002101 -0.13126022071967902 0.10332727391540728 0
0.27058403641460715 -0.13139881189052707 0.10289469190410347 0
0.2705689864255041 -0.13138542612467619 0.10293835066826154 0
0.27055168057942486 -0.13136901284604408 0.10296651814406199 0
0.27052739857539476 -0.13135577151610622 0.10301466296246592 0
0.27026722393813024 -0.131197832007876 0.10350313515990088 0
0.2703102937169199 -0.1312145205684565 0.10343509863900326 0
0.270404337666674 -0.13126752943355574 0.10325820455681688 0
0.2705990822919111 -0.13138573425231231 0.10290038382917281 0
0.2705780432654794 -0.13137165339533363 0.10293612249714458 0
0.2705572601357331 -0.13135996486595766 0.10298539150765071 0
0.27035748508500856 -0.1313533976280163 0.1034726522364263 0
0.2753496520889149 -0.14010228316422413 0.10280870724275813 0
0.27655094103389893 -0.1431118723206841 0.10336134387725053 0
0.2767094287032679 -0.1434399529773866 0.10332083774193891 0
0.2767069601215052 -0.14343881647747003 0.1033065706008346 0
0.2767089299193708 -0.14342559099014396 0.10329267377723393 0
0.27670302267834024 -0.14341368130849824 0.10328682647374501 0
0.279166801656915 -0.1461464544057095 0.10264099290824899 0
0.2878079798777948 -0.15327414278201573 0.10310114017783355 0
0.29507704955490865 -0.1531401720389898 0.10332749872370199 0
0.2970901761472657 -0.152472219736694 0.10313880352142268 0
0.297074658337373 -0.1523138302013447 0.10310779920245369 0
0.29709114179779617 -0.15108821489471827 0.10273596980552142 0
0.2970329016766329 -0.15097522620150325 0.10308889460766096 0
0.2969836326372524 -0.15092205535968786 0.10308424328550964 0
0.29693249476838146 -0.15085645776370643 0.10308695403244555 0
0.29932862255167336 -0.1545928000431499 0.10316867655408021 0
0.30405173231401006 -0.15990294536546884 0.10300759483792538 0
0.3048673837359144 -0.16067195606194967 0.10346446808150646 0
0.305719354843034 -0.16040149576980386 0.10329385532021561 0
0.3074684565106082 -0.16008432341701137 0.10287472476317623 0
0.3074298746129899 -0.1600573551208136 0.10290016666744578 0
0.30738430047993637 -0.16005118071978242 0.10293909993986756 0
0.3073363262702685 -0.16004492207688178 0.10298320109500532 0
0.30699235301205985 -0.15987264452677943 0.10340409387483974 0
0.3069872320086562 -0.1598955024446742 0.1033924710891935 0
0.3073357006288393 -0.16013359769248814 0.10292956661540863 0
0.30738120190296603 -0.1601933059123215 0.102868050178054 0
0.30733936645310095 -0.16020107420045618 0.10290930523519022 0
0.3072902178133283 -0.16020209444292144 0.10295309138679676 0
0.30721771034368583 -0.160189087597802 0.10303145531672425 0
0.30690972865129507 -0.16002606134616204 0.10341738153324179 0
0.30696826150228684 -0.1600676108563378 0.10333810368432698 0
0.3073235681588027 -0.16030675347891366 0.10285541189039107 0
0.29588391772782124 -0.1576259332134871 0.10308602483735516 0
0.27507453452334657 -0.15468407673887552 0.10290458663903597 0
0.2615480310034384 -0.15405127844919292 0.10295000947887886 0
0.25793888333753534 -0.1559314069734845 0.10310623277167455 0
0.26633719583145465 -0.15682177753357038 0.10392813764308602 0
0.2839180350800337 -0.15554890181068154 0.10347818725548556 0
0.2865011510149731 -0.1562736883120569 0.10303341562962214 0
0.286806196418042 -0.15602958923852395 0.10307414816760263 0
0.28676286183170474 -0.15602747367041775 0.10309120905902283 0
0.2868475140033342 -0.15605461421562467 0.1030766494660858 0
