0.4387175179865205 0.19339293523709017 0.4475589508375659 1
0.4387195857605991 0.19338953878233942 0.4475556726646365 1
0.4387177580789433 0.19339324858471457 0.44755608647063555 1
0.4387135624689157 0.19339875840901838 0.4475545405214951 1
0.43871696418815476 0.19339669170856555 0.44755737165248144 1
0.4387177041340021 0.19339514699036156 0.44755560394643706 1
0.4387155894951065 0.1933951109992758 0.4475571965495189 1
0.43871947482229645 0.19339362239350785 0.4475577342315446 1
0.43871795246846473 0.1933923138875046 0.4475565538158969 1
0.43871496463658427 0.19339641069200458 0.44755367870728924 1
0.4412701636820544 0.1934022510335099 0.4480285242154705 1
0.4515793322128239 0.19299228615788697 0.4470391117413508 1
0.46456599959031636 0.19327159350820036 0.4472164892930705 1
0.47116812766248184 0.19286715890972095 0.44778919802037676 1
0.47143458199294747 0.19326157039454 0.4482935647571631 1
0.47121754202149035 0.19295702903431555 0.4482653654077232 1
0.4798716401924749 0.17922036309231798 0.44688846477667726 1
0.4886905037252487 0.1602073272305668 0.44663374628690206 1
0.4966554584220871 0.13691821717441338 0.4473410659600988 1
0.5040347762402843 0.11421652773067169 0.44759456663156316 1
0.5084390084664248 0.10135743570340641 0.4480537218042285 1
0.5087471037225215 0.1011754698908831 0.44816602572049125 1
0.5087654614326858 0.10118470779672262 0.4481433467103796 1
0.5087542408443875 0.10129174860712059 0.44811356179903133 1
0.5087029690546975 0.10157604485437402 0.4480553774642123 1
0.5090352721879449 0.10161350024678559 0.4478424026214299 1
0.5141520169378115 0.10159531938638738 0.44731374733578977 1
0.5239609004511621 0.10436979355148304 0.4466569755321816 1
0.525999760908505 0.10532744336347934 0.447212075142622 1
0.5263739067150799 0.10514870861310073 0.44756963714559295 1
0.5263247107808683 0.10518450513526152 0.4475826835801198 1
0.5262778556459456 0.10521224440828722 0.4475827998869521 1
0.5262008532965021 0.10525528998852426 0.447570792931301 1
0.525766322280632 0.10550616721292032 0.44747335109996195 1
0.5258495619235137 0.10546038297549397 0.44748527975138763 1
0.5263802750111819 0.10514947910643864 0.44756520646559195 1
0.5263380424723008 0.10517116390358353 0.44754359945447925 1
0.5262822525087099 0.10519834840553242 0.44750127506459947 1
0.5262167448103929 0.10523170162164693 0.4474531177755273 1
0.5257430342405073 0.10550084758474929 0.4472678427301193 1
0.5258078400801685 0.10546025120768635 0.4472019192678868 1
0.5263741750847187 0.10513884332358577 0.44728740488071816 1
0.5263335370284341 0.10515291567716896 0.44728016314504293 1
0.5262876392001985 0.10517860749632 0.44727717256338345 1
0.5262238409022957 0.10521695237863353 0.44727014948843097 1
0.5257264089165582 0.10550053977060725 0.44717980399163093 1
0.5257957825138428 0.105464713852577 0.4471925403612742 1
0.5263759706640675 0.10512667458233631 0.44731460074664103 1
0.5263295235019256 0.10515273036127595 0.44731079900679 1
0.5262839786451826 0.1051745946913326 0.4473027378488003 1
0.5262323499950058 0.1052038872069864 0.4472928981644737 1
0.5257180942929383 0.10550530170259032 0.4472007526095371 1
0.5257919144352083 0.1054588217092833 0.4472123551091437 1
0.5263823892346964 0.10511989232947128 0.44733530152454165 1
0.5263361161066545 0.10514380392937417 0.44732917659231447 1
0.5262852768499541 0.10517321659827905 0.44732430453619126 1
0.5253181283898242 0.1056713792393589 0.4473458082007773 1
0.5189387084580341 0.1056972707026425 0.44815375346297087 1
0.5123058198640814 0.10378101390073952 0.44809908707188195 1
0.5114913808083704 0.10407041127170019 0.4471211834332156 1
0.5115316150543587 0.10397561241355299 0.4470894662466787 1
0.5117063702978654 0.10352536958701589 0.4471023813700517 1
0.5122252893448358 0.1030890154947742 0.44718711196196403 1
0.5121728301938334 0.10312087410880795 0.4471850043390756 1
0.5108460467970095 0.10352008154646646 0.4471566315015961 1
0.4921056017216194 0.10370839441274711 0.44854494038664544 1
0.4719890291536671 0.10374718558079805 0.4479507283478178 1
0.44923062160832544 0.10349252648651266 0.4477243490182707 1
0.4289174495050918 0.1034390894303036 0.4474566569644326 1
0.40665126686929376 0.10157979277655266 0.4479573613834879 1
0.3865037955085 0.10068074513326816 0.4477480627030253 1
0.3639729585414424 0.10056086477312057 0.4476162256291824 1
0.34140713245722293 0.10076718844145538 0.4480389155997845 1
0.319075542799472 0.10195723621732168 0.4483998953764008 1
0.299028324590705 0.10607105702124958 0.44839053100832776 1
0.27639982778910305 0.11175888991488085 0.4477745891564905 1
0.2564636464361745 0.1175900777049174 0.4481564648494261 1
0.23409542602229372 0.12475649256485649 0.4482155938278306 1
0.21800529769441854 0.12868046678993791 0.44771240991663047 1
0.21659527996533695 0.12847805918419253 0.44771807059476215 1
0.21698940472444495 0.12875312885919366 0.4478059373659523 1
0.22325122657064128 0.14401229355729006 0.44848776617679953 1
0.23074270188902637 0.1640480278429145 0.4480265668637488 1
0.23851589935797413 0.1867725126928686 0.4464350046715202 1
0.24240995229517937 0.20937435098815904 0.44701080368389806 1
0.24237148582380647 0.22118131871157268 0.4472168154037751 1
0.24193006321827254 0.22215425859987703 0.4474571721078943 1
0.24254677977444122 0.2233970714468302 0.4475945516847731 1
0.243262923487373 0.23229488769968337 0.44761033175006454 1
0.24287583232579318 0.2344853683390004 0.44794029430312354 1
0.2427125102628608 0.2346078672633955 0.4477670760952776 1
0.22993367042061186 0.23951688880699978 0.44965578156110225 1
0.21482814221561364 0.2452501955055585 0.4489196700952824 1
0.21046063866550624 0.2472438103996485 0.44440028047875935 1
0.2101110054274125 0.24742816944475476 0.4441998577068246 1
0.2085496802371567 0.24890650420925872 0.4427294264644607 1
0.20394680495969197 0.2520264266018304 0.43894282478268304 1
0.1991846714378842 0.25532187543686435 0.43498923262473405 1
0.19780440118052822 0.25600310042045854 0.4340019686634887 1
0.19632281297492712 0.25772991615957297 0.43321281489888364 1
0.19284785696714157 0.26165166710433335 0.431250385059669 1
0.18943693730665473 0.2659306617232372 0.4290504908763966 1
0.1853741743813055 0.2706917291317719 0.42748686169031225 1
0.1814343523555843 0.27514087600620446 0.42624419950883363 1
0.177723980428663 0.2782319470148965 0.4262358885637459 1
0.17675827573601027 0.2793218572461142 0.42587135303826673 1
0.17472605259101853 0.2801392180776605 0.4240776845882588 1
0.1692940657429214 0.2795506464742849 0.4226837255684256 1
0.16313148317975928 0.2786679726281442 0.41970753924139764 1
0.15873349975017315 0.277682489807292 0.4177871184452573 1
0.15726033756505634 0.27739134393205767 0.41673480385964173 1
0.15727166225191608 0.2773875050334919 0.4167297968205383 1
0.1572920272856897 0.27737930685585493 0.41672604664146 1
0.15853308011532832 0.27899912715275055 0.41684822886486383 1
0.15960355581613828 0.2879093356356522 0.42136432323898326 1
0.15955380095784574 0.2939212608083813 0.4246740545215315 1
0.1599857239625646 0.29424627818242716 0.4255660685891023 1
0.15993662170383627 0.2942631051957434 0.4255987002847589 1
0.15990605547933356 0.29426739908821886 0.42561241323418664 1
0.15989144582587664 0.29426690800350136 0.4256216263475024 1
0.15988160484214287 0.294265519228032 0.4256306293892969 1
0.15987382841896425 0.2942622248686739 0.4256314421607405 1
0.1598670619816019 0.294248712716709 0.425656135828556 1
0.1598537203464137 0.2942343534498593 0.4256824189748488 1
0.15985389890354262 0.2942323753292435 0.4256739741371075 1
0.15948367078636244 0.29346956684876196 0.4252078580225439 1
0.15660012111382335 0.28868360755750017 0.41981230984894335 1
0.15422573676993234 0.2835061210649609 0.4133889615144672 1
0.15166165361862802 0.27760736757110754 0.4064439115226577 1
0.149021496816782 0.27137348283499846 0.39922138981339655 1
0.14678232742368133 0.2666507151251932 0.3932567590932279 1
0.14658499886331983 0.26630073532987236 0.3924061940071297 1
0.1467371498517408 0.26776420687712316 0.39237710048811725 1
0.1491933600083487 0.2759310219036773 0.3975788687190833 1
0.15238976310186103 0.28689918123378344 0.404699117322257 1
0.15548173144939378 0.2989009750022981 0.4114914672996339 1
0.15756727637114057 0.30571731359906984 0.41559222174507465 1
0.15753302709429357 0.3059051291555188 0.41549979709509666 1
0.1572316298803593 0.30478743509964523 0.41563734063788127 1
0.155235624819762 0.29995500286376253 0.41071090562358076 1
0.15293934702730014 0.2938130448591569 0.40328144512969444 1
0.1508302277757945 0.2882736971412571 0.39710357351878267 1
0.1488950746013552 0.2834786368704882 0.3915361603410875 1
0.14890701225677003 0.2828383470114609 0.3905586714816491 1
0.1493514205662154 0.2870958951651546 0.39177866148697993 1
0.15183317130323243 0.29768956426908727 0.3972069427348608 1
0.15549918108764862 0.30987108325850343 0.40340365331457995 1
0.15993703759291755 0.3248764632969383 0.41006709329057395 1
0.16409907930720335 0.3372480578988304 0.4148948551250534 1
0.1654192694012619 0.33989886910074263 0.4166700886104767 1
0.16537505259355628 0.3399058287964628 0.4166820201675036 1
0.16485483947874444 0.34028153267954375 0.4166967669228146 1
0.16515962942011783 0.3494349329505813 0.4179583659050123 1
0.16571089207285444 0.35866709833478977 0.41998736858245517 1
0.16547713987134655 0.3591079840254094 0.42116220265673476 1
0.1654776060815636 0.3591061345906504 0.42118300634981326 1
0.16547632960419464 0.3590961401393435 0.42116354094216263 1
0.16530097430530427 0.35910512263345395 0.4209791027696458 1
0.1640104493742699 0.3591216439611676 0.4206944921981379 1
0.16414400479793936 0.3588642577383087 0.4210263817428024 1
0.1635509438619745 0.3589234230055726 0.4206827649437398 1
0.16310176533096782 0.35894771546955306 0.42207395864619734 1
0.16314957421686022 0.3589337012800822 0.42211428505650866 1
0.1631742644899636 0.35892569193177304 0.4221227589906843 1
0.16266369622754628 0.3520357748184025 0.4220764597474359 1
0.159836493502442 0.3380925420787368 0.417870231521827 1
0.156726703931105 0.3261852051576505 0.41263664330246463 1
0.15661209819272717 0.3254329806603437 0.41165191350246466 1
0.15664381095656713 0.3254245714972718 0.4116333682553439 1
0.15678168258681408 0.3253909295273798 0.4117025234415919 1
0.15677521137224168 0.3254015087396446 0.4117130929476339 1
0.15706616835247017 0.32742892985175365 0.41282700054814625 1
0.15739048939567207 0.32904723265595903 0.41511491009776874 1
0.1574003431946107 0.32905617029255535 0.41519186830669813 1
0.15755966615020853 0.3300700138393641 0.4167904036082164 1
0.15815131118756365 0.33276797394076874 0.41938117595195146 1
0.15817344794805502 0.3330338642643957 0.41956712533132595 1
0.1579788213460259 0.3331486467831677 0.4197773185824677 1
0.1561950920096774 0.3335663248015056 0.42009823393663026 1
0.1559434368296391 0.3334978679643823 0.4203345504609919 1
0.15587481921865756 0.33341627969249654 0.4203267180131755 1
0.1548296751371753 0.33371967851907447 0.4214486796309442 1
0.155092101332634 0.33350604757050833 0.4217542689804763 1
0.1571957398019603 0.33278906585349066 0.4220924652395171 1
0.15801797138455018 0.3329320298048555 0.4217924152641273 1
0.15817518441587727 0.3329458440540641 0.4205561083425358 1
0.15898687454558305 0.3329332723106434 0.4197344525659569 1
0.15996694869513653 0.33268460901578834 0.419115898500382 1
0.16067882855337762 0.33266216281411 0.4186099690020151 1
0.16059705582897807 0.33268942383675904 0.4185622966808665 1
0.1602793955442455 0.3328389432454787 0.4185632069924732 1
0.16028195489874983 0.3328370248193875 0.4185695477926468 1
0.1602819113765327 0.33283580237096455 0.41857056122817154 1
0.1602883650103371 0.33283137948630814 0.4185653371227062 1
0.16002331336169362 0.3319289509356747 0.417596379728859 1
0.15878843023973832 0.32747019570267044 0.4132896202113775 1
0.15697005500896813 0.32204579769611075 0.4075703083090021 1
0.15518463373606484 0.317149057201577 0.40201472128559346 1
0.15314583797873693 0.31217244847085934 0.39626282542430746 1
0.15087172067890825 0.30635582438677966 0.389048285436478 1
0.1483783732535484 0.30178306792783993 0.3798315091191737 1
0.14826608880203754 0.3014960462616934 0.3604177550967098 1
0.1476784218248118 0.3017480661989116 0.3399246995591375 1
0.14764574297111438 0.30173959962420616 0.31969672670406546 1
0.14742053539562577 0.3019024815680856 0.2970877033663095 1
0.14763070263999115 0.3020594224501131 0.2745743206187325 1
0.14743881660468855 0.30140946089629633 0.2758924239167688 1
0.147351459308196 0.3013103630794617 0.2756001160260609 1
0.1476794001492149 0.3011863374252791 0.27567683868806375 1
0.14777801332740692 0.30132180144478654 0.27612029040043706 1
0.14785651464374522 0.3015495801398047 0.27645586835695685 1
0.14811354391940784 0.30145652610157253 0.2764922015057093 1
0.14815174032831385 0.3014341096909166 0.27648394182002284 1
0.1484275565849131 0.3034576809135109 0.2763496048394647 1
0.14807297742109837 0.32084421227794335 0.2755704695658926 1
0.14974629938504316 0.3399560584885764 0.27569472304726217 1
0.15025591040420472 0.342333589402378 0.27643371001290085 1
0.1503671522233711 0.3422842644640871 0.2764796051754425 1
0.1503798002842569 0.3422590484677274 0.2764988931896758 1
0.15038680216334754 0.3422225053224379 0.27649828340481625 1
0.1509802641742431 0.3424134105918279 0.2660485874650203 1
0.15043667355667673 0.342568137736887 0.24794937098618047 1
0.15037459810938253 0.3423352618285831 0.24645946429758508 1
0.15087520216320632 0.34177556709296386 0.24413292163202066 1
0.15028158397322292 0.3425743095179552 0.22579701086455947 1
0.14991729663051423 0.3424731237149776 0.2238152098802612 1
0.15036671325082984 0.34203366429367016 0.21970469249270475 1
0.15017045539096635 0.34182758886747466 0.2050902501075172 1
0.1501262651927031 0.342198894444106 0.204067509727623 1
0.1501743745090699 0.3422835839990502 0.20348448142128367 1
0.1502421007877687 0.341960881534536 0.18542681158318447 1
0.15009873495797285 0.34260801797303764 0.1845884169189557 1
0.15010850603666032 0.3426119408046663 0.1842825897692775 1
0.15012290508631757 0.3425859081093565 0.18424610541470365 1
0.15012978074603675 0.34255120319892707 0.1842145322378199 1
0.1498561330316383 0.3420801017199501 0.17057688276215632 1
0.15003455670978416 0.3422329736495462 0.16873433863160833 1
0.1500787233807923 0.3423386579606129 0.16863504079138242 1
0.15008168951432754 0.3423413036843429 0.168649430702253 1
0.15008041454457124 0.34234276006661224 0.16865571855223083 1
0.15008456315624963 0.3423427070089978 0.16866404662920365 1
0.1500946024880088 0.34234037802200035 0.16867386422451272 1
0.15009614050118747 0.34234872239142733 0.1687260497835699 1
0.15010935083479646 0.34233829751542166 0.16872309898038737 1
0.15012536611908883 0.3423261865307391 0.16872270940224632 1
0.1501329180888862 0.34232039026570643 0.16871867455349082 1
0.15013916378511993 0.34231610849017063 0.16871957935980858 1
0.15014522393927715 0.3423114339338652 0.1687171158879167 1
0.15015280055346913 0.3423066574782279 0.16871822608995563 1
0.15016539066594853 0.3422952952074825 0.16871590532049702 1
0.1501635844545779 0.3422951665302689 0.16871332438454742 1
0.15016484952686154 0.34229166275511363 0.16871348354546883 1
0.15017379985324839 0.34229079219791136 0.168715733819728 1
0.1503515505449873 0.3424043524342011 0.17340615629166 1
0.15033844427398185 0.3423542310219881 0.18588278140719125 1
0.15039826445531002 0.3419738768806947 0.18648678513789968 1
0.15038692778688656 0.34196549345269045 0.1864918894083736 1
0.1503658054645687 0.3419845613091076 0.1865061507594789 1
0.15034932401477918 0.3420027230225511 0.18650981417131554 1
0.15034142375573445 0.34200349427721954 0.1864397205816396 1
0.1503268638272075 0.3420236212636425 0.18645547081759545 1
0.15031451431166523 0.34201208673217576 0.1865769863331797 1
0.15034500554605396 0.33149936926627843 0.1868802825559414 1
0.15059672643340954 0.3149564755788952 0.18616681694810328 1
0.15021441437512753 0.3153631884468388 0.18662270500641082 1
0.1501956275576276 0.31535732356508656 0.18674582462851663 1
0.15021281442630735 0.31534901914521435 0.1866769962287869 1
0.1502154162498341 0.3153556002771567 0.18663092478865245 1
0.15021230465239696 0.31537490444057314 0.18663011051253195 1
0.1502179775891906 0.31538238760657605 0.1866189024102584 1
0.1502124640141018 0.31541572231380066 0.1866287906054983 1
0.15020841830135917 0.3154569347408418 0.18664398304426233 1
0.15019783133718062 0.3155147785622239 0.18666367825886063 1
0.15019958372571557 0.31552425717917754 0.1866664283856781 1
0.15019868354336588 0.31552671214798167 0.18666746383722913 1
0.15313975421807435 0.3160507881862732 0.18602954557239887 1
0.17379976514472834 0.31902743040583215 0.18663780719027925 1
0.1867402908231542 0.3212746998850911 0.18619401315986445 1
0.18793798618856056 0.32114890152895637 0.1866673707349547 1
0.1838821475880424 0.3211427263088159 0.18690657620637866 1
0.16352188205900806 0.31676843924236714 0.18695829391241126 1
0.16042164457871894 0.3156984696368505 0.18689963887766436 1
0.15979044140067336 0.3161942863786231 0.18633205277542572 1
0.15966123503596918 0.3163662352088479 0.1864445990581671 1
0.15955958283506694 0.31651672087310057 0.18646870650782135 1
0.15989198542863955 0.3156144106833515 0.17341480233932724 1
0.160388022765463 0.3157061956335566 0.17057302008681968 1
0.16049415238361087 0.31594194829469163 0.17073408673928478 1
0.16046661617579566 0.3160192544964646 0.17092781993070794 1
0.16046818493441972 0.31601025085471884 0.17092383193978888 1
0.16045987263221545 0.3160062702103901 0.17091829767623423 1
0.1604560201311951 0.31600626063283044 0.17091862226429463 1
0.16045263485628333 0.31599968216198504 0.17091171241848566 1
0.16045065909231757 0.31599625052466096 0.17091232389251376 1
0.16044641690508524 0.3159884913811256 0.17090554364842667 1
0.16197749714967333 0.3161772869573682 0.17038496764352393 1
0.1639050621859293 0.3159698769672743 0.17063488803731472 1
0.16384608528801267 0.3161059006261191 0.17055226190094175 1
0.16385870214665418 0.3161385092847102 0.17119474911322016 1
0.1642651707516103 0.3157351869555436 0.17097147725916734 1
0.164176075313703 0.3158145568853488 0.17090894722554606 1
0.1637967084469656 0.3160904927812829 0.17048541828890193 1
0.16385260657696293 0.31605070719196515 0.1705032112243886 1
0.16428151720332312 0.31569912476714246 0.170669733868514 1
0.16422297709890715 0.3157530938264096 0.1706524189162889 1
0.16375563112463148 0.3161526191668189 0.1704779394490373 1
0.16381232906308396 0.3161109573488461 0.17049844231707684 1
0.1641124262616375 0.3159213659305248 0.17055147367704998 1
0.17221831843386248 0.31593684609414197 0.1705570323857607 1
0.17520384704265934 0.31589751011983264 0.17017178102723782 1
0.17559084101400177 0.31580662632136663 0.17026546323935432 1
0.16935354735048425 0.3157616833185657 0.17104378467532694 1
0.16536885728139894 0.31556533363704337 0.17045168618849557 1
0.16462024226108568 0.31616012692413753 0.17043437149344898 1
0.16460999915172997 0.31608317270059394 0.17040861077936145 1
0.16462971263522067 0.31599272291122144 0.17038192229231955 1
0.16469151669015306 0.3159402229929299 0.17038074210320522 1
0.16470730368350756 0.3159237195674052 0.17041630651419934 1
0.1647287289343702 0.3158950677378829 0.1704147645949738 1
0.16474471956339695 0.3158784199172091 0.1704158197341976 1
0.16476103247597237 0.31586108026389514 0.17040817339178327 1
0.1647806268407984 0.31573357387762807 0.17076455871461554 1
0.16535776804532357 0.31568262117467516 0.1863098063263553 1
0.16526334338916723 0.31537603659253766 0.18608982701819154 1
0.16511887623547056 0.3153695641054281 0.18634922724684835 1
0.16500292664283542 0.3154201177847663 0.1861971428899769 1
0.16497989874614105 0.3154520231907855 0.18621324501282382 1
0.16497947393522333 0.3154697349945583 0.18623231116571914 1
0.16497213374318295 0.3154958226727357 0.18624791683905353 1
0.1649711176026332 0.3155151554099974 0.1862567357304367 1
0.16496827545200374 0.31554148965460976 0.18626951669737304 1
0.16496551528644926 0.31560415441544887 0.18629974516328032 1
0.16496437042743392 0.3157322147412334 0.1863587210781977 1
0.16496472727037234 0.3157397504319025 0.18636200794582544 1
0.16496202257357273 0.3157431588468929 0.18636097356593917 1
0.1649662715688874 0.3157362510431971 0.1863609615654545 1
0.16496630041418137 0.3157351937725164 0.18635977258071015 1
0.16496706010589124 0.3157328793975024 0.18636066209451688 1
0.16496257564764624 0.31573247200160026 0.18635857825227806 1
0.1649648039323442 0.3157298427281953 0.18635916963935586 1
0.16496378037602372 0.31572693855142164 0.18635464189118134 1
0.16496505572261963 0.3157259996945575 0.1863570081715813 1
0.16416510044649368 0.31582028033651044 0.177705307599044 1
0.16433319646571798 0.3160104800332851 0.17016047818959157 1
0.16462602040219596 0.3160995138718807 0.17096867369396507 1
0.1647577041312939 0.31595725306591715 0.17034755343302888 1
0.164758111562375 0.3159552173717375 0.17036414633953456 1
0.16476870982819847 0.3159390841750308 0.17037357947117596 1
0.16477412446459444 0.315925572771654 0.17037747911182158 1
0.1647827656407731 0.3159067399887011 0.17038173473126852 1
0.16478465317860932 0.31588979804935335 0.17037753564342667 1
0.16479330881027066 0.3158720624782283 0.1703817664150751 1
0.16479647560458027 0.31586032177705037 0.17040091463268559 1
0.17167865123386933 0.31593166573218745 0.17031841068833312 1
0.18905474050822785 0.3154949404228268 0.17044864736453239 1
0.19399348161957358 0.31488380147815914 0.17017254618216415 1
0.19402610068649337 0.31519249563404805 0.17038897694622723 1
0.19446888627602837 0.3150541581031976 0.1706159420132413 1
0.18547951155618206 0.31614124725270754 0.1706063015196116 1
0.1660935658705454 0.3159410690193423 0.1706676379676536 1
0.16451275547177815 0.3162716508088196 0.17069547592462464 1
0.1642820933558943 0.31640108832030245 0.17015550931433357 1
0.1644924612176053 0.3162320647875518 0.17020368127166546 1
0.16487599545100012 0.31600537577788895 0.1702211950915494 1
0.16495709100888736 0.3159540817856978 0.17023796422568493 1
0.16516720290215092 0.31583735093878973 0.1702473173707862 1
0.16519250913400088 0.31582299478850756 0.17025959789100195 1
0.16521480720774992 0.3158101018862569 0.1702667796373676 1
0.16522519489779633 0.3158022057964391 0.1702697543916061 1
0.16521596955300408 0.3158099844162461 0.170271705146896 1
0.1652181646321584 0.31580774002624035 0.17027594042486818 1
0.16521451662179373 0.3158107356294379 0.17027648679816787 1
0.16521885587705998 0.31581044391445057 0.1702771537755177 1
0.16521027740470692 0.31581354664468325 0.17027787714835918 1
0.16521783261547066 0.31580851574789975 0.170275056074859 1
0.16521827211286821 0.3158140001708904 0.17028177620941765 1
0.16521035282615346 0.3158157129196256 0.17028011689083083 1
0.16569340138620553 0.3156586867734679 0.17715729861901064 1
0.1657617396503779 0.31537489484121295 0.18050218421240133 1
0.1654979191100869 0.315518100012742 0.18637995008190156 1
0.16557241683620413 0.3153441157393256 0.18621716732563431 1
0.16388437851317067 0.31611354071250797 0.18590816237386498 1
0.14738065188561392 0.3257167393923799 0.18601717987270702 1
0.12816327509186043 0.3337485833272442 0.1861221532113796 1
0.121475527193568 0.33556761204315166 0.1861943516966832 1
0.12122076635544543 0.3359143136768484 0.18629421919324893 1
0.12127757685958275 0.33592229505828336 0.18630986759535834 1
0.12525696174016338 0.33669250733168754 0.1869314714145905 1
0.14475282524614475 0.33642896214532003 0.1864462213945212 1
0.15015170639851913 0.3355773966158255 0.1859421643531062 1
0.15058111012742542 0.33557432890897076 0.1865958510329646 1
0.15093270434870507 0.33524468740761465 0.18660680963198178 1
0.15070826362419248 0.3353398386602209 0.18648481121629434 1
0.15067260642468783 0.33529119895751164 0.18622436839321557 1
0.15041053164596968 0.33540158649062213 0.20074023645042757 1
0.14968371121244273 0.33555050362566435 0.21197833889416903 1
0.14976199010185662 0.33517373738285183 0.2156286852589139 1
0.1497417648760208 0.33518578209222505 0.2152918344345575 1
0.14977334743328785 0.33521905949803804 0.21541283465437205 1
0.1500153505239153 0.3351501129878477 0.21431966371601316 1
0.15017636721813182 0.3353188263711338 0.1974426861325503 1
0.1498419505958086 0.33582096855856586 0.19587420715513162 1
0.14978318750540853 0.33551751747441255 0.17994678103615958 1
0.14945469060502733 0.33610877394063154 0.17240581469775115 1
0.14993506325109593 0.336215504620163 0.16986367648878095 1
0.15006197165014953 0.3361733528537424 0.16956682922490413 1
0.15008608375682078 0.3360347027491497 0.16975602797123937 1
0.15011371475528046 0.33577321719632447 0.1696366524784295 1
0.15012738520456875 0.3356385728856329 0.16956858140456743 1
0.1501286873508966 0.3356265889754911 0.16955336092001194 1
0.1501239979784492 0.3356266403162536 0.1695434838093769 1
0.15012564731898426 0.3356227603333242 0.16954192762579856 1
0.148285411321707 0.33554711454342817 0.18005159500496867 1
0.1478550473935222 0.3354166555663724 0.19088499020492347 1
0.14794834550582248 0.3350277629710053 0.1967337506826151 1
0.14745840476989436 0.3353508308800678 0.19643207501063237 1
0.14745511928283364 0.33503760334914207 0.17997580909371072 1
0.14718276720783524 0.3358874222778997 0.16949153658685231 1
0.14718154689249258 0.336164206387211 0.16980929289434796 1
0.14748942801504797 0.3359962740993406 0.169566471305874 1
0.14754965486180924 0.33594505814557196 0.16956176803666675 1
0.14756956784616174 0.33588913044573365 0.1695517164238539 1
0.1476080037633595 0.33562486682028175 0.16945668693579752 1
0.14761321121344645 0.33559291013262466 0.16944287283859147 1
0.1476112991812577 0.335594997400832 0.16945010093370083 1
0.1476125235087818 0.3355963466545021 0.16945588133340422 1
0.14761181100744833 0.33559895325141975 0.1694544617994952 1
0.1476136697092818 0.3355953013078693 0.1694572133380321 1
0.147614131530479 0.3355984076918622 0.1694595779839915 1
0.1476090491490521 0.3356042016583712 0.169460801369119 1
0.1476096478276551 0.33560150518704956 0.16946011710483344 1
0.1476099823762677 0.33560636137681515 0.16946513485824902 1
0.14761071296175304 0.33560473348954856 0.1694667136267603 1
0.14761041766661723 0.33560473735369406 0.16946291147149437 1
0.14760928446729787 0.3356082423739787 0.16946387177209374 1
0.14761376036606028 0.3356019396206579 0.16946385114943044 1
0.1476071410760701 0.33560906606674235 0.16946307969047536 1
0.1476117687233708 0.3356070192868439 0.16946737930697645 1
0.14760695716974376 0.33561215483047635 0.1694671147847174 1
0.14760892583165447 0.33560861549994214 0.16946663991368552 1
0.1476097398044826 0.33560962946776973 0.1694705274914591 1
0.14760976220677732 0.3356096505165493 0.16947058262104808 1
0.14761248215594935 0.33560719687517016 0.1694685554968977 1
0.14761127408968192 0.3356079115466023 0.16946774292742087 1
0.14760895956874234 0.3356102890997623 0.16947038405848372 1
0.14760958157012366 0.33561060625001526 0.16947204147361206 1
0.14760725205857145 0.33562775016283325 0.16953208337161998 1
0.14761077184155352 0.33562561471298336 0.16953305472288463 1
0.14761110783178089 0.3356240763084758 0.16953095646275704 1
0.1476057134946188 0.3356257530669394 0.16952995844353358 1
0.14760642403707996 0.3356296655516002 0.16953267734495453 1
0.14760999359955818 0.3356265718918209 0.1695278598328578 1
0.14760679645814057 0.3356258852680555 0.16952684827401304 1
0.14760710037088998 0.33562485322842234 0.16952800138888408 1
0.14760338122292405 0.335628954971707 0.16952789700851864 1
0.1476079337660396 0.3356270869016007 0.16952979144020447 1
0.14760862407294204 0.33562584564370873 0.16952934669334177 1
0.14760592635703337 0.3356257344064651 0.16952936877158076 1
0.1476059742413902 0.3356253576296753 0.1695302918271309 1
0.14760646230545063 0.33562545421370227 0.16952943761251082 1
0.14761339511776478 0.33562160967016896 0.1695295275287291 1
0.1476100131269582 0.33562532810513496 0.16952926964235324 1
0.14735946007829 0.3361598315423435 0.1699011495889075 1
0.14767453180133971 0.3357370355689857 0.16961434113410262 1
0.14782750053765328 0.33559276496622487 0.16959500152663973 1
0.14823330139344335 0.33526668973909146 0.16969270954331844 1
0.14701416520326507 0.3361212322329316 0.16921507856257684 1
0.14709621025336053 0.33601586305928044 0.16935553026540995 1
0.14745367672346973 0.3358514709799334 0.1693176211328611 1
0.14772931256578714 0.3355581215462978 0.16927549400343153 1
0.14776289806951184 0.3355439556432731 0.16928854035733726 1
0.14751963419292272 0.33588592177855 0.16962737007383835 1
0.14724676168264728 0.335792982994583 0.16949134589997075 1
0.14806025751791507 0.3352711645688557 0.16957216630195432 1
0.14802831669642263 0.3352840824615015 0.1695671468996819 1
0.14798553201811543 0.33529806030252696 0.16955630108229686 1
0.14799925913387846 0.33528580786493667 0.1695158759514903 1
0.14834692033014119 0.3350939770344419 0.1695857711172169 1
0.1480860178211708 0.3352302559881575 0.16958579771975904 1
0.14752260091486696 0.33556531491903446 0.16951044012631972 1
0.14755277639542516 0.33557240292317597 0.1695272791251614 1
0.14690015194782868 0.3355845895025781 0.16921916361896333 1
0.14697217741424495 0.3357560902633368 0.1694381201290699 1
0.14738929779759546 0.33576279885937244 0.1692050687397311 1
0.14741608638490084 0.3357688194264409 0.16931471187144712 1
0.1474344922472438 0.33575958241400194 0.16933986131770679 1
0.14744539089668393 0.3357543540629686 0.16935128823242415 1
0.1474599901953319 0.33574285105265395 0.16935609738972288 1
0.14747253256857784 0.3357363774444862 0.16936147441281418 1
0.14748297411514932 0.3357284613476285 0.16936654960102482 1
0.14749678137453473 0.3357171687216131 0.16936588667607377 1
0.1475033565065283 0.3357159764333528 0.1693724873848646 1
0.14751098929839887 0.3357078222972756 0.16936885433186546 1
0.14752357612919267 0.3357013051118919 0.16936832383571873 1
0.14752244373381823 0.33569703892836933 0.1693635601229036 1
0.14752953841694424 0.3356929883991773 0.1693654433652876 1
0.1475305583287585 0.3356886030123637 0.16936595408106492 1
0.14771289834686233 0.33558266713403456 0.16937283537502112 1
0.1477747741358811 0.3357118515154723 0.1699428574034367 1
0.1482774561251443 0.3354346780408518 0.1699723543651226 1
0.14829825700871385 0.3354076477453553 0.1699231601858572 1
0.14817114643767304 0.3354606638896408 0.16988763876979285 1
0.14773060972777652 0.3355908012279502 0.169427713975093 1
0.1476991827652541 0.33559202393536325 0.16934086652494432 1
0.1471966981946386 0.33565067957048816 0.16953666157207428 1
0.1473565388785872 0.335587349378043 0.16964517776067176 1
0.14741195600312673 0.33556573940958856 0.16959237710576372 1
0.1475192151759983 0.3355186521580843 0.16950365217527166 1
0.14767467011886173 0.3354326034854314 0.16907519859286127 1
0.14775208345298632 0.3356495123529253 0.1696497270545218 1
0.14774522728138234 0.33564845182463515 0.16964274928590292 1
0.14773786688048948 0.3356509829575631 0.16964085476849464 1
0.14773785871373157 0.33564743415029485 0.16963535325978693 1
0.14773482270753907 0.3356445418443839 0.16962908783054187 1
0.1480848045061937 0.33505523539822246 0.1698777106142229 1
0.147734280111425 0.33522971131865004 0.16967022785567856 1
0.1477216233856893 0.33534600441576307 0.1696813887596927 1
0.14772038731816722 0.335368995815222 0.1696419137235255 1
0.1477314018841665 0.33538353776185037 0.1696400897822805 1
0.1477260402433307 0.3354079943097711 0.16964098860114527 1
0.14773942980828558 0.3354217149816595 0.16964483224967417 1
0.14773834550989912 0.3354485740688643 0.16965682835585036 1
0.14773697581406156 0.33546544628354896 0.1696646443645198 1
0.14773712369411143 0.33548645659352627 0.16967561530286535 1
0.14774317024797923 0.3354920108202582 0.16967874768217844 1
0.1477452353898679 0.33550398599586934 0.1696846586999516 1
0.14774291353049213 0.3355055313624462 0.16968866606684274 1
0.14774191468002665 0.33550505889110693 0.16968768482533203 1
0.14773832401193934 0.33550828548698175 0.16968671459009854 1
0.1477403575647001 0.3355062267539747 0.16968522294003627 1
0.14774113267362168 0.3355054995690868 0.16968738343278306 1
0.1477404790420067 0.3355017159239033 0.1696824526639409 1
0.14773777152569692 0.33550578944678977 0.16968713618926706 1
0.14773181259496437 0.33550595358275903 0.16968254196238514 1
0.14773799229584195 0.3355037267498674 0.16968542366285538 1
0.14773497649063178 0.33550468407360606 0.16968342289143046 1
0.1477158119038008 0.33558046931111796 0.16973463748729664 1
0.147671973951524 0.33573239358649876 0.169258746539237 1
0.1476469046351823 0.3357735021779505 0.16987821011742876 1
0.14765692265014704 0.33575633733172183 0.16984387597437817 1
0.1476451269095789 0.33574292019810426 0.1698105673795835 1
0.14764268164854336 0.33572604875731726 0.16978915226590352 1
0.1476405108367914 0.33571034074096917 0.16977131146391533 1
0.1476442131623416 0.3356829468609741 0.16975466975982276 1
0.14764389958822186 0.3356685013917854 0.16974608032003907 0
0.1482637476010364 0.33997833895976115 0.16784709324080746 0
0.15125330505495482 0.36056398859379735 0.16893308263231085 0
0.1558342544578402 0.3833397101386732 0.16846424292781895 0
0.16117086732493033 0.4061902742746878 0.1689299394876061 0
0.1651105370098297 0.4238760215264693 0.16887144704816318 0
0.16585784124503622 0.4271575678241508 0.16964269569972706 0
0.16582305373400602 0.4272280250541852 0.1696853375965204 0
0.1660548773497285 0.42102113111571005 0.16996528918428178 0
0.16599835811639657 0.4029567602615399 0.17066091519442048 0
0.16591120641992566 0.3801550009530851 0.17025108630520724 0
0.16569909473461442 0.35749783528183815 0.16999209421029882 0
0.16581547061825497 0.3484041626645956 0.16951220982521564 0
0.17120602231358162 0.34746662420167396 0.16843413531441662 0
0.19213560325340842 0.35179070277076985 0.16866250415630643 0
0.21291683383217397 0.35777614399791074 0.16862698021956943 0
0.23338050458164777 0.36379894113465955 0.16864647061470087 0
0.2537599865148233 0.3701914931456532 0.1696525440026949 0
0.2762696360369962 0.3773559983924239 0.1690650423652185 0
0.29549051133055765 0.3865553851222892 0.16883145115341425 0
0.3083993466642204 0.3940997395672079 0.16932221717488546 0
0.3086509512291738 0.39472788562973965 0.16936499194252536 0
0.3086568252614947 0.3947120763457199 0.16942642779135217 0
0.3090676638455026 0.39445295939902997 0.16949123877025654 0
0.3085706621736359 0.39460525596952767 0.16935024822378725 0
0.3079158217061957 0.3948555853926562 0.16920618265305265 0
0.3079111380875713 0.39476660840352595 0.16912627544582984 0
0.30778655491975926 0.39456838336919997 0.1689576476715663 0
0.31037418126306815 0.3867152683175892 0.16887469352051857 0
0.32048889653782153 0.3657033387313742 0.16956109445686127 0
0.3304590725465289 0.343655110019943 0.16881559980896926 0
0.3401548346231298 0.3218949561694707 0.1691540608617772 0
0.34934510625363635 0.30013428609997794 0.16951172999732209 0
0.3568709843677431 0.2810962727616433 0.1688671138294162 0
0.36159335273835963 0.2723508705636799 0.1688479100611088 0
0.36182057273783835 0.2728523540538817 0.16904079742710273 0
0.3612155774102926 0.2736705034904411 0.16905324559643897 0
0.36108816476124816 0.2738436794873161 0.16906189030508575 0
0.3608842350565049 0.27411676627080345 0.1690676459761228 0
0.36087924089355733 0.27413489658575985 0.1690760634345911 0
0.36087954979773573 0.2741439548557735 0.16907937240824822 0
0.3608445764963538 0.2741949591153086 0.16908168077516975 0
0.3608362854083302 0.27421764217371786 0.1690902426955641 0
0.3608229402272899 0.27423996077803153 0.16909470053163808 0
0.3607042221154349 0.2744017804733452 0.1690965551314693 0
0.360617048138136 0.2745239868349958 0.1691000960428436 0
0.36062442879236034 0.27451748960249234 0.1691024275578683 0
0.36063399983900113 0.27450632350626014 0.16910074933144095 0
0.3606449937743037 0.27449146970541327 0.169103500635865 0
0.3606652503245304 0.27446630063741867 0.16910409755620476 0
0.36066784813308683 0.2744654929445099 0.16910668370614992 0
0.3606751551154964 0.27445464966192235 0.16910715901055218 0
0.3606866888573298 0.27444300490278806 0.1691109673505391 0
0.3606940934220225 0.27443296632021297 0.16910591793778132 0
0.3607056983925695 0.2744177525034782 0.16910917717095336 0
0.36070499325813843 0.27441790901656604 0.16910894607843827 0
0.3607224055297892 0.27439279622780144 0.1691082689495357 0
0.3607251540142426 0.27438713345077115 0.16910659525209612 0
0.36073255411818606 0.27438297384777366 0.16911045029961358 0
0.36073146960239044 0.27438189960148157 0.16910630871160384 0
0.3607365584441657 0.2743779749362112 0.16910832056606975 0
0.36073891485663057 0.27437242579989707 0.16910974543886598 0
0.36073947813203533 0.2743724993795693 0.16910818087556898 0
0.36074543291797706 0.2743695293115719 0.16910908675354375 0
0.36074155109004846 0.27436844900055635 0.16910901161737424 0
0.3607415702489054 0.2743668906840968 0.16910727969203815 0
0.3607395928510214 0.27437016037679074 0.16910500972229464 0
0.36073980772905806 0.2743752418438813 0.16910926046109542 0
0.3607399488054657 0.27437315976281573 0.16910913147157455 0
0.3607369815158613 0.2743748601083439 0.16910983294841342 0
0.36073892845147576 0.2743731446281078 0.16910690932596364 0
0.36073806068886693 0.2743747206545218 0.16910736997185916 0
0.3607415286633853 0.2743732457470084 0.16910859864816716 0
0.36073877707623514 0.27437309947355426 0.1691060057270166 0
0.36074024338836735 0.2743723607276425 0.1691061438378972 0
0.3607402046632213 0.2743731792802063 0.16910440065524826 0
0.3607425137992189 0.2743743295801868 0.16911132688301933 0
0.36074140080493117 0.27437176054006546 0.16910790533904665 0
0.36074286032282965 0.27437314140990776 0.16910994308627314 0
0.3607358978303721 0.2743779140861544 0.16910817174760392 0
0.3607418421878993 0.2743735883613774 0.16911072811118885 0
0.36073877392542253 0.274372945502659 0.16910853997803818 0
0.3607367787114776 0.274373815726356 0.16910582947540867 0
0.3607342423314102 0.2743747577031583 0.16910501396513739 0
0.3607397586961218 0.2743700944925487 0.16910459449226084 0
0.3607402824291759 0.2743705967876213 0.16910865251083662 0
0.360741287104119 0.2743724981807205 0.16910991071402673 0
0.36073745396995677 0.2743735916683685 0.1691081080208283 0
0.36074143970997075 0.2743712898264695 0.16910603835555793 0
0.36073745396995677 0.2743735916683685 0.1691081080208283 0
0.36073850279922975 0.2743733585976609 0.16910712594790328 0
0.3607399078231052 0.2743723968559725 0.16910530819410416 0
0.3607395616615628 0.27437514753802883 0.1691113133952504 0
0.36074405660929426 0.2743709511274711 0.1691107646890628 0
0.36074027162355843 0.27437418316179985 0.16911022046656665 0
0.3607387592943961 0.27437323040292827 0.16910641024998693 0
0.3607409622262742 0.2743716297009106 0.16910791446616538 0
0.36074327530888656 0.27437280203501746 0.16911199937978535 0
0.3607405066465666 0.2743689675402358 0.1691071760225394 0
0.36074001873999306 0.2743737005903347 0.16911031709596372 0
0.3607433517810489 0.2743732880276558 0.16910959282909876 0
0.35998679157479635 0.2742541052338503 0.1688986653375681 0
0.34197373519828994 0.27405181116458677 0.16993628300461502 0
0.31891836221369674 0.2741033908929731 0.16963794982287517 0
0.29682278685033836 0.27432883433058386 0.16957997815677686 0
0.2901124937964533 0.2743435242378853 0.1693798956835981 0
0.29563086625131846 0.27507465164526795 0.16985307573226893 0
0.31486236588372646 0.2747674393683888 0.1688840476527418 0
0.33596774813669006 0.2744465014175118 0.1689556890280174 0
0.3589889570253586 0.2742197549975711 0.16905632572375112 0
0.3619283937966732 0.27400336926423785 0.16923466867682774 0
0.3619742393979359 0.2739967766488948 0.16944691029553827 0
0.36182850438799957 0.2740137105627126 0.16965782556678166 0
0.36133722192737755 0.27396414857286755 0.16928639998860417 0
0.3611039577728021 0.2741963222256455 0.1692506087483177 0
0.3610394096865025 0.27420883617615033 0.16921337099770825 0
0.35776078208470385 0.27431755106914585 0.1687536021383885 0
0.33856653671365283 0.28120580386533023 0.169677915229809 0
0.31989705468582325 0.2884168694682786 0.16945849409880764 0
0.31834722959636447 0.28948090758604456 0.16955290507238957 0
0.33545329378422745 0.2932970310020777 0.16864237859629672 0
0.355894666580777 0.29583555780689186 0.16865309091015784 0
0.36241860776873924 0.2962326238435917 0.1688059999089243 0
0.3631464043776158 0.2960742261919767 0.16921585410808382 0
0.3631121765984203 0.29569453276366053 0.1615241957454115 0
0.3632847310514536 0.2956421359022794 0.15075655120242734 0
0.36442171885754004 0.2958644921910081 0.1628278113865275 0
0.3633490508781394 0.2962980770623992 0.18478063526844085 0
0.36265113207715327 0.29655780795723147 0.20701422731973426 0
0.36242440043938584 0.29628666728672126 0.22914747889430298 0
0.3620377790237377 0.2958313169525806 0.2504743123530929 0
0.36226488768993065 0.2957384368710972 0.26356655107896554 0
0.36257314778561844 0.29577742925187633 0.2625974182799059 0
0.3627717148667781 0.2958391206932805 0.26273589916733386 0
0.3629426929530416 0.2959215072866441 0.26304420665584805 0
0.3629408483199197 0.2959293985584895 0.2630752763039793 0
0.36293423937008096 0.29593694136259957 0.263092124591115 0
0.3629322079086892 0.29594202875410514 0.26310285574118203 0
0.36292732464534033 0.2959446795587965 0.2631067441138492 0
0.36292442258503643 0.2959477497501698 0.26310893059922724 0
0.3629241097575698 0.2959512321319153 0.2631133200700374 0
0.36292464904040383 0.295950132194876 0.2631108163602061 0
0.36292057254412846 0.2959530700022531 0.2631179296257071 0
0.36292271346974614 0.29595115645868586 0.263113802791555 0
0.36291871318741786 0.2959556303774034 0.2631157714794152 0
0.3629160026351339 0.2959599147652271 0.26311787059254976 0
0.36291629569531514 0.29595658975614114 0.2631129777749873 0
0.36291469121988523 0.29595968690597546 0.2631182339934542 0
0.3629149284986369 0.2959577330643963 0.2631155362244809 0
0.3629176889941268 0.29595734951688635 0.2631133306576865 0
0.36291197553259297 0.2959608124491762 0.2631159760635731 0
0.36291046913853264 0.29596691907442474 0.263117299569204 0
0.36291333507997114 0.2959629330869572 0.2631184663514476 0
0.36291231962539916 0.2959634650816256 0.26311876901317843 0
0.36290769454051314 0.2959647813917787 0.26311101187263986 0
0.3629088340577094 0.2959651631693508 0.2631132639251766 0
0.36290818228434796 0.2959644201851136 0.2631148564724895 0
0.3629117065639555 0.29596306069250605 0.26311098738538624 0
0.3629083651133752 0.29596565562772753 0.2631178892001835 0
0.3629080751822137 0.29596393190958703 0.263116941090314 0
0.3629108051803077 0.29596253647919246 0.26311192768663366 0
0.3629086423608545 0.29596850734300717 0.26311621056563755 0
0.3629114386297754 0.29596047084720034 0.26310904917527045 0
0.36290896800484057 0.29596406172694767 0.26311347236905275 0
0.36290432962900276 0.2959657330779195 0.2631134604044535 0
0.36290945307788186 0.2959666338053297 0.26311758281912784 0
0.36291269001180065 0.29596253529174443 0.26311097843020886 0
0.36290708323009485 0.29596571983034736 0.2631119189086969 0
0.362904760458723 0.2959698159751732 0.26311316800275203 0
0.3639627071713763 0.29573758926677096 0.2512210197733783 0
0.3640507026426953 0.2954963327813852 0.2295775026246488 0
0.3637570324392495 0.29590427084547655 0.2259615926848688 0
0.3627937049647326 0.29622369197343895 0.22562002426331776 0
0.36243137150821575 0.2963012557697663 0.22541715996883294 0
0.3627497786831771 0.29619984149277545 0.2254711765520784 0
0.3630383639462227 0.2960171041599026 0.22506724514310977 0
0.3630774774686855 0.2960034605667009 0.22517686595703246 0
0.36311120992634505 0.2960045949063189 0.22543156140311474 0
0.36312521775404066 0.2960061323039826 0.2254688030484584 0
0.36324550712169934 0.2960543218080773 0.22564416337342263 0
0.3632462504756549 0.2960628566793985 0.22566529417990344 0
0.3632462003444961 0.29606077773015216 0.22567137585673216 0
0.3632411780679849 0.29606187166994613 0.2256744792321368 0
0.363238957117956 0.2960581691368309 0.2256713935881551 0
0.3632397858051647 0.2960622477900927 0.22567464394412137 0
0.3632418118518268 0.296058079887077 0.22567363923735165 0
0.3632408659545788 0.2960562703824611 0.225670266294163 0
0.3632377133701404 0.29605956509714165 0.22566864222010127 0
0.3632415396687062 0.29605288522485984 0.2256687609659138 0
0.36323801485438345 0.29605207808669354 0.22566203285611883 0
0.36323358580110665 0.29605868819995607 0.2256668706311725 0
0.36323863697651815 0.2960522317807328 0.22566790950374244 0
0.36323717091742164 0.2960495292517169 0.22566287123084258 0
0.36323974911123996 0.29604535150517985 0.22566158362207694 0
0.3632394076678031 0.29604973239504573 0.22566367897546508 0
0.3632298585654802 0.2960587317370118 0.22566923928190463 0
0.3630885871449967 0.29612051024932207 0.22619856799144256 0
0.3631076471780828 0.2961107323796155 0.22612300120087428 0
0.363285623427615 0.29602093965269494 0.22547113805608074 0
0.36327224844575756 0.29602607561695116 0.22552770019198662 0
0.3632636856018066 0.2960303466579046 0.22555887917132542 1
0.3632523271369161 0.2960359878006993 0.22559052482388045 1
0.36324642524648376 0.2960393656877044 0.22562577693845526 1
0.36323898611907357 0.29604487189993317 0.22565117100651708 1
0.3632358522171403 0.29604540222347064 0.2256714403559317 1
0.36322870785223427 0.296048783363011 0.22567154391246963 1
0.363235274375396 0.29604129664227763 0.22567447138436633 1
0.3632303019858142 0.2960459979708532 0.22567047246874256 1
0.3632320423360163 0.2960454794627714 0.22567011529234718 1
0.3632308216340706 0.29604663392161995 0.22567010499737822 1
0.3632265991298418 0.2960504015658806 0.2256699119850827 1
0.3632375758376165 0.29604402905525007 0.22567071949422488 1
0.3632367764558161 0.29603859563276397 0.2256684339919136 1
0.36323797460146734 0.2960409376139007 0.22566713643380545 1
0.36323347088649155 0.2960438097492664 0.22566984467813736 1
0.36322984568696337 0.2960466847096472 0.22566946781583225 1
0.3632353105044336 0.29604229450521424 0.22567137134382878 1
0.36323719038934105 0.29604277387391265 0.22566862885527195 0
0.36205969846890423 0.29578169781893693 0.225848120439349 0
0.3446308494118955 0.3007450603917634 0.2265034090065479 0
0.324595820915391 0.3075605199291892 0.22626986075728314 0
0.3041581028385262 0.31461878794031445 0.2262447908999351 0
0.28424800354406704 0.3213547778400263 0.2258341495528922 0
0.2616771817915132 0.3292364512334929 0.22587247111492412 0
0.2411861101812458 0.3360656430643651 0.22592569770558862 0
0.23479389118557284 0.3374155031704097 0.22568931836903205 0
0.23453020237256927 0.3374912387056071 0.2258868530141805 0
0.23455801254591296 0.3374679503948256 0.2258670446386232 0
0.23962094866919625 0.3390551426156779 0.2263924781017651 0
0.26084037185748005 0.3466141954483908 0.22499924044878242 0
0.2815901258954603 0.3539226140700782 0.22511808207047826 0
0.3019293459828705 0.3604275841536074 0.22558973212075895 0
0.3247075175850728 0.36686194931937005 0.22531685081170028 0
0.344771939579419 0.37297770331381697 0.22551666300860446 0
0.3672972598725105 0.37942712481375196 0.2251301474707134 0
0.38951987707715763 0.38594281253925283 0.22544065706218733 0
0.3959143265669855 0.38752798809591926 0.22578595126852444 0
0.4066833002105645 0.37874473330670944 0.22565881149873349 0
0.4217716234199431 0.36415753134218365 0.22527738871705635 0
0.4353085039276178 0.35082086087688413 0.22526162089718602 0
0.43475483091746253 0.3517960937501008 0.22561033222163054 0
0.4351602526830443 0.3516799266402636 0.2261536797435139 0
0.4351084834059759 0.35166073570838197 0.2256214883711627 0
0.4344905289395507 0.3524349623842436 0.22524220605992384 0
0.4234018382933046 0.36800593436860335 0.2255746532041558 0
0.4080502922052005 0.3820313579403841 0.22562488786546478 0
0.39304249777457306 0.3949268980196915 0.22585904909600574 0
0.39128653436795496 0.39622903000783793 0.2250941471504082 0
0.391136603435094 0.3963513070259279 0.2276055242762978 0
0.39072617443945856 0.3965867427078978 0.24933406485941456 0
0.3906208545699732 0.3959654976408373 0.27043620915203576 0
0.39112705803474945 0.39581145910955595 0.29079609284217295 0
0.3917726931625072 0.3956747519740798 0.3136866753701752 0
0.39155657525775833 0.395790032783252 0.33357904589570375 0
0.3921206616783792 0.395754782854276 0.34382995684848855 0
0.3926218004598916 0.39561236219846185 0.34358204730866243 0
0.39224900795402734 0.39579008798662496 0.3436293910488411 0
0.39224909724194623 0.39578807783336634 0.34358383009487126 0
0.39223955434085095 0.39578412692127307 0.34351653394527987 0
0.39222176969927575 0.3957753497965624 0.3434361960303005 0
0.3921111650571904 0.395725746044269 0.34307109065948727 0
0.3920967274368162 0.3957298271904256 0.34304005785189656 0
0.3920756251538081 0.395751860102162 0.343038692643579 0
0.39204924456906187 0.39577871753314575 0.3430383603645248 0
0.39199871138328063 0.39582997453708035 0.34303511795061964 0
0.3919900992257608 0.39583937253007073 0.34303802177756454 0
0.39266587002431574 0.3996730701873198 0.3430439441811674 0
0.39220111893470483 0.4216240758765053 0.34164824980495345 0
0.3920170036835826 0.4356500352106474 0.3426286808628406 0
0.3941006395354041 0.43115343293612785 0.3425122804601877 0
0.40283531343886825 0.4142020233857216 0.3433624330152152 0
0.40124241684580064 0.41521060477356675 0.342947056863689 0
0.4018114638423522 0.4148036273592021 0.3430740524830208 0
0.40175298890358246 0.41474122688590753 0.3427883132779277 0
0.4017170263505662 0.41476650679749544 0.3427613080518759 0
0.40167749907862255 0.41480030972264603 0.3427576513184319 0
0.4016544651299314 0.4148241111078018 0.34275385581894 0
0.40163434458590386 0.41484283925142995 0.3427553455876971 0
0.4016097773173483 0.41486299005148564 0.3427501434445559 0
0.401593601767013 0.4148826884297526 0.3427526570927702 0
0.4015591277686552 0.4149164260300444 0.34275538271273276 0
0.4015511479885856 0.41492129524102156 0.34275154421692516 0
0.40153933492684185 0.4149328247107808 0.34275084416203183 0
0.4015245377245326 0.41494739328295244 0.3427557790160951 0
0.39773575859855737 0.41447420127141 0.34176594690100853 0
0.3764141583478891 0.4146052580272491 0.3441752185218765 0
0.3536433699613196 0.4117578541300372 0.3436148874512487 0
0.33318805030585574 0.40842493192558427 0.3430118999861971 0
0.31073278828997936 0.4042056027924944 0.3429254342573206 0
0.2908846796328091 0.4004124358778721 0.3429182000858011 0
0.2684242725780554 0.39637855334870975 0.3431363327154938 0
0.24580838004896163 0.3922772249540529 0.3431479352067962 0
0.22342121913396107 0.3880489806406462 0.3431019654251857 0
0.20078880705306199 0.3840398221498914 0.3429430417259633 0
0.17827723443147617 0.37991209358751243 0.34304704836638444 0
0.15559818548240434 0.37557076057175803 0.34278994304602894 0
0.13550868175615266 0.371405920571099 0.34240279401018625 0
0.1141661105954179 0.36605657252334767 0.3413786531287334 0
0.09448798113355723 0.35913860347863624 0.34137002238964137 0
0.08323003009630488 0.3544701603990861 0.34211473308315804 0
0.08220280941971232 0.3541518834783516 0.3427605785486107 0
0.08246366345242344 0.3541251695334533 0.3430563536637908 0
0.0826426872515624 0.35411078048707534 0.3430754551315063 0
0.08282290282151421 0.35417707817587385 0.3432984076189018 0
0.08291008545715453 0.3541470456368512 0.34303873503640353 0
0.08340324323838243 0.3539186156499411 0.34317169663882247 0
0.09336972894477442 0.33838720250463933 0.34500444617988235 0
0.10618128016428001 0.3175607498055051 0.34416773495728514 0
0.116288441838512 0.2993256396520675 0.34401051753912415 0
0.11690042794473934 0.29747380627990777 0.34269510538715325 0
0.11691406076920455 0.2974725165580566 0.3426991321751336 0
0.11688785868331228 0.29749832117823505 0.3427353431495482 0
0.11663958760738433 0.2976173220013758 0.34278684013100125 0
0.11650170963574177 0.297689890361561 0.3428260635341562 0
0.11648577969389859 0.2977451441771496 0.34284304340348554 0
0.11647003478254674 0.29794628121840827 0.34334014717119377 0
0.11697248391224267 0.30756228163791205 0.3428441347353077 0
0.11731434485884185 0.3194955430275154 0.34486547757899566 0
0.11717771973228075 0.3203906600107309 0.3449894651738243 0
0.1173300150356603 0.32037252172458197 0.3452977535545318 0
0.1183178110884533 0.319048980446911 0.3462076678995576 0
0.12836797080360726 0.30589475223860974 0.347390329864397 0
0.1336996417859686 0.2921553280618708 0.3482014310812329 0
0.13576002985751534 0.28061917049420737 0.3479920376626374 0
0.1364091017479057 0.2712468229525711 0.3474569271444304 0
0.1366460829596021 0.26453754584754074 0.346215257309657 0
0.1366821338724874 0.2648012453603083 0.34554021503915505 0
0.1366812439970751 0.2648243860128381 0.3455384951761261 0
0.13676322627441567 0.2651208037929612 0.3451420767317984 0
0.1386376081153401 0.268154234962243 0.3470745625483201 0
0.1413925478392356 0.27266024227014285 0.34959224447464804 0
0.14416399425927653 0.2770164134888242 0.3519701057609014 0
0.14762369495741717 0.282447923100234 0.3545783374493893 0
0.1515291428136381 0.28829636005748777 0.35623878629192507 0
0.15656292084432497 0.29464400139414804 0.3580674318299056 0
0.16282136537945846 0.3003102544592684 0.3580291493219118 0
0.17467468542311446 0.30511466411407295 0.3596199534724453 0
0.19427206617973677 0.3068428739674953 0.3579789062944244 0
0.21471910830679264 0.30663913840657303 0.3577591051842707 0
0.23782084938660178 0.3061779233514451 0.3577356422997427 0
0.2605326220029827 0.306152089430083 0.3583807053000813 0
0.28072938878435477 0.30601183128206766 0.35808952781357406 0
0.30324363566821405 0.30607036796141024 0.3583584702729067 0
0.32300706171818183 0.30626476098205896 0.3581251209697179 0
0.3232699800058912 0.30628143454698986 0.3594455895444447 0
0.3233598394908722 0.30624979631527505 0.359728876380557 0
0.32295270486442784 0.3062920395290445 0.35951039456518213 0
0.3226060137653385 0.306470836511622 0.3591350970110426 0
0.3224243433295489 0.30648014426346987 0.35877238601230976 0
0.3222660133474767 0.3065564217170815 0.3585592353318215 0
0.3220687213215185 0.3067491947788433 0.3585404571311893 0
0.32206475337320584 0.30674350683745116 0.35852006209582477 0
0.3220614342269659 0.30674396716003843 0.3585139742957375 0
0.3220680580235459 0.3067412958124859 0.35851966831027726 0
0.32601374346981565 0.3093832881735975 0.35863206305613304 0
0.3399070263470333 0.3270015159592553 0.35650471410029244 0
0.34163871242677873 0.3309103784705388 0.35824883721071843 0
0.3422870948072626 0.3312255006341555 0.35856509048560004 0
0.3556120633241794 0.33287066710643864 0.35659290756485945 0
0.35566948987711405 0.33261197141019316 0.35820421374169453 0
0.35556341703840216 0.33250453431668003 0.3587952086564576 0
0.3579848405913648 0.3349327687342676 0.3598442634785496 0
0.3602254092840241 0.3471389714184471 0.3581521309904804 0
0.3613288301911743 0.35852715007391694 0.35773827786151374 0
0.36476041812976073 0.38049918530689464 0.3573365303520145 0
0.36771735154748264 0.4013896242252715 0.35720393416684126 0
0.36831414369808624 0.404440994630454 0.3590353295947389 0
0.3750887631805189 0.39191679951665137 0.3594277484123894 0
0.3862942046806081 0.37010293445329806 0.35966910910480193 0
0.3882174421985789 0.3672432075003833 0.3584663060440283 0
0.38888397169537314 0.36684593490737094 0.358583856378492 0
0.38863316034845147 0.36712749421601276 0.35854166975138146 0
0.3881943740314454 0.3675840997064177 0.3585106855959967 0
0.38816315139059143 0.36761438218172743 0.35847986556087 0
0.38813977995446625 0.3676352728103868 0.35845467113741464 0
0.3881228779629982 0.3676501475355085 0.35843392247779704 0
0.38810921842005947 0.36766375033668364 0.358424253612157 0
0.3880958123484209 0.3676742759549637 0.3584092677077318 0
0.3880839506808488 0.36768556605316627 0.3584032534677378 0
0.38807587850521236 0.36769004828595564 0.3583948260021309 0
0.38806388044319273 0.36770006831782354 0.358390106159062 0
0.38804212487207856 0.3677212527436357 0.3583872120210466 0
0.3880327487972966 0.36773301626259236 0.3583901518233218 0
0.38801665257639806 0.36774871416675126 0.35838326803596315 0
0.38796146072121257 0.3678146056678403 0.3583833487306707 0
0.38586021185531744 0.38196876640528027 0.35689257070496067 0
0.38629838860200655 0.40160038559931444 0.356928558054489 0
0.385426465964892 0.41332291784631037 0.35776809955974026 0
0.39002050669756505 0.40029587739625444 0.35905848446847466 0
0.3962839106663614 0.3797530836807048 0.35916492876089995 0
0.3964085607588335 0.3795157394829666 0.3586974938534295 0
0.39708104790166276 0.379182314136745 0.3580899969318149 0
0.39667199080827537 0.3796146534659362 0.35787846882780733 0
0.39652162819232584 0.3797645050076694 0.35789122002566803 0
0.3952303983063345 0.3822629682570644 0.35784275667237014 0
0.38869367151016754 0.39467107468835877 0.3565153616211258 0
0.3804790854565614 0.40764326397420536 0.35677127157504623 0
0.3794853547242525 0.40900411148448956 0.36710538031319123 0
0.37936303733080123 0.4090383148259829 0.38897029856013343 0
0.3798292289324936 0.40872696384750073 0.39020228892572956 0
0.38036916527525483 0.4085378368118803 0.3898069630244994 0
0.38060902793981155 0.4082969498780592 0.3897539184210583 0
0.3808613808649851 0.40808326559737973 0.38860436940960424 0
0.38171985408711123 0.40733591233700517 0.37123920012419376 0
0.38140099056712273 0.4074601180963673 0.3480602717322115 0
0.3808151574070982 0.4077956251996573 0.3399659055764888 0
0.3807370173052478 0.407805292005378 0.339391661628392 0
0.3807078253725913 0.4078178521686283 0.3390980419150751 0
0.3806789708048654 0.4078410201556971 0.33907964471263224 0
0.38064043393222086 0.40787257272647465 0.3390674126036142 0
0.3804202700893021 0.4080761722685474 0.33906205254039357 0
0.3803672803465261 0.40812747538722327 0.3390667025563626 0
0.38036597701221425 0.40812705251812825 0.3390674789180351 0
0.38037704119075527 0.4081203231980789 0.339077118911029 0
0.3803870292393604 0.40811297583982714 0.339078203690439 0
0.3803189906413454 0.40813457540333986 0.33971318918478144 0
0.3803145416768474 0.40814730578852576 0.33980058803845653 0
0.380327435890272 0.40813659831706695 0.3398907803914932 0
0.3803298120285168 0.408126875812766 0.34002994326384783 0
0.37974768077345056 0.4084322604398351 0.34460516807403563 0
0.379687991177668 0.4085501515502873 0.3637303812333459 0
0.3799184106872535 0.40850906127857034 0.3867124911680722 0
0.38025121927044253 0.40833245075610425 0.3904524821687245 0
0.38079402395818135 0.4081692082842072 0.389878390407648 0
0.3807342416561225 0.4081873350570421 0.3897981352222016 0
0.3815363763020295 0.40746049375616916 0.3832974820451509 0
0.38148585264961177 0.40746729256275077 0.3611118993986583 0
0.3810731689526966 0.40764793203575084 0.3403992959625512 0
0.38085513827331957 0.407849392082413 0.31852560781333605 0
0.38063187981403396 0.40773372332167024 0.3143575631397182 0
0.38059739095087497 0.4077731828367798 0.3140870256404852 0
0.37914318252007806 0.40857703037120446 0.3274820345170821 0
0.37925672983063974 0.4087004630774944 0.34969306717349924 0
0.37975901034793874 0.4085786879292732 0.3723179428170717 0
0.37988554638390193 0.40841339782562414 0.39097143011673474 0
0.3803103073039675 0.40830233716479253 0.3901649289879837 0
0.3807601630870063 0.4081845061189135 0.3898340203641242 0
0.38072879757562694 0.40818300640290467 0.38977305261913436 0
0.38069582817519576 0.4081810620331284 0.3896928827711789 0
0.3806621869813383 0.40816789746980026 0.38956535800183684 0
0.3805655464649048 0.4081136081332875 0.3891405527048577 0
0.38055879478788773 0.4081089132939043 0.3891143538408045 0
0.3805456866589909 0.40811672581076 0.38910882718762213 0
0.38054764627232224 0.4081170733450164 0.38910752257388476 0
0.3805391647579301 0.4081218396579971 0.389109319854685 0
0.38082936919662685 0.40938793855749106 0.3889048895772007 0
0.3812952884671033 0.4291074423606585 0.387656056280686 0
0.380209441766262 0.4435099813350751 0.38794072852513 0
0.38204126779205483 0.43964337355637584 0.38873989217760185 0
0.3876906448096147 0.4233532166025932 0.3904514576568377 0
0.38676890480163606 0.4239911080135913 0.3896966327383109 0
0.38687043886830963 0.4239261372355988 0.38932198061489365 0
0.38689672097557454 0.4239101550167904 0.3892296174274209 0
0.3778217397950067 0.42119077979495606 0.3900433004390891 0
0.35795417341303004 0.416145670574589 0.39045238194430787 0
0.33534028359593127 0.40888265425011344 0.3897991282520391 0
0.3172446233701773 0.4017162374471083 0.38952565491972013 0
0.3139437090209762 0.40015225375422137 0.3879332578106539 0
0.328747723490833 0.3955224656630064 0.38615027899871157 0
0.35204162781201004 0.38765738961976615 0.3871815527514524 0
0.3682106660154467 0.38147686234227224 0.3873560948665717 0
0.3673374836281583 0.38203729378718676 0.3889498620279453 0
0.36736269025449325 0.3819412996729352 0.3897267165000446 0
0.3669220858160402 0.38235107062225154 0.38974738310068135 0
0.366868317305039 0.3823944281698385 0.38963829295012825 0
0.3665434423214782 0.3826613959808487 0.38951364945104905 0
0.36640295243812343 0.3826302893262925 0.38907218590497844 0
0.36638894972741964 0.3826328995705517 0.38904204108254115 0
0.36639057306756884 0.3826298486769231 0.3890406478423585 0
0.36639642154122554 0.38262553483257217 0.38904146322600613 0
0.36836245749059476 0.3811929640977405 0.38985117223704835 0
0.3721428993910798 0.3776635114933521 0.3894383856472289 0
0.37543535182173815 0.3744634153153927 0.3896951246576447 0
0.37838103403051887 0.37138007115829463 0.3895212245515107 0
0.3813273212716725 0.36831921225976944 0.38924786579345977 0
0.38422542661030534 0.36523055529478926 0.38816044341182643 0
0.3870602352506961 0.3625086562036965 0.38847267138713276 0
0.38813502534620153 0.3615942767572707 0.3886626501530664 0
0.3883603999416189 0.3617439346872436 0.38913202509894884 0
0.3991273394248999 0.35886872859008 0.3796069263909189 0
0.4360523343469407 0.33452207019619695 0.37342221599282877 0
0.47045978452658727 0.30503187808292126 0.373852050142086 0
0.5071234482778586 0.2617532381013396 0.3734847619237381 0
0.5336306095533222 0.21722165164649082 0.36938014366566446 0
0.5521839703237886 0.17013265175093256 0.35890015679131826 0
0.55973947186852 0.13420213067958062 0.34566736572669565 0
0.5602857184973052 0.10359546960782653 0.3286293738020863 0
0.5544099285476478 0.08572635995084453 0.31145016552009763 0
0.5462038587446996 0.0804863828955153 0.29966272242147307 0
0.5353218805295714 0.08555516552090801 0.29282951869367696 0
0.5242439260047898 0.10066727231820304 0.29543445985568795 0
0.5133083308549066 0.12190752891184081 0.30927498934236863 0
0.5038445629676692 0.1430185479081048 0.33251690242480625 0
0.4919764596724844 0.16459879564392696 0.36752824095905284 0
0.47904449101254654 0.17784929162572133 0.4003215027681819 0
0.46313592333134646 0.18578632559666558 0.42920735190756115 0
0.4406702042415397 0.1921777532470278 0.44808961156017674 0
0.43841929751146247 0.193146492626882 0.44856946902841155 0
0.4390067966246799 0.1927498681580737 0.44807215081421997 0
0.43896384259859617 0.19284180858708613 0.44805521077280186 0
0.43893101652385164 0.19291449944886224 0.4480149420024553 0
0.4389051789563997 0.19296739388357403 0.44798822548821354 0
0.4388697298231337 0.19304911940796082 0.44796160944055907 0
0.43873181086055274 0.19335504272018925 0.44792697325885805 0
0.43872760060025906 0.19336585333279344 0.4478995972109862 0
0.43876665073670806 0.19336648537412296 0.4477756854467944 0
0.4387655937267386 0.19336385429262165 0.4477687776547437 0
0.4387601967595385 0.19336525931561274 0.44775301975939336 0
0.4387600478005359 0.19336042041660445 0.4477408116348721 0
0.4387585835537613 0.19336127110543178 0.4477295267242947 0
0.43875539192401963 0.19336214798149107 0.4477210338250275 0
0.43875630742854943 0.19335530979561116 0.44771273706369996 0
0.43875652075460503 0.193358667657101 0.4477074316752823 0
0.43875681111911735 0.1933536685562282 0.44770198724693555 0
0.4387549315134519 0.19335312608092386 0.44770108943388665 0
0.4387529339543236 0.19335757312445995 0.447696957914955 0
0.4387501139968617 0.19335728158821364 0.44769356497478024 0
0.43875112723925713 0.19335555439319146 0.44768707402918284 0
0.4387524218374979 0.19335842716120144 0.44769509742195374 0
0.4387505709343304 0.19335635712061322 0.44768726999213554 0
0.4387503348876037 0.19335709854986155 0.44768748543467496 0
0.4387515113156068 0.19335733275550177 0.4476923333085788 0
0.43875421900463585 0.19335435274883891 0.44769293580984026 0
0.4387541041710977 0.19335256402484782 0.4476873047965116 0
0.43875248989131793 0.19335548035215827 0.44769117148335075 0
0.4387508058574261 0.19335685797690094 0.4476934451463731 0
0.43875267150421193 0.19335800014205456 0.4476917801826215 0
0.43875222020201576 0.1933523336689626 0.44768838729137383 0
0.4387503781397315 0.19335549630369248 0.4476899354744121 0
0.43875355197131155 0.19335416983240578 0.44769115870758486 0
0.4387555407149874 0.19334716274928765 0.44766555881650233 0
0.43855482993671635 0.19305631140933943 0.44666839683077303 0
0.43853249642550274 0.1931256749049194 0.44693616565181327 0
0.43863864755896437 0.19326516980069708 0.44710912101376815 0
0.43862024551293805 0.19349395804992028 0.447311109388551 0
0.4387883895342477 0.19335465340320035 0.4476837632030943 0
0.4385781417659857 0.19357553484005496 0.44793713468459134 0
0.4386037975202436 0.19320229931135496 0.447349087900497 0
0.4384160160031847 0.19315163653034723 0.4480511233157921 0
0.4386521004136549 0.1931600527460351 0.44776232164332574 0
0.43865462497799096 0.19326602012415697 0.4476881493454455 0
0.43849423866786 0.1933625428185246 0.4476539370692204 0
0.4385933084499481 0.1933717423055515 0.44789374746637245 0
0.4385231873334951 0.19352386223496537 0.44785780769839045 0
0.43855673562883896 0.19351937372006045 0.44783219081180103 0
0.4385102677734977 0.19331705433595758 0.4478704884889359 0
0.43856308374497094 0.1934361588224272 0.4479123780530454 0
0.4385270851815203 0.19358168690610406 0.4478463379225177 0
0.43855389000484807 0.1935155683550631 0.4478588102849056 0
0.43868776187379166 0.1934350174873382 0.4479264007809895 0
0.4386292395643235 0.1934015330057412 0.4478019708921024 0
0.4386052265956682 0.19345090169930376 0.4479988752032136 0
0.4371997213715474 0.19326220951881196 0.4464863150868909 0
0.4336483910482514 0.192793019661138 0.4435710312890126 0
0.43032420735025595 0.19217813045604612 0.43971073069640637 0
0.4265617722997337 0.1914704437243276 0.4355325725542372 0
0.4223676454265571 0.1906789376791252 0.4306444347929614 0
0.4185051912701938 0.19017254560578267 0.4266803623229695 0
0.4144466199671758 0.18911396952437604 0.4220126025759672 0
0.4099473750989994 0.18818109837648184 0.417461521936917 0
0.40592503452090173 0.18701951352812546 0.4130073546999671 0
0.4020425858315773 0.18598880037188353 0.40894401986465573 0
0.3981613886429805 0.18490383184268502 0.40483171730608475 0
0.393956066313262 0.18363916930647822 0.40069293358533886 0
0.3905609620459043 0.18216423787852837 0.3968222136533892 0
0.38640335081606086 0.18096534986540005 0.3921310258789149 0
0.3829602060809159 0.180008407329037 0.3885625727272549 0
0.37947595890144603 0.17829509814245442 0.38423578325752833 0
0.3761136206390401 0.17707480422412783 0.38061174952204313 0
0.3722750854712123 0.17579723851658072 0.3769950621634319 0
0.3692194069727029 0.17424068430325373 0.3736834795604184 0
0.36708599558082483 0.1735418296887805 0.37175730467806284 0
0.36713863669961067 0.1735518320210046 0.3715773709523005 0
0.36715459282085977 0.17351421355985855 0.37146380107000454 0
0.36718304282497566 0.1735191765273581 0.37147094531935376 0
0.367212792604178 0.17350657484768345 0.3714795096660949 0
0.3672344405819418 0.17349671778468 0.3714850758994497 0
0.36724768494020454 0.1734858471711153 0.3714914149637214 0
0.36652082281974796 0.1723952707397931 0.37054932598416046 0
0.3638983242995389 0.17143214175735058 0.3677864212475125 0
0.3631612226325121 0.1710677582134978 0.3673063823544399 0
0.36313662131231356 0.1712246116024361 0.3672750731429796 0
0.3631127323400361 0.17132352850805996 0.36717097522658293 0
0.3635892051684182 0.17164792762214848 0.36717204271615106 0
0.36363931106298303 0.17162330430737274 0.36680723439777746 0
0.36307889831811346 0.1712758262761884 0.3667426620143217 0
0.36313717061128836 0.1712869329275922 0.3667501780693436 0
0.36317035053619906 0.17131146552842177 0.3667616354695027 0
0.363214114355836 0.1713103388943443 0.3667782381526231 0
0.36325665117825584 0.17132045404105187 0.36678916858368316 0
0.36330389578680944 0.17130056445188177 0.36679871897386945 0
0.3633393299605872 0.171312238967696 0.36680838231437896 0
0.36400103845321674 0.1715646483018038 0.3669904271790595 0
0.3666669539621209 0.1732086448727051 0.3700570532095188 0
0.37001104014271985 0.17458309551554074 0.3735410297999694 0
0.37304557407346767 0.17555909278702453 0.37690347385223644 0
0.3757331259239416 0.17649069346545504 0.37977282327391615 0
0.3784172849968711 0.17734178204023482 0.3827459080742148 0
0.37878213951357453 0.17799293100372 0.3832241679164531 0
0.3788844288252025 0.17777446559485913 0.38322554313683993 0
0.37887484628326196 0.17775759514556239 0.3832218692943732 0
0.3788864799588505 0.17726943260642872 0.3831778861620626 0
0.37772385229254823 0.17638699352379839 0.3817800071205012 0
0.3741239877561078 0.17564741525078703 0.3778578361473952 0
0.3726672413409339 0.17543250285246748 0.3766307914268546 0
0.3745393568246425 0.17706161065743628 0.37771768979258247 0
0.37744820394322726 0.17741718967182687 0.38107720978824167 0
0.3805928104645052 0.17836967573763124 0.38440487252898314 0
0.38331292313877985 0.17901635780410108 0.38732540001437227 0
0.38588043714348197 0.1796209883255514 0.38975642457888254 0
0.3885781098035757 0.18043220435758334 0.3924716366695987 0
0.3914022553465625 0.18119810628052338 0.3953985149621566 0
0.3939130702413402 0.1813921157559403 0.3977856180991924 0
0.39617044063763573 0.18187391429912428 0.39993726928853696 0
0.3978141246072172 0.18205029166535877 0.4018209832937456 0
0.39842690608285336 0.18243857594874346 0.402302140464051 0
0.3984488686964247 0.18239440359554016 0.40228501627964763 0
0.40011550947160823 0.18151275288031632 0.40327495898541016 0
0.40069737849899423 0.1819812534525449 0.40446318267472614 0
0.4005379074703546 0.18245274930942496 0.40449262896475713 0
0.40030093001682854 0.18250335719087166 0.40400766285575684 0
0.40010896353627107 0.18261995873914388 0.4038095521675903 0
0.4003738005882673 0.1826986238387075 0.40421482997560637 0
0.399808602748419 0.18302247211248235 0.40342682947773023 0
0.399377946645773 0.18360817406298513 0.4031883895211598 0
0.3997540781388189 0.1832380620086585 0.4034528628607946 0
0.400050772304079 0.18309794534292348 0.4039976592858716 0
0.40037508207314243 0.18276513657276983 0.40426408009216896 0
0.4003914250698396 0.1825502769082768 0.40445283208932503 0
0.40034169871268116 0.18266525262554056 0.40435988355509156 0
0.40034732337170226 0.1823377373765283 0.40407055882421344 0
0.4004968934060556 0.18242292199867235 0.4042843672051385 0
0.4003994742181107 0.18264369244486583 0.4044349739561422 0
0.4005866718836338 0.18257656687885096 0.4045007364916137 0
0.4004179151373125 0.18264542203760298 0.40446761467650044 0
0.40063374084255626 0.18240895571711835 0.4044681325781187 0
0.40054388542401625 0.18255699758732558 0.404514600318109 0
0.40057227469052775 0.18262234712511305 0.40444299949906815 0
0.40046185688540015 0.18248178290464168 0.4043732813414771 0
0.40016663325853813 0.18263425021534796 0.4040605945611271 0
0.3986269641227665 0.18263215380578693 0.40323058171055004 0
0.39693393715371206 0.18286439206984542 0.40200704097112117 0
0.3955221710178858 0.18278043124774385 0.40111538307266154 0
0.3936928523056717 0.18314069203873504 0.3999482402789044 0
0.39156172545988244 0.1829875206749358 0.3987305108316859 0
0.38922488794633603 0.18329267020275378 0.3971331202205607 0
0.38713690593308087 0.1833662004854083 0.39582210694964365 0
0.3848426845688643 0.18337350904951594 0.39464412056719095 0
0.38253312731223493 0.18361133853450018 0.3936100745347854 0
0.38089000389685473 0.183729662909556 0.39257051977451396 0
0.3788497944239716 0.1838823292572148 0.3914933340055142 0
0.37675847922074424 0.1838736323777462 0.39044232020328 0
0.37431137524503033 0.18404191525491823 0.3893942100310413 0
0.3724992482224385 0.1841350785034046 0.3887224974780532 0
0.370309879417164 0.18414188946132568 0.38784777965350387 0
0.36894706944089045 0.18446511019467343 0.38710079679749837 0
0.367244874334712 0.1842249456430613 0.3861902507085445 0
0.36556798962622195 0.1843062069707393 0.3855740119595399 0
0.36378353331980623 0.18408387512256408 0.3849625002964165 0
0.362502759719412 0.18403708277895575 0.3844293705167333 0
0.360964779569201 0.1840150406487674 0.38388969204232265 0
0.35943147541586074 0.18382972263693564 0.38339050566373967 0
0.3573548746386736 0.18431705773714946 0.38278894043843315 0
0.3550962576714 0.1844400497411089 0.3821177955191274 0
0.35337656146476604 0.18460470035237653 0.38147693557258194 0
0.35126768282621224 0.1846788666299799 0.38100253119643146 0
0.34913675373234176 0.1848060772210358 0.38045173477531047 0
0.34764519419385487 0.18527141637938993 0.380002732230351 0
0.346080444746428 0.1856907999770328 0.37956907412374147 0
0.3443287524674741 0.18611616133775388 0.3788433051778427 0
0.34246717712465635 0.18612700591229675 0.378649430480856 0
0.3414880215345371 0.18632238242460894 0.37812214311105835 0
0.3403261308793054 0.18652861464666406 0.37813632919559076 0
0.33906680861564475 0.18630666399570284 0.3778103801670947 0
0.3381351836288994 0.18652773456953614 0.37791577847599944 0
0.337583179982027 0.18661559769246075 0.37792396917055837 0
0.33759121901533473 0.1866195600790572 0.3778814710890983 0
0.3377336048689261 0.18663196141925698 0.37749690259538493 0
0.3377382901964663 0.18662930692534768 0.3774945483189774 0
0.3377443056137759 0.18662280971602274 0.3774900971301528 0
0.33774440908825476 0.18661699447841965 0.3774860797190013 0
0.3384607547662871 0.18690292681015966 0.3769304179609058 0
0.3382924852694729 0.1870732275950105 0.3778615621159064 0
0.33843379061306944 0.1870787788376116 0.3777053516678107 0
0.33833031818575615 0.18653604706288796 0.3774212025352899 0
0.33853379571993675 0.18648249584026594 0.3773473151865939 0
0.33855042549016245 0.18663375791435005 0.3768750763200328 0
0.33857185667933787 0.18707648044752914 0.3777399979024842 0
0.33828174443016185 0.1865682852434743 0.37761106670177075 0
0.3382388436464757 0.18655598463736767 0.37747455824587794 0
0.33848853553937164 0.18701641311559142 0.37745410139858926 0
0.3383900280376475 0.18652300986573872 0.3775712049053834 0
0.33810534068579884 0.1866027481286605 0.3774377687629152 0
0.33850839691812323 0.1867406600605816 0.3776376143980206 0
0.33833440404527093 0.18665238036780893 0.3775544258787479 0
0.33866390182387185 0.18674890143583567 0.37755605410792037 0
0.33834931301514365 0.1865741241477764 0.37772492405084157 0
0.338504402191561 0.18662002963718793 0.3775845983359861 0
0.3387261924289362 0.18657822254990836 0.37759841576476827 0
0.3386476311813278 0.1862430341510351 0.3775314106151814 0
0.3386585947085329 0.1862065723331065 0.37773965948136895 0
0.3385994231847106 0.18626596062997375 0.3777821695394841 0
0.3384212435814674 0.18660586248723476 0.377695415646082 0
0.33836252305607 0.18669064511731367 0.37770303198845073 0
0.33856910512976396 0.18663710219436402 0.3777864209978859 0
0.3385683547591736 0.18648860038527268 0.3776164693100093 0
0.3385712964767306 0.18675480231208097 0.3777338382768546 0
0.3386099061641338 0.1866922246625908 0.37768490547970757 0
0.33865449459421737 0.18663909421713876 0.37772281705985306 0
0.3386131402040645 0.18661932720405938 0.3778510598576624 0
0.3386987185876361 0.18663951887864894 0.3777348107470883 0
0.3386874527292643 0.18666569893709567 0.3777934537887288 0
0.33873625839205557 0.18671053534656568 0.37775402219401305 0
0.33865032925152705 0.1866901459502012 0.3777158237863143 0
0.33868271101603176 0.1865652109836505 0.37780252375455026 0
0.3383920759320845 0.1865237568528949 0.3780586128469026 0
0.33854387485865367 0.18669147796256616 0.37776400212326 0
0.33842075593028803 0.18652376787847713 0.3779737416064777 0
0.3383816459814417 0.1865183529977678 0.3779612151091304 0
0.33859770805345096 0.1866033717334149 0.3777204242686111 0
0.3385953811835895 0.18655355292369893 0.37786233922441165 0
0.3386256402820617 0.18652630017934158 0.3778122482665086 0
0.33848039392175877 0.18648741261356838 0.3777489336289955 0
0.33840614633086985 0.18660646798536432 0.3776527428924088 0
0.33853065697875095 0.18646007362931327 0.3777601939277438 0
0.33830284381176634 0.1867843363299539 0.37765467524734525 0
0.3383130515595367 0.18707430688554127 0.37739074746159956 0
0.338297036308765 0.18706876336675352 0.377437042215913 0
0.34430247341456005 0.18934640452278245 0.3777996590892931 0
0.3662248696535936 0.19693500116931997 0.37666350458640246 0
0.3764180463798079 0.20145643421740664 0.3773156248060858 0
0.37689750742167394 0.20138499003123717 0.37757222376559785 0
0.3768767925235367 0.20051872042098684 0.3784279960508041 0
0.37696477931051703 0.20038166366563076 0.37756422987230676 0
0.3767219977089858 0.20088209384405198 0.3775686800123461 0
0.3765573475884315 0.20130028090153346 0.37760670419808595 0
0.37636730367756915 0.2015295667606817 0.37794053823843105 0
0.3762142723699055 0.20271069373273534 0.377650975177291 0
0.37603771321025337 0.20249675936498496 0.37821434780240837 0
0.37629207768616857 0.2018579453753489 0.37787878342406717 0
0.37640534976906104 0.20158615077065353 0.3777905057447237 0
0.3764308869084465 0.20156951533140688 0.3776101006875407 0
0.37634573952985484 0.20145620801134262 0.37775604749689407 0
0.37648363042049027 0.20126180387440684 0.3772911363603786 0
0.37618977970430134 0.20146049452027326 0.3774871503644308 0
0.3762984360500819 0.20144825959729126 0.3774519127439542 0
0.3761576263507895 0.20147586712439824 0.37737684283175865 0
0.37616538055104887 0.20138749866222513 0.37720362780949135 0
0.375955661983515 0.20133497261596217 0.37666047771141364 0
0.3756135541718938 0.20131807070178875 0.37595621984302796 0
0.37596757076667786 0.2011401956984518 0.37643550370540824 0
0.3762396859457674 0.2010171995005084 0.3768400637724171 0
0.3759184964747011 0.20143412830533192 0.37673858015279216 0
0.37580390270428543 0.20153279834780502 0.3768604856110427 0
0.37605736158993697 0.20130803172180897 0.37680021352635495 0
0.3760051068241381 0.20126294812157353 0.37680795509415116 0
0.37575525329719106 0.20146608923126177 0.3767856046736601 0
0.3759800589274813 0.20141158584931595 0.37717161099686836 0
0.37602402455410733 0.20137058424208043 0.3772112860302845 0
0.3761221914884847 0.20144794963679996 0.37686783763244336 0
0.37629704919462936 0.21183644979042746 0.3779120780360498 0
0.37661197397851387 0.23156428729067285 0.37714351243978783 0
0.3761723643790137 0.24556433813960415 0.3773133856199449 0
0.37603265743642283 0.24648280473887563 0.3774126742118157 0
0.3759816181071765 0.2465233504740603 0.3773877679434887 0
0.3756305395106708 0.2468605252152492 0.37717173847376245 0
0.37568730978798515 0.24677458447497047 0.3771991134580032 0
0.37581941557869736 0.24657693616007195 0.3771991644701485 0
0.37596020858488644 0.24635955318286337 0.3772014192282381 0
0.37598374893082775 0.24632113254172258 0.37719813765538135 0
0.37599480942270513 0.2462954390510248 0.3771839045673546 0
0.3759968238261707 0.24628863231245124 0.37718341809013267 0
0.3759994727496898 0.2462793017750172 0.3771746254694464 0
0.3760009937248031 0.24627038779876714 0.37716706734571037 0
0.3759974414674664 0.24627116847954503 0.3771592750350572 0
0.3759971388239134 0.2462663402884095 0.37715652991741083 0
0.3759956788561097 0.24626368315812847 0.37714679471391593 0
0.37599718557144207 0.24626168759367445 0.37714729727573354 0
0.375995893824027 0.24625988011856106 0.37714192462658375 0
0.37599767565777387 0.2462548346972961 0.37713488274494983 0
0.3759950061106847 0.24625734692147286 0.37713461703400514 0
0.37599592689441635 0.24625121277065218 0.37713113735338244 0
0.3759953904402353 0.24625315291010436 0.3771287697786546 0
0.3759963277496741 0.24625018134029655 0.3771300321895562 0
0.37599381252451075 0.24625210139141607 0.37712437975921625 0
0.3759974659594822 0.2462466121533871 0.377121932547234 0
0.375996707828301 0.246245284084008 0.3771200074499839 0
0.3759966918177058 0.24624534928114664 0.37712288111920944 0
0.3759931612771935 0.24624706629071919 0.37711639145169606 0
0.3759971761233711 0.24624162440108138 0.3771185761616154 0
0.3759976978375385 0.24624028442474427 0.3771192732133754 0
0.375996776488579 0.2462441382348438 0.37712228208050874 0
0.3759975007655868 0.24624357566775984 0.3771215850348518 0
0.37599573307532774 0.24624593746729653 0.37711982093978186 0
0.375994659895896 0.24624622046251052 0.3771214543133739 0
0.3759965549064215 0.2462415262771273 0.37711649275039816 0
0.37599911768814087 0.24624068653556824 0.3771200746587877 0
0.3759972573433227 0.24624136958393644 0.3771203409869981 0
0.37600104815439467 0.24623987000066616 0.37712001114572147 0
0.3759957499529118 0.24624398732112107 0.3771154941942624 0
0.37599930406472004 0.24623882122202728 0.37711516663739575 0
0.37599826584356943 0.24624061857836893 0.3771191954492482 0
0.3770541854603603 0.2452579985065268 0.37711945988537676 0
0.37692627629036096 0.24541429117227573 0.37707079332717985 0
0.3764446313340596 0.24560564797999032 0.3774667372809798 0
0.37611908926661114 0.24582886909316773 0.37752913931081744 0
0.3760642377662061 0.24589135749939833 0.37718324066364317 0
0.37600886489044966 0.2461173417510989 0.3768916032261715 0
0.37612841133804487 0.2457856806414909 0.37651362430711843 0
0.3757078988048233 0.24643711102994104 0.37649228740687724 0
0.37571247027337573 0.24645112206823805 0.37650478010421984 0
0.3759870747855416 0.24547712882735734 0.3760721169042104 0
0.37606220695044507 0.2455549969715436 0.376240422119983 0
0.37625401443889445 0.24556244090712995 0.3768694672729628 0
0.3760320295580589 0.2458225262291842 0.3766379937839682 0
0.3761145275427368 0.2457397659464569 0.37650566922825157 0
0.3758687031613116 0.24627205133855473 0.3761935546591485 0
0.3760513289940409 0.24598580216495547 0.3769036067401052 0
0.3760654564244953 0.24587669807375442 0.3767399033036589 0
0.37605580458312393 0.24561182865890063 0.3765347028180766 0
0.3758743231808343 0.24618732831665624 0.3764931070809318 0
0.3757085027906122 0.24658475190491908 0.3767965135909682 0
0.37572925657827594 0.2465437766033707 0.37681121546157537 0
0.3757611695508935 0.24649800503004432 0.3768350317591004 0
0.3758616435524511 0.24634056845474114 0.3768412152787819 0
0.3758913373087916 0.24629551101370015 0.3768511022211187 0
0.3759101065489876 0.24626094937626308 0.37685202593662254 0
0.37591874302896944 0.24624752302226693 0.3768508435253136 0
0.37591874302896944 0.24624752302226693 0.3768508435253136 0
0.37591874302896944 0.24624752302226693 0.3768508435253136 0
0.37591874302896944 0.24624752302226693 0.3768508435253136 0
0.37591874302896944 0.24624752302226693 0.3768508435253136 0
0.37591874302896944 0.24624752302226693 0.3768508435253136 0
0.37591874302896944 0.24624752302226693 0.3768508435253136 0
0.37591874302896944 0.24624752302226693 0.3768508435253136 0
0.37591874302896944 0.24624752302226693 0.3768508435253136 0
0.37591874302896944 0.24624752302226693 0.3768508435253136 0
0.37591874302896944 0.24624752302226693 0.3768508435253136 0
0.37591874302896944 0.24624752302226693 0.3768508435253136 0
0.37591874302896944 0.24624752302226693 0.3768508435253136 0
0.37591874302896944 0.24624752302226693 0.3768508435253136 0
0.37596804641195164 0.2461541159195959 0.3768350783943894 0
0.3759625149522372 0.2461571888517109 0.3768214199026391 0
0.37596496866787515 0.24615548187625202 0.3768262266178351 0
0.3759663364814186 0.24615107885710322 0.37682503281179036 0
0.37596587780894797 0.24615309686145165 0.37682386457397643 0
0.3759638015163952 0.24615556151696608 0.3768261265501967 0
0.3759677590560548 0.24615142861630768 0.3768298203392419 0
0.3759639534378581 0.2461500753822235 0.37682132009578323 0
0.37596699679126666 0.24615064801843878 0.3768249393789082 0
0.37596374358984574 0.24615550799978547 0.3768242036969333 0
0.3759639156379422 0.24615521540843083 0.37682578473049944 0
0.3759635947109696 0.24615079865418127 0.37681933228779485 0
0.3759617267100325 0.24615591117339689 0.3768190539318944 0
0.3759629110621119 0.2461548679887006 0.3768196217492688 0
0.37596215920825937 0.24615217141459894 0.37681464480559107 0
0.37596154547607885 0.2461532389009802 0.3768171794449113 0
0.3759643575433744 0.2461567651978448 0.3768311320700908 0
0.3759601181532364 0.24615645120967677 0.3768191630917435 0
0.37596465940623125 0.2461579510292967 0.3768321214884093 0
0.3759659390160024 0.24615194675146854 0.3768254307722597 0
0.3759640798791134 0.2461517160715099 0.37682035633437827 0
0.3759623328359535 0.24615640045613 0.3768210369913991 0
0.37596483542360687 0.24615184747905294 0.37682589786242204 0
0.3759604237833549 0.24615763465302756 0.37682184778480904 0
0.3759621947573021 0.24615748798485734 0.37682186251709116 0
0.375963113626793 0.24615309041308805 0.3768236223798569 0
0.3759610690709102 0.24615351939671523 0.37681910417523057 0
0.3759646815841448 0.2461506361405517 0.37682174352629083 0
0.3759616890744507 0.24615632446339925 0.37682190328229753 0
0.37596459508199176 0.2461509697007617 0.37682133555769803 0
0.3759628200832464 0.24615326389551648 0.3768189688670496 0
0.3759662736862941 0.2461460133363304 0.37681819455109283 0
0.3759651292815591 0.24615175939802444 0.3768196616796058 0
0.3759639717159114 0.2461496713765986 0.37682011737813104 0
0.37596283504885264 0.24615606144669377 0.37682746324399086 0
0.37596039326660247 0.24615655692146407 0.3768182974742485 0
0.37596776208273014 0.24614994466593165 0.3768266246714474 0
0.3759674249413263 0.24613472428169675 0.3768224217909854 0
0.3759689231124892 0.24613607211839023 0.3768300014556697 0
0.37598457959462084 0.24609189670904055 0.37684100104956303 0
0.3759910400894342 0.24607966367502004 0.37683414801887766 0
0.3759896596035543 0.24608682794132408 0.37683752338725013 0
0.3759817731797783 0.24609619017855056 0.3768241605001156 0
0.3759839097131316 0.24609418890766308 0.3768253822820204 0
0.3759801174473584 0.24610213722789429 0.3768252526742404 0
0.3759831603780079 0.24609579949153293 0.37682178510087755 0
0.375983446161559 0.24609887802073555 0.37682763338124137 0
0.3759824921728206 0.24609685783461474 0.3768210688914688 0
0.37598644544902216 0.24609417688228655 0.37682582047785623 0
0.37597808171661096 0.24610664638574875 0.3768220176093269 0
0.3759791616589466 0.24610205852879735 0.3768195312040259 0
0.3759818054323769 0.246099287494573 0.3768174374861952 0
0.37598284802065296 0.24609761829136167 0.37682625193424973 0
0.3759781280973763 0.24610603852677926 0.3768218839620962 0
0.375978096577663 0.24610432339851188 0.3768182207600886 0
0.3759779911708728 0.24610723468758444 0.3768218494540886 0
0.37598051564426616 0.2461026882055049 0.3768240912004545 0
0.37597894572488655 0.24610451813970396 0.3768215744392169 0
0.3759801994759028 0.24610330617944748 0.3768209393034259 0
0.3759788432925702 0.2461040801552526 0.37681784860566164 0
0.37598072936623583 0.2461034576915934 0.37682499352426635 0
0.37597731118290173 0.24610153922007638 0.37681427444522264 0
0.37597713419207623 0.24610597206342988 0.3768219127775694 0
0.3759825694505657 0.24609891739329956 0.3768203620148729 0
0.37597909067790436 0.2461039185712767 0.3768225484916397 0
0.37598034691179394 0.24610434756268598 0.37682554055085393 0
0.3759760442323352 0.24610959778438332 0.37681945738449585 0
0.37597796139632667 0.24610243575603025 0.3768164459654472 0
0.3759788551810629 0.24610510644260175 0.3768214062833434 0
0.3759819542246983 0.24610292565041517 0.3768247361564992 0
0.37597962856288614 0.24610089436985821 0.37681475531896935 0
0.37597981964845134 0.24610338638507495 0.3768203670391517 0
0.37597717172025297 0.24610386476285084 0.37681860264471595 0
0.37597708763533877 0.24610562026282298 0.3768160778398496 0
0.37598022592578473 0.24610306865042372 0.37682423907479445 0
0.3759838688937069 0.24609531802673623 0.3768194866543827 0
0.3759762185951693 0.2461081125984851 0.3768154022147753 0
0.3759798220352284 0.24610542268714397 0.3768261370988257 0
0.37597632188061286 0.24611049113766942 0.3768176779761556 0
0.37597725894405243 0.2461104989005804 0.3768222653954339 0
0.3759811717341928 0.2461050013185266 0.37682460793916783 0
0.3759779357575262 0.24610847480374987 0.376821293295114 0
0.37597688214704783 0.2461068517908358 0.3768152333919978 0
0.3759816509917327 0.24610132801678924 0.37682307525189335 0
0.37597727020773897 0.2461069145277837 0.3768187406336126 0
0.3759794384878508 0.24610375481221447 0.37681901414025526 0
0.3759741869575033 0.24611281757798134 0.37681746829563756 0
0.37598009663129384 0.24610432728297726 0.37682321968937177 0
0.37598221997658066 0.24610157199460014 0.37682306986864095 0
0.37597689854478833 0.24610828071299534 0.37682427917259803 0
0.37597700605464296 0.2461072841827176 0.376816942495655 0
0.37597688707422644 0.24610889683643003 0.3768218920919314 0
0.3759781646208 0.24610586423683348 0.3768218479488258 0
0.3759787896922983 0.24610482056544675 0.3768177666567805 0
0.37597727487159366 0.24610975348381411 0.3768234086430206 0
0.37597269671273437 0.2461134950235408 0.37681559654730473 0
0.37597709494668674 0.24610901719710349 0.37681996486805386 0
0.3759769590241168 0.24610614881581183 0.37681416963636843 0
0.37596989111940354 0.246120796906819 0.37681482476262523 0
0.37597182197602425 0.24611428321830778 0.37681238426388597 0
0.37598226624563913 0.24610172663699034 0.3768218223090667 0
0.37598121674082907 0.2461053749539717 0.3768243560778174 0
0.375976881676303 0.24610938645704297 0.37681605670865626 0
0.37597950908132444 0.24610540968312378 0.3768195500894428 0
0.37598142726569606 0.2461043076529473 0.37682220438803843 0
0.3759769695055113 0.24610901359316367 0.3768182538429447 0
0.3759774781315184 0.24610965081275651 0.37682383516409773 0
0.37597697793626184 0.24611041913486786 0.3768230050260526 0
0.375975681405871 0.24611047867288993 0.37681835765341093 0
0.37598133008957085 0.24610018118318952 0.37681610362326223 0
0.3759732027678016 0.24611395569374256 0.37681443123931935 0
0.37597684151743016 0.246110052907363 0.37682034266708075 0
0.37597666866088164 0.2461091602446925 0.3768168417772015 0
0.37597677025694753 0.24610718466274412 0.3768140893735334 0
0.3759774594065465 0.24610963148474588 0.37682199104536757 0
0.3759779843868841 0.24610921388456605 0.37682175849200183 0
0.37597869441142706 0.24610595924426865 0.3768212002974276 0
0.37597839266992916 0.24610611230418944 0.37682121178311956 0
0.37597571092368 0.2461122446188317 0.3768226068414839 0
0.3759821202464593 0.24609945998353702 0.3768179807636966 0
0.375979104241124 0.24610610229515412 0.37681787652933235 0
0.37597912784872445 0.24610285750460373 0.3768134273337956 0
0.375974821535078 0.2461144489271808 0.3768237768673177 0
0.37597978324469306 0.24610571000664452 0.3768207686728826 0
0.37597418577480896 0.2461124057937958 0.37681679670136653 0
0.37597293367084816 0.24611365891415687 0.3768174571659769 0
0.375982534199999 0.24610197929922106 0.3768212505623611 0
0.3759734119876117 0.24610992614057248 0.37681414294418647 0
0.37597973951528596 0.24610652627075705 0.37682101699309795 0
0.3759796648370412 0.24610668094606786 0.3768219960335092 0
0.375973634564131 0.2461125321374721 0.3768130637894194 0
0.37597873915125357 0.24610631011126427 0.3768182538429447 0
0.375974888562807 0.24611273497019248 0.37681896553168026 0
0.3759789785084357 0.24610491968078302 0.37681648826547676 0
0.37598076619387744 0.24610026127583343 0.37681503289087775 0
0.3759761799948466 0.24610935740194984 0.3768191585490251 0
0.37597766651750686 0.246108037896954 0.3768174784342582 0
0.37597721277020374 0.24610868800580224 0.3768224598131885 0
0.3759757959599551 0.24611088166566172 0.37681322292271735 0
0.3759808828209594 0.24610275940737592 0.376816310486799 0
0.3759760887500775 0.24610920395651534 0.37681460044749027 0
0.3759791258734651 0.2461051436680779 0.37681880550865154 0
0.3759775037769258 0.24610954608676852 0.3768237707717389 0
