0.43866997333179586 0.19343691504091387 0.4479329592243201 1
0.4386679490146054 0.1934391372329727 0.4479226539459706 1
0.4386637118196143 0.19344272941935714 0.4479101168950473 1
0.438663861392094 0.193437227904857 0.4478980325296509 1
0.4386637864502906 0.19343592395308012 0.4478877305212988 1
0.43947219761475054 0.19343949480584716 0.4473311959887769 1
0.4542213328922509 0.19304440568489895 0.4461199336938364 1
0.4656830979710849 0.19260556809100682 0.44710803568197494 1
0.4655193658524138 0.19282773556259775 0.44753731304951977 1
0.44842478814189896 0.19334358090652612 0.4498764365813455 1
0.4382969152833146 0.191127532608317 0.44782674051075405 1
0.43790783869395855 0.19080180610595185 0.4473588762087902 1
0.4380843026872778 0.19046694400355196 0.44734771162400205 1
0.43816191049723213 0.19036533195816363 0.4473524327433704 1
0.43902550845069455 0.19013886876657765 0.4331769071785106 1
0.4385705447835785 0.19041327046337994 0.4106458281291032 1
0.43847220297949596 0.1901984960533276 0.3877761659974931 1
0.43832314194962596 0.19029900917365594 0.3676526528647155 1
0.4384792284744037 0.19031743567436615 0.34520370510697884 1
0.43825590004920456 0.1903056448978441 0.3222397214630596 1
0.43845332921856495 0.19040425613111642 0.300274457228879 1
0.4382919126411336 0.19031172858991507 0.2775419029484838 1
0.4383703502210804 0.19027328768814328 0.25523802285091385 1
0.4381383740608458 0.19039424591555232 0.23247541932619994 1
0.4375031396814538 0.19059964413831926 0.21212646552244338 1
0.43767587539161407 0.19023724762203104 0.19197149040789405 1
0.4378827885030158 0.1905545432231479 0.1723018387365724 1
0.4381571426020657 0.19042745939355443 0.15047394150917154 1
0.43811251563726966 0.1904762665818337 0.13017956726164234 1
0.438480539393651 0.190333649724797 0.1211862266495461 1
0.43848953480240144 0.19027250641402926 0.12065376088487453 1
0.43843633884517474 0.19028460197282304 0.12062553703676598 1
0.42946043288264213 0.19041968524989755 0.12064243538778362 1
0.42052557613630726 0.18874794295531616 0.12094239550903062 1
0.40951552158547566 0.1890723902797251 0.12065114417815866 1
0.4025611255158948 0.18877378201948244 0.12065580835448388 1
0.4014086190541687 0.1945063909331855 0.12088900187791453 1
0.40003778914469873 0.20143358126044586 0.12073722213385345 1
0.39919687722555164 0.21365343835427536 0.12090096765261373 1
0.39938774491990936 0.22326407571247564 0.12129410357124194 1
0.39865703705013644 0.2307732187075749 0.12132988442200139 1
0.3958097287023873 0.242871023290809 0.1207197583170278 1
0.3948768344304853 0.2522760059744002 0.12062873977525114 1
0.39496072445070934 0.25938526543203955 0.12022480181458126 1
0.39505638275926236 0.2667468214710916 0.12059803448700658 1
0.3952657551645719 0.2718802564527363 0.12049259907352008 1
0.39506022463150825 0.2724110245672792 0.12062045744136142 1
0.39506184392925286 0.2724008644400597 0.12063247502130851 1
0.3950640386555512 0.2723799327017718 0.12063659027239625 1
0.3950927859917531 0.2723281809163876 0.12064167228351681 1
0.3951201534660843 0.2722781821598097 0.12064370026165078 1
0.3952790305417319 0.27203115823961216 0.12064182793592118 1
0.3952737207002711 0.2720294460157886 0.12063661118153525 1
0.3952722998855209 0.2720237284401735 0.12063168458224713 1
0.39985545832611435 0.27219085056295406 0.12125751390299125 1
0.40893003481269 0.27206230020654243 0.1202673633067209 1
0.410021698496381 0.27209397223979237 0.12035397076266063 1
0.4101870472167082 0.272118783580241 0.12026395758135323 1
0.4101980179064595 0.2721233207193403 0.12031173666469916 1
0.41019348500561864 0.272122916777627 0.12034176276651985 1
0.4101898964461305 0.272115792154736 0.12036856559150091 1
0.41019088160055317 0.2721095550921847 0.12107478082418169 1
0.4108479435865164 0.27181565385430423 0.1413209905699462 1
0.4107965746235712 0.2715288479257706 0.15054149911118855 1
0.4091288365455801 0.2717228589685608 0.1346554451209535 1
0.40958645558861473 0.2720552618415008 0.12046093750693841 1
0.40974793464419235 0.27219840773047643 0.12028973202126217 1
0.41026859545278754 0.2722879847459929 0.11691208776867956 1
0.4096972544467131 0.2722871669903747 0.10337849465538287 1
0.41056165327101923 0.27194559852639943 0.1031092612604639 1
0.4104045689971958 0.27183114965625704 0.10301959011082193 1
0.4101772798073845 0.27188794238269776 0.10294844374287203 1
0.4122254104135659 0.26660409975013744 0.10332957216373176 1
0.4149348149158208 0.25995581654142297 0.10342791768697417 1
0.41574716701682407 0.2565627404686516 0.10298783901115245 1
0.4160919891098242 0.2590622911994229 0.10367586249151316 1
0.41414931681037115 0.27092405337677333 0.10344809578216144 1
0.4138328355554457 0.2720565799078115 0.10299589074210426 1
0.4138351790270445 0.27204560375386744 0.10300221224046946 1
0.41384330611184894 0.27203223412776867 0.10300876963696197 1
0.41385482929088896 0.2720160995019331 0.1030191005252321 1
0.4138492360181876 0.2720121155523636 0.10301373238894695 1
0.41384784328953284 0.2720078731861963 0.10301725820893291 1
0.4138545142896678 0.27199719923971233 0.1030196320075122 1
0.41385059866098006 0.2719916161733353 0.10301770109467238 1
0.4138523849676481 0.27198396503880107 0.10301669985565179 1
0.4138564010265688 0.27197343400059776 0.10301313905628058 1
0.4138541875970009 0.27196924514464926 0.10301239961624029 1
0.4138266646913817 0.27197559576188085 0.10299879080160576 0
0.41383903135479794 0.2719656170723615 0.10300136597054389 0
0.41383888540238023 0.2719667197936022 0.10299937091839084 0
0.4138506339103478 0.2719628751120853 0.10301932858035025 0
0.4139272247335083 0.27195069890795587 0.10311637772357685 0
0.4144916022006747 0.2717771470842308 0.10330010097081152 0
0.4139733880003275 0.27179716081620836 0.10305174261639731 0
0.4139256593684073 0.27180320861497914 0.10300201646299786 0
0.41395093441637465 0.2717981016644172 0.10301209009765414 0
0.4139553197858111 0.2717989266203272 0.1030160516758371 0
0.41395811953659734 0.27180494655682036 0.10301965656228033 0
0.41395731840092237 0.27180667274241527 0.10301821814484266 0
0.4139570783364864 0.27181207878557856 0.10302297602925772 0
0.41394775573466575 0.27181965014033876 0.10301675167308894 0
0.4139521381144965 0.27181829592924767 0.10301969566639838 0
0.41394985235353327 0.27182569661837075 0.10302356769524028 0
0.41388405024501806 0.27188141018677847 0.10300494609380928 0
0.413900880476364 0.2718736738026847 0.10301104529799648 0
0.4139200055286046 0.2718645711082514 0.1030222882911576 0
0.41393006184814846 0.2718624459828628 0.10302851168640079 0
0.4139148133707509 0.2718702107372481 0.1030216755305871 0
0.4139112839015228 0.2718708402354216 0.10302005599513958 1
0.41391448168025036 0.27187398808763164 0.10302195486718088 1
0.41390671866681594 0.27187547942367296 0.1030200740680994 1
0.41391166295559756 0.27187030693563813 0.1030237698965038 1
0.41391348748754736 0.2718717492570718 0.10302334983780587 1
0.413912589395065 0.2718697743679823 0.10302269401787281 1
0.41391224758522505 0.2718688912352244 0.1030231465366854 1
0.4158846866019627 0.2678100675709511 0.10324325710406208 1
0.42350680649112854 0.2543916878728501 0.10350415065594623 1
0.42436169548786756 0.2530991574117918 0.10299048864948054 1
0.425079082790088 0.2510302322480186 0.10302409112566341 1
0.42984183248473884 0.23671009532988818 0.10297067128857773 1
0.4309162277910457 0.2332752506790155 0.1030599033480231 1
0.4325051511153884 0.22987509237034887 0.10355942837155388 1
0.43215944677113505 0.22986325162266755 0.10333652452926301 1
0.4322199438018066 0.2298552311297048 0.10333301867220533 1
0.43255915960943614 0.2297627813844721 0.10318712970395906 1
0.43255315575820297 0.22978773013291437 0.10318970894408898 1
0.4320430275315507 0.22991249246804507 0.10294258146575787 1
0.43207338666235445 0.22992548856102635 0.1029593047244049 1
0.43210904303322384 0.2299254424609839 0.10297622337708495 0
0.43236286379183353 0.22987966727482945 0.1030619033805461 0
0.4326006816842086 0.2298539614546836 0.10321388606875241 0
0.43256640032537913 0.2298790610200671 0.10326721240748302 0
0.43250726529000394 0.2299037102851887 0.10324556803540318 0
0.4320175158582092 0.23001241430952965 0.10300435916368804 0
0.4321492130805073 0.22998820011779922 0.10308293506526074 0
0.43257131736007015 0.2299022915023074 0.10328051958339778 0
0.4325146651404631 0.22992010804091262 0.10325457975766515 0
0.43201964892202366 0.23002961373837283 0.10301921229635197 0
0.4319807408178883 0.23011793084571158 0.10299803541363095 0
0.4319988276771555 0.23010561394974566 0.10295439160967076 0
0.43205594381063445 0.23008449028758376 0.10298110883838787 0
0.43217609477407914 0.23005224111464853 0.10303340360811122 0
0.43252950395245904 0.22996015384010515 0.10318377717465531 0
0.4324555533230716 0.22997172186638826 0.10315162980532609 0
0.43198921947235513 0.23007486116460157 0.10294451604806422 0
0.43202858603192346 0.2300654870220054 0.10296165562681422 0
0.4320835765793446 0.23005138088787358 0.10298750697752543 0
0.4321683717982415 0.23003512797436657 0.10302616827041959 0
0.4322126030070857 0.23002486535086836 0.1030457785359248 0
0.4322148907403244 0.23001905268559591 0.10304642543763584 0
0.43221532806456014 0.23001634347744127 0.1030455739231865 0
0.4322090008030016 0.2300194315414451 0.1030440428886025 0
0.4322094252561418 0.23001786474132213 0.10304563869553879 0
0.4322059083651648 0.23001938662291133 0.10304487129970083 0
0.43220507332627656 0.23001900045557516 0.10304224994862966 0
0.43220101652484155 0.23002174419472626 0.10304190388718636 0
0.43220414538259755 0.23001978405174253 0.10304283423746013 0
0.4322051700308429 0.2300206593329042 0.10304414786044838 0
0.4322032815334283 0.2300203985376807 0.10304253197875485 0
0.4322056387117461 0.23001660321027484 0.10304269937307331 0
0.43220514310395813 0.23001840947263918 0.10304075482097155 0
0.4322024758330395 0.23001926508248427 0.10304297856134428 0
0.43240944222019106 0.22782359087237902 0.10272523162180924 0
0.4353515308067327 0.2175993468399111 0.10333857128720932 0
0.435139455972115 0.21721250080451104 0.10334822796816809 0
0.4350017557722996 0.2094746392795382 0.10312790819921651 0
0.435799021992749 0.20096513586629972 0.10318940325559957 0
0.4353404833413 0.20066381202198263 0.1029765982401181 0
0.4353908229638279 0.20066478716551467 0.10300671630922606 0
0.4354495501684993 0.20066261729498328 0.10303949929756216 0
0.4358967607802878 0.20058597547919377 0.10325003601407193 0
0.435789548198382 0.20062184107597042 0.10320180562435165 0
0.43448414624355475 0.1884694391254721 0.10217627636817848 0
0.43446536354950055 0.18346752578881204 0.10271781680336883 0
0.4350011310105678 0.182866307538423 0.10287620369914412 0
0.43503279740081535 0.1742356487475402 0.10307978534532054 0
0.43572882210155883 0.16500458042259117 0.10340945953229488 0
0.43528317536724365 0.16445095957918177 0.10350735850307062 0
0.43530933860298116 0.16444944091441183 0.10337728078834825 0
0.43539049970944116 0.16444945448076792 0.10338375626570566 0
0.4356960720655095 0.16441444935504806 0.10352033227988386 0
0.4346150028548307 0.16160970996889276 0.10257262979080745 0
0.4325208505816889 0.14893753547923377 0.1026696778529412 0
0.4291729761768137 0.13625749554184108 0.1027591477969615 0
0.42339464027455215 0.11433797549980261 0.10293756949210023 0
0.4192205439498383 0.09361210286522731 0.10343091792373323 0
0.41420008218772253 0.07378930334015685 0.10347123728286818 0
0.4080147010644564 0.05120006059045516 0.10318813711193348 0
0.4021681419691814 0.031075982530596388 0.10334411098244864 0
0.3965253152813659 0.01122887261059309 0.10329897026541154 0
0.38994203600030747 -0.011441496939421009 0.10328740260550502 0
0.3840148748834432 -0.031208322154939835 0.10318542971277428 0
0.37832063411640615 -0.05146928438779977 0.10339859010202548 0
0.37174246898452684 -0.07381406667048096 0.10319184813123479 0
0.36547353173260266 -0.09625350290342385 0.10332614888054985 0
0.35939460728987327 -0.11632969123475033 0.10321559568609955 0
0.3535681380900256 -0.1361551385557912 0.10314793879056397 0
0.3470616290576922 -0.15869457368469458 0.10310347684961023 0
0.34135760689314054 -0.178607113634766 0.10322926403728655 0
0.3371887295221207 -0.1911230186697704 0.1031395270879709 0
0.33820152598726094 -0.19758397690394042 0.10347352014169257 0
0.3388904386590306 -0.21855856083966885 0.10254993611201077 0
0.3390113572419181 -0.22939775974160295 0.10317226137464983 0
0.33950958239418916 -0.22967742651970102 0.10356902799233678 0
0.3372731290789734 -0.22880782867850263 0.10269135717487067 0
0.3187929432316649 -0.22939107813336457 0.10348043401902017 0
0.3140713405390877 -0.22896932522147556 0.10321843700763034 0
0.31386434041086114 -0.22876435567339742 0.10310877551947445 0
0.31387380278076604 -0.2287461661780962 0.10310315236102602 0
0.3138956500673984 -0.22874432112068122 0.10311415941036911 0
0.31080471210524874 -0.22800554376208482 0.10264707829257418 0
0.3020724048533321 -0.22922320970151897 0.10279353568781699 0
0.30192356429024 -0.22886556631466248 0.1030974618008598 0
0.3019785593409561 -0.2288222270143795 0.10311344414266566 0
0.3019891836558848 -0.22882513158131623 0.10312172518946451 0
0.3020042456235953 -0.22882504910842932 0.10312828688468115 0
0.3020096104953326 -0.22882910300713835 0.10312729718533988 0
0.3020184567652989 -0.22883431821062178 0.10313521334211713 0
0.30202726734747504 -0.22883325853513453 0.10313473537617816 0
0.3019989851506254 -0.22872101029647396 0.10771518867311265 0
0.30254614090469634 -0.2291592220272985 0.12689934259736935 0
0.30232058952140306 -0.22859406266932006 0.1309938889128285 0
0.3022523398825293 -0.22848068760980111 0.13090811769418406 0
0.30225033281217495 -0.22849660677016964 0.130892596346996 0
0.3022512233910837 -0.2285080737232535 0.1308798119881268 0
0.3022539777241229 -0.2285270630540193 0.13086972726200208 0
0.3022273925142681 -0.22853451571959238 0.13083673568386248 0
0.3024947455329418 -0.22855144013335785 0.1308722262486204 0
0.3019479998360373 -0.22895816103146566 0.13064557362251386 0
0.302128054283328 -0.22858500358288325 0.13091812137564632 0
0.3024056501032969 -0.2288930738030343 0.1308066330196193 0
0.30224640923460516 -0.2285590990563482 0.13069258853803895 0
0.3021956703717431 -0.22849955232574104 0.13233341716479405 0
0.302264074909988 -0.22897905123306067 0.15019284529704258 0
0.302152421028814 -0.22899142132996797 0.15954365441569937 0
0.30163835666448463 -0.22874100277770787 0.13919976446715898 0
0.30179407714874595 -0.22916996180442578 0.13343326206479345 0
0.3019250252126936 -0.22934364583379296 0.1332627681710766 0
0.3021196052852646 -0.2290449544066749 0.13320857343322054 0
0.30215933965644387 -0.22897582493910063 0.1332282161279739 0
0.3023475447811339 -0.22871512559389123 0.13324032042436726 0
0.30237434682923287 -0.22868011816733003 0.13325404234517174 0
0.30237220415771493 -0.2286845370264841 0.1332650118076038 0
0.30236287929283395 -0.22869051002184695 0.1332724529481963 0
0.30235350805337435 -0.22870421079242736 0.13328497360765446 0
0.302348835709284 -0.2287068397074915 0.13329216818300954 0
0.3023403273583117 -0.22872384750418795 0.13330325753799793 0
0.3023334182229718 -0.228729457099641 0.13331439941221188 0
0.30233311015021186 -0.22873640773876885 0.13331959589465905 0
0.30232296323687624 -0.2287457291059992 0.1333176121022188 0
0.30231331872561673 -0.22875173354479933 0.13331980952737763 0
0.3023134610436356 -0.22875808833370204 0.13332134677886442 0
0.30230283098690763 -0.22876247195056046 0.13331674174448416 0
0.3023087008265066 -0.22876217707316954 0.13332154014458125 0
0.31141820894713246 -0.2297258904920541 0.13379016203237934 0
0.31851824065435663 -0.22852475893947527 0.13360861239420135 0
0.32648750388708525 -0.22943672928318015 0.1335342182223927 0
0.3329700232931843 -0.2288407623526856 0.13355137309858733 0
0.3330266405688216 -0.22893727353111384 0.13342530798190194 0
0.33229558935724435 -0.22906796283666386 0.13334833798566337 0
0.3324451648484078 -0.22876390908017452 0.13330753322016622 0
0.3332909115319673 -0.22864528354800417 0.1341805529384119 0
0.33301469818779666 -0.22886348197936268 0.13422340421694384 0
0.3318922201674015 -0.22884014948877768 0.13303789551610581 0
0.3323217399592574 -0.22929405938691932 0.13344297003612196 0
0.33244450727755587 -0.22910648095553993 0.1334299187463092 0
0.33249420216868925 -0.22902420473135565 0.13342103652508766 0
0.3325319083477519 -0.22896029897910675 0.13341293827496006 0
0.33272100157559625 -0.2286789247863299 0.13340490446537884 0
0.3327392474625506 -0.2286510820826615 0.13340227075516126 0
0.33272781152690517 -0.22866052305684478 0.1334006174017408 0
0.332694108798821 -0.2286618680869275 0.12613303237764062 0
0.33250753394966437 -0.22891263926597827 0.1192589719231929 0
0.3323740906389955 -0.2285967335051184 0.10129554399323408 0
0.3324756404747236 -0.22879629305327773 0.093839662341557 0
0.3324979305971529 -0.228825196340222 0.09329964164581175 0
0.3325019909252952 -0.22883313319794257 0.09332381320438372 0
0.33250270417733896 -0.22882944642415015 0.09333241004630614 0
0.3324907227436784 -0.2288039100665516 0.09332432164542624 0
0.33245437247375775 -0.2287357132008897 0.0932809833255291 0
0.33244747949556147 -0.22871846164076626 0.09327630245356824 0
0.332448121215843 -0.22871357017857774 0.0932759011722631 0
0.33244608737037695 -0.22871442779981313 0.09327564106321827 0
0.3324458227334807 -0.22870992720069067 0.09327741034841482 0
0.3324441009408737 -0.22870824352264413 0.09327626806732472 0
0.3324426648902638 -0.22870403569188755 0.09327466819019856 0
0.33244014185997695 -0.22870248900888207 0.09327256426321412 0
0.33243850024927984 -0.22870207188032748 0.09327103867867192 0
0.33243594600371357 -0.22869986288367428 0.09327238080484052 0
0.3324338723375069 -0.22869584214119693 0.09327215208369695 0
0.3324313761434743 -0.22869459455008018 0.09326860854192333 0
0.33243486445481707 -0.2286944974106085 0.09326490819607305 0
0.33243527274025053 -0.22869035105511182 0.09326548197061307 0
0.3324300977522651 -0.22869124711214406 0.09326597080490011 0
0.33243260662960755 -0.22869044314271114 0.09326727329183554 0
0.33243001741261147 -0.22868675321142623 0.09326654198609742 0
0.332428843473897 -0.22868135764412006 0.0932640540110177 0
0.3324264559379863 -0.22868259220599457 0.0932619847643758 0
0.3324245293414335 -0.228672632073407 0.09325724826825492 0
0.3324039981454062 -0.22864101668809417 0.09323169592505155 0
0.33239857671960504 -0.22863403751653402 0.09322838361385674 0
0.33239841228541456 -0.22863446294310752 0.09322792777992728 0
0.3324026607907804 -0.22863740370777483 0.09323099026841075 0
0.33240031660825275 -0.22864045905093772 0.0932313273567021 0
0.3323612005204513 -0.22797065059595345 0.09315233305374435 0
0.3327114232732683 -0.2148086332044673 0.09424032249917595 0
0.3322267442646555 -0.210200130035831 0.09320207930522185 0
0.33357174317451177 -0.20366228586772583 0.09352032748544062 0
0.3334010156265889 -0.20263360767509386 0.09285782135750105 0
0.33338562148596784 -0.20269070047025484 0.09290879531071737 0
0.33353141011731 -0.20277338678286588 0.09313798861678357 0
0.3336647389374103 -0.20283817532120083 0.09331459711052245 0
0.33359075262984295 -0.2028865505496703 0.09325435010219366 0
0.33337933039454276 -0.20290322788891435 0.09300421567185639 0
0.33295817227997615 -0.19387587800341316 0.094163742520385 0
0.33345670405608363 -0.18838384381188705 0.09371861085211888 0
0.333330551225155 -0.1880138708687149 0.09348144817509588 0
0.3333250869488848 -0.1880100175643789 0.09348770560684448 0
0.3333153151669511 -0.18802783856818445 0.09348859451779559 0
0.3333156110292862 -0.1880372780352384 0.09349337463111071 0
0.3333231095889482 -0.18805249754705733 0.09349303346722598 0
0.33332697900873587 -0.18805876550299006 0.09349836912732858 0
0.33333025218009876 -0.18807224066148415 0.09350042089727678 0
0.333334883873449 -0.1880850245360792 0.0935066204435446 0
0.33334429654386577 -0.18809922559073594 0.09351093437379564 0
0.3334079445289158 -0.18820663974515706 0.09355194173051841 0
0.3334130139521557 -0.1882141022423961 0.09354974099882712 0
0.3334114543873823 -0.1882122552722968 0.09354873335748835 0
0.33341031377546465 -0.18820873724395837 0.09355160491715786 0
0.33340860039614995 -0.1882106202548704 0.09354889879343037 0
0.3334097253510884 -0.18820849429192327 0.09355011498967708 0
0.3334097777222462 -0.18820726733843274 0.09354897387877742 0
0.33340613272606995 -0.18820532304491505 0.09355222512709621 0
0.33340924103563707 -0.18820937516778974 0.09355319567906753 0
0.33340818067292816 -0.188203190879155 0.09354696694389317 0
0.33340824618463805 -0.18820153190062877 0.09354866091198745 0
0.33340645150082937 -0.1882035138190269 0.09354617200661056 0
0.33340391907325967 -0.1882030910829559 0.09354621816601896 0
0.33340444385747636 -0.18820224797554974 0.09354557491187918 0
0.33340162919508204 -0.1882001001843535 0.09354950061962772 0
0.33340217561648794 -0.18819967396141477 0.09354800566795915 0
0.33340412109698747 -0.18819883010105654 0.09354533918259866 0
0.33340271656995357 -0.18819077731142003 0.0935512626362244 0
0.3333996448306762 -0.1881964929373372 0.0935444519885174 0
0.3334028353905935 -0.18819788532505327 0.09354740190090079 0
0.33340168587528324 -0.1881984614860882 0.09354591112064797 0
0.3334013704433486 -0.1881948564088083 0.09354689978840633 0
0.3333985578470414 -0.1881967026676421 0.09354668301294748 0
0.33371222691971936 -0.18866535828859987 0.10559470219848639 0
0.33334401380537715 -0.1880050123769154 0.11784741763294704 0
0.3332472402715959 -0.18779887417077257 0.11824325146829663 0
0.3332362475546931 -0.18778416844426202 0.11823293728226847 0
0.3332443560662446 -0.18780913625268977 0.11823717975329294 0
0.33326892173511724 -0.1878387147389284 0.11825158335510268 0
0.33328119145612206 -0.1878635296153473 0.11825501536731949 0
0.33329709311583233 -0.1879148719703852 0.11826390288952421 0
0.3333744618349081 -0.18804943348843667 0.11831554410256348 0
0.33337946670372054 -0.18806617142908738 0.1183161865957909 0
0.333377743702359 -0.18807074013826242 0.11831410695834654 0
0.3333727557184906 -0.18807569858576356 0.11831370210261487 0
0.33337167171377347 -0.18808115713064327 0.11830950266041418 0
0.3333703746184522 -0.18808381257653198 0.11831003914740588 0
0.3333679078966487 -0.18807963916239495 0.11830862471903816 0
0.33336900857680635 -0.188085738955312 0.1183078736495265 0
0.33763810353750184 -0.19668374028370667 0.1175656886351623 0
0.338397026829545 -0.19740543384029668 0.11807569042091409 0
0.33898571464015903 -0.19569312961794744 0.11857493904038541 0
0.33914514958349434 -0.1956341204744823 0.1179063065168044 0
0.3390862144204523 -0.1954412483615683 0.11791553878884527 0
0.33916231789987544 -0.19526905528883814 0.11798675810266407 0
0.33691523535190376 -0.19395056494431595 0.11824599974997335 0
0.32809429221958825 -0.19503145113884257 0.11838865964454963 0
0.32765906911815407 -0.19486212704347058 0.11827504921852527 0
0.3276377442857015 -0.19494419802821464 0.11826791899735481 0
0.32765409767875847 -0.19495291520482405 0.11825887686193234 0
0.3275223627188263 -0.19471029589138641 0.1211352020330994 0
0.32825514037855175 -0.19521205087065135 0.13852506885287186 0
0.3282927611650861 -0.19488135673714824 0.1408031740106383 0
0.32825948603311395 -0.19479796309206995 0.14084424000092885 0
0.3281750109306716 -0.1948070828945638 0.14082330664708884 0
0.3277105507884542 -0.19478053784912863 0.14040718946798236 0
0.327656528709903 -0.19499514450097272 0.14048367887432167 0
0.32804585591575297 -0.1951129523045475 0.14091709164359154 0
0.32802974172698085 -0.1951099432770406 0.14089241261771934 0
0.3279879739714595 -0.1951036916993797 0.14084200780190073 0
0.32765956704843824 -0.1950793610239686 0.1404498022413769 0
0.331141610748072 -0.20332769909413245 0.1404897101816202 0
0.337864280699407 -0.2254028661193736 0.14001929394800608 0
0.34136178509255055 -0.2377165889565258 0.1403749985703417 0
0.3408383933392477 -0.23477541012036932 0.140385184695831 0
0.341948248343007 -0.21659385900261985 0.14119971868379183 0
0.341382519600141 -0.20807421359348377 0.14022080827870995 0
0.34164122233552024 -0.20716142611291316 0.14046150666335058 0
0.34170216205432186 -0.2071611783714758 0.14053141972383948 0
0.34188897396161594 -0.2072305405249762 0.14078575745425392 0
0.3420453930321291 -0.20737233694934265 0.1409924572778017 0
0.34154697371981296 -0.19860530724649317 0.14171525180414116 0
0.34236226817067694 -0.19348781302255946 0.14071418363922428 0
0.34224464773882135 -0.19323317562379025 0.14062012986420486 0
0.3421521879918007 -0.19325160986000015 0.140651344617 0
0.3417784499562603 -0.1930968823883997 0.1409175355206988 0
0.34167990851605545 -0.19308517524568994 0.1409759182262868 0
0.3417336400209441 -0.19314965167497578 0.14092372393731503 0
0.34219337598654276 -0.19343968904774594 0.14057649154997984 0
0.34211979260922487 -0.19345364342172572 0.14061197676523252 0
0.3420576218859881 -0.19344912830025868 0.1406494243996718 0
0.3418946274948522 -0.19339427432755263 0.14076742301883374 0
0.3415238266655847 -0.19321711836304933 0.14341448294377968 0
0.3420078297443833 -0.19360336412805929 0.1626504472749227 0
0.34185760181678965 -0.1935470335539743 0.1710459575857385 0
0.34177457510918835 -0.19342833284347766 0.17116974420476522 0
0.3417732284130531 -0.19342484810027827 0.1711614591352839 0
0.3417806770918476 -0.1934349030572281 0.1711506885272704 0
0.34179333797705513 -0.19343567870016853 0.17114676316394623 0
0.3418016077113466 -0.1934450706822673 0.1711487651878263 0
0.34185028012375274 -0.19353278936808485 0.16984644159685383 0
0.3415722483542499 -0.1935965184772135 0.1527850755674862 0
0.34172330332234047 -0.19390885582412443 0.14863872794096084 0
0.3420654920048917 -0.19422889870365834 0.16062686213090507 0
0.34176451245946676 -0.19370897112443264 0.1662174504694736 0
0.34138732125057886 -0.19343592749584698 0.14511330788016633 0
0.3416688339832509 -0.19333689885131913 0.14277300662132308 0
0.34198964180287705 -0.193770246904385 0.14805985737460567 0
0.34220615549674016 -0.19376728306263202 0.14864495718666806 0
0.3419789417409785 -0.19345297021770724 0.14845650835423843 0
0.3419341627634163 -0.19343042213063144 0.14841446605412917 0
0.3418967501737452 -0.19342650326218697 0.14838019035140496 0
0.34186120470419246 -0.1934255975482541 0.14834510232207787 0
0.3416982373617645 -0.1933739758580049 0.14861911407662456 0
0.3418404930279476 -0.19352045016442165 0.14906482957021053 0
0.3417602205476477 -0.19337375271880158 0.14862571103747102 0
0.341771828892434 -0.1933807244304993 0.14863588391087348 0
0.3417595036426621 -0.19335922764796554 0.14853502914631134 0
0.34176302766588884 -0.19337015189431922 0.14854363999584153 0
0.34176682457413 -0.19337272468369765 0.14854797642433978 0
0.34176617010899063 -0.19338265953996636 0.14855430137684497 0
0.3417655033032111 -0.19338873832680675 0.1485571182788826 0
0.34177591709131905 -0.19340247998114046 0.14858034128674008 0
0.3416161237704206 -0.19409769365804003 0.14868634558110658 0
0.3416923082317952 -0.19365243785884206 0.14865905318162362 0
0.34214249616020015 -0.19293788924338323 0.14853543577892758 0
0.34192204426798734 -0.1931318103323405 0.14818163708700585 0
0.34218672624746327 -0.193667194644649 0.14882934567590186 0
0.3413429713034655 -0.19397068331872755 0.14808541489598973 0
0.3417059330547004 -0.1937748244383446 0.1490145693188462 0
0.34171632833351784 -0.19376024221638694 0.14869475020739503 0
0.34163937732690597 -0.1938194607426168 0.14826286114922899 0
0.3416506504878448 -0.1934746032551656 0.1483183964259543 0
0.3420873621155142 -0.1932388513728815 0.1484782169407746 0
0.34250745046243236 -0.19301545812518084 0.14893441931074464 0
0.34192388715912997 -0.19340884734329453 0.14831473129877334 0
0.3421773703066468 -0.19420968365385333 0.14923482480165562 0
0.34134540170449396 -0.19393562402459288 0.14876292898312696 0
0.34128613686723375 -0.1936477627492777 0.14853236068190503 0
0.34144799402635384 -0.1936443319611353 0.14857794249101494 0
0.3417867072805227 -0.1934240314832119 0.1411688035763453 0
0.3418154719428398 -0.1929385739601468 0.12184494064451325 0
0.34214310206874926 -0.19347485921252378 0.1208087550945209 0
0.34205737661876334 -0.19345759702706172 0.12083874783840506 0
0.341951385828175 -0.19343397748955565 0.12090641680893477 0
0.3419552634817482 -0.19346043647044098 0.1210322671796452 0
0.3419556946381243 -0.19346992774443078 0.12102393633008954 0
0.34195713081893087 -0.1934627889351986 0.12101016543174166 0
0.34195571256448476 -0.19345982663200012 0.12099593591569195 0
0.34191676073033184 -0.19340341255411844 0.1209529558837844 0
0.34190512137227413 -0.19339081875173497 0.12094096444821004 0
0.34190190364337397 -0.1933950039729782 0.12094266225720404 0
0.3419004854562476 -0.19340318058883998 0.12094497137744536 0
0.3419031001355903 -0.193404068254979 0.12094405229637516 0
0.3418972459770042 -0.19340823430249104 0.12094443448078065 0
0.34189815591573386 -0.19340958889239146 0.12094707108523176 0
0.3418911940580716 -0.19341262272095544 0.1209482612792535 0
0.34189445966472515 -0.19341660640814767 0.12094675915189818 0
0.3418944696723892 -0.19341575337809602 0.12094727371941097 0
0.3418918939287485 -0.19341755671895391 0.12095035799644396 0
0.34189455116928474 -0.19341770693792026 0.12094938460870422 0
0.341893412404203 -0.1934197992002964 0.12094736449389903 0
0.34189122909719505 -0.19341740475384372 0.12095013503840388 0
0.34189350398478435 -0.193413999263978 0.12095250110299505 0
0.34189228746584266 -0.19341780418488996 0.1209478320618181 0
0.3418923053202646 -0.19341735545151106 0.12095178349615067 0
0.34189258238085307 -0.19342155025160393 0.12094993720654694 0
0.34189204456073663 -0.1934229603534494 0.12095144451272129 0
0.3418923899211151 -0.19341748530766661 0.12095290021981432 0
0.34188906654463663 -0.1934198423065891 0.12095470271689263 0
0.3418953379810491 -0.19341841716427638 0.12095108519080507 0
0.3418941812142581 -0.19342143955721702 0.12095409945846822 0
0.34189337114151863 -0.1934214248731304 0.12095370388471796 0
0.34189027279099393 -0.19341646796905193 0.12095562077811078 0
0.34189116416458804 -0.1934179348841253 0.12095605555859265 0
0.34189237910801035 -0.1934252355775929 0.12095474163198254 0
0.34189505564895384 -0.19342188347803568 0.12095679301098358 0
0.3418940077426228 -0.19341870636428243 0.12095558440938611 0
0.34189251538140786 -0.19342374130666096 0.12096006298895019 0
0.3418950472057512 -0.19342566151778692 0.12096168051273666 0
0.3418943414101519 -0.19342641396336907 0.12095844987331988 0
0.3418913204619489 -0.19342540719427279 0.12095903361913767 0
0.3418926612120302 -0.19342616599748458 0.12096051390853188 0
0.3418922563549352 -0.19342544573019604 0.12096383506024046 0
0.34189437284336255 -0.19342692265987738 0.12096626074193981 0
0.3418975587688933 -0.19342805861479273 0.12097340876059537 0
0.3419073941803613 -0.193436025590942 0.12101753935549758 0
0.34190514256937676 -0.19344212881088707 0.12101581503114218 0
0.3419067636509398 -0.1934359882204525 0.12101473121711341 0
0.34190554016764124 -0.19343887380878405 0.1210152677707484 0
0.3419017142355845 -0.19343996236802208 0.12101514105591174 0
0.34190321130194506 -0.19343733923682044 0.12100996965282018 0
0.3419040475488644 -0.193444776222357 0.12101367185903007 0
0.3419038720936068 -0.19344057966003125 0.12101350149449892 0
0.34190532522929235 -0.19343858094077535 0.12101329357680768 0
