0.4383751010909075 0.1940737426397514 0.4258201714808528 1
0.43859356046440895 0.1936670695759254 0.402392084423538 1
0.43868528749536617 0.19350353903615308 0.38227049337846236 1
0.4382436095562804 0.19261352330249154 0.3594576560497128 1
0.4345556969994845 0.18699553781248185 0.3399895177050098 1
0.42922562333349024 0.1755280790379638 0.31987563879806663 1
0.42373568294912717 0.1622999240841297 0.2999377904899119 1
0.416646494783848 0.15411519159468134 0.2774491935326454 1
0.41065362205941686 0.15348262348872205 0.2577735016126831 1
0.3977908615032325 0.15326721063691823 0.23539816917019843 1
0.385029966632214 0.14865327416691365 0.21301294753991723 1
0.372455708981067 0.14508900551862258 0.1902859844674606 1
0.35770116308524125 0.14498679485883526 0.17276626218273045 1
0.3403151955210429 0.14490024913660293 0.17064980741043467 1
0.31969981346316517 0.14485079809134374 0.17079693074815633 1
0.30672071484143754 0.14726749966249095 0.1712677600369132 1
0.3045081953250751 0.14936433470154473 0.1713314643315502 1
0.3026510468889081 0.15510199707713837 0.17083171836655567 1
0.29875639979304197 0.16282804048055569 0.17118006148576403 1
0.28980129854549663 0.171289310746348 0.17096188987517633 1
0.2790382820769945 0.17981114177297922 0.1710528212043316 1
0.2721903296809896 0.18615632647247515 0.1711366405085642 1
0.2693834955998611 0.18878839599602718 0.17115523219512524 1
0.26972401846648875 0.1886769746098163 0.1710100182086613 1
0.2700673151993527 0.1885548214701282 0.1714744019041541 1
0.26422446503126634 0.18927068341388512 0.1710120986855984 1
0.25261271439574506 0.1890085857858756 0.1708480378269805 1
0.24291313454274044 0.18879320286693618 0.17100914633959363 1
0.24173460426988214 0.1887588346796388 0.17150521429461357 1
0.24288653282962575 0.19045143667465764 0.1710797233255104 1
0.24835909699076072 0.19740958889147836 0.1711931954123025 1
0.2543954197729608 0.20448062138036868 0.17139849576412833 1
0.2556222588791908 0.20631014971740394 0.17097980510550212 1
0.255781491812572 0.2064089079296358 0.1708036080921147 1
0.25589797866673064 0.2061886079426781 0.17119727690147438 1
0.255905735327339 0.20618490052838756 0.1707713133180661 1
0.25645596163606577 0.20611171988859367 0.17109955236290794 1
0.25905759692205393 0.20937453769288505 0.17146651467940835 1
0.26089167154294973 0.21135737281674508 0.17108763964317147 1
0.2614070185436873 0.2114696457025291 0.1711473930073048 1
0.26137451556655017 0.21146552042300165 0.1711307361889393 1
0.26129309972721626 0.21147996765404214 0.17109333970519683 1
0.26122788178954476 0.21175908203476276 0.17086360284041074 1
0.2610203121223478 0.21190797437954564 0.17090552627695504 1
0.26107666922506567 0.21177756883568152 0.1711302614151502 1
0.26117178851881634 0.2115902484981774 0.17104282696032289 1
0.2611113278515521 0.21163392755117225 0.17081369776758432 1
0.2611624401558112 0.21161884795385133 0.17095005601933755 1
0.2611587093181199 0.21160560661494365 0.17106315061498528 1
0.26116035508176255 0.21159807564103206 0.171070045367017 1
0.26117055443420795 0.21158671642714555 0.17107434761024287 1
0.2611721115001929 0.2115826778523216 0.17107248743978762 1
0.2611893379763299 0.2115652571842804 0.1710772738118626 1
0.2611956096279745 0.2115555592220288 0.17107609193286685 1
0.26076098637830813 0.21155424507061812 0.1598056130968168 1
0.26073340429115827 0.21138113925161756 0.13907072968998951 1
0.2584677660302194 0.21146240166031685 0.13614620509972766 1
0.25639423278011014 0.2203519545343687 0.13641656196406676 1
0.2559110072141219 0.23287425718574423 0.13646673346638605 1
0.26032877887451766 0.24090210713357366 0.13568998456874642 1
0.2703815454604805 0.24908708580363834 0.13567884984041548 1
0.2736646302342786 0.25474075492710885 0.1357013143527028 1
0.2742183180549685 0.25521963549752874 0.13586297113770748 1
0.27421716983506367 0.2590148217553137 0.13631974218005938 1
0.27451386508790815 0.26624367273332306 0.1359472869401919 1
0.2743832186907287 0.2743346944435333 0.1361947215776091 1
0.2745010765772735 0.27947402000964827 0.13624774542452886 1
0.27418681077525603 0.2851432319971898 0.12751904481529341 1
0.2736134275952982 0.288883999460512 0.10961301823880297 1
0.27394214349560925 0.29194819258766097 0.10872675097610607 1
0.2717269013030423 0.3023673851225246 0.10955903635225234 1
0.27082920460525833 0.3038200086442364 0.10876795983191608 1
0.2705146912722805 0.30696155420630167 0.10902840229654606 1
0.27008283117850007 0.3118190190472966 0.10867083748981873 1
0.2706046587416454 0.31451848839442464 0.1087772538168215 1
0.27073883330268045 0.31652601200647845 0.10846467006732854 1
0.27072750270894796 0.31658435769430565 0.1085102732800123 1
0.2707128553555904 0.3165820421081509 0.10853610320392021 1
0.27070745631846527 0.3165699536389359 0.10854202270547837 1
0.27047934853465333 0.3191627168780594 0.10887327608926069 1
0.2705098404489887 0.3205061355082466 0.10836223516797486 1
0.2707873142446164 0.3207891172044586 0.10846284755998857 1
0.27067586761026324 0.32077807011320175 0.108476651344408 1
0.2701953597693524 0.32073753933176347 0.10842070358005751 1
0.270290714240857 0.32074245073934293 0.1084464334154199 1
0.27085875359618516 0.32078078938328214 0.10854076836504029 1
0.27076964257925523 0.3207682537977772 0.1085287297380903 1
0.2701826758594988 0.32072439738315395 0.10844417567537734 1
0.2702540247168394 0.32072748169480303 0.10845840836429071 1
0.27090206720331056 0.320770155756372 0.108557969879895 1
0.2708332300156767 0.32076070261422096 0.10854921992000913 1
0.27025497292787243 0.3207179136833705 0.10846541845636962 1
0.27024387725904647 0.3207163138693706 0.10845972180090353 1
0.27049078571323093 0.3207298136040346 0.10849812660829229 1
0.27087447905954876 0.3207551372534715 0.10855095562656214 1
0.27072856156542624 0.320748141616947 0.10853496010741197 1
0.2702294048432769 0.32071061385322946 0.1084602392943127 1
0.27032601214589563 0.32071680729334473 0.108474144369022 0
0.27089296742328584 0.32075066729625595 0.10855987668566291 0
0.27081088660524455 0.32074687673503066 0.10854546383967853 0
0.27074039296175745 0.32072923439724155 0.10853047057777221 0
0.27024800091248025 0.3206985700524807 0.10846023701545227 0
0.27034193653419997 0.3207043579346688 0.10848031421284958 0
0.2706543304427394 0.3207233682310364 0.108521187743906 0
0.2708492312254933 0.3207381924641113 0.10854669711883916 0
0.27076441687021363 0.32073131355695017 0.10853096423600987 0
0.2707034917671157 0.3207288899737689 0.10852663669985074 0
0.2704343236414581 0.32077558022040453 0.11486762072431872 0
0.27092819637641263 0.3208701121868952 0.1371925409114978 0
0.2706870761924862 0.32066591171347236 0.15699231556963364 0
0.2733886694145719 0.3116168867914954 0.1746955934109725 0
0.27827726519695817 0.2918262368033666 0.17552205693163456 0
0.2861824745139321 0.26894428008317783 0.17622230702983366 0
0.2929811735920048 0.24865294162202295 0.17911532663622803 0
0.30249769328005055 0.2260508970216097 0.20017703515767174 0
0.31137231892008493 0.20390439071789623 0.2026413887904797 0
0.32245041015535925 0.18306553494703928 0.20206711347081902 0
0.332996587133434 0.16254907451024023 0.20181634343208182 0
0.34121485686297826 0.14257783357039394 0.20184889059877964 0
0.3440730776559679 0.12325761177544306 0.20193214489511038 0
0.3471343430329089 0.1013114528663907 0.20202349312008241 0
0.3521972789245021 0.08137724808215402 0.2019245980684781 0
0.3585983404182764 0.06374811877746103 0.2015030421311883 0
0.36766094005808364 0.044217784332303 0.20177480253479055 0
0.3768737068530109 0.02536162997540757 0.20173819904478857 0
0.38012877212324003 0.017085179693673527 0.20135909242039257 0
0.37994070991533724 0.014416541366381458 0.20188615464892432 0
0.37744977575349176 0.0124261409898805 0.2018587742457687 0
0.3721553492792262 0.009176160264415839 0.2021473467638969 0
0.3648613180931869 0.0032925130172109657 0.20207741546870828 0
0.3584540728378076 -0.0043681392428416566 0.2020770750527859 0
0.3533410515376176 -0.011686102367455112 0.20212449774034863 0
0.3491995772103813 -0.014558285175281488 0.20181803918601499 0
0.3446128996766943 -0.01336396112464959 0.20180442711437815 0
0.3405251913835459 -0.010597657936406255 0.2024001676585187 0
0.3397226702935079 -0.009744439086385726 0.202092077808178 0
0.33960006918628916 -0.00968702552329953 0.20194262034787033 0
0.34039808429049534 -0.010148268331772153 0.20192022549556957 0
0.345952605694724 -0.010697689310976866 0.20203405064017851 0
0.35187026919525577 -0.010520665301983465 0.20188669184180985 0
0.35568481309935157 -0.010262574231365118 0.20218910878653992 0
0.35535315357105285 -0.010057891398149194 0.20196602972675792 0
0.3547694123341684 -0.00983853243119321 0.2020809958501393 0
0.35608159152482977 -0.009734812877324597 0.2019561124937537 0
0.36440354535816816 -0.009451535233936062 0.20184678753997992 0
0.3756262830465661 -0.009470817756915488 0.2017630032890409 0
0.3784430114576588 -0.00980991530229098 0.20159583156570482 0
0.37852768795365355 -0.008609675759323483 0.20220669675571595 0
0.3780951572008788 -0.008639677245639764 0.20213085275365184 0
0.37817311514734553 -0.00935743177709484 0.20207410148926525 0
0.3776264100245699 -0.01578585318807338 0.20184899484697633 0
0.37705629976666566 -0.0312164450210684 0.20174285665073058 0
0.377620584334917 -0.04012430461829866 0.20161845283495705 0
0.380157782015515 -0.04249810969883273 0.2022501299317334 0
0.3808837449346961 -0.04196603036855098 0.20222223992722027 0
0.38084318940591394 -0.040999694468598274 0.20191622278055069 0
0.38081654087646777 -0.04097931811589507 0.2022223850885411 0
0.3808197654090218 -0.040913280356773 0.20206580622374817 0
0.3806598271647688 -0.04082721291741475 0.19187633352904826 0
0.3802974504012858 -0.04073419130278224 0.174036623062178 0
0.3803437262043346 -0.04063338478754333 0.1542709951600295 0
0.3812205325446796 -0.04094518039771446 0.14703476312337901 0
0.380574725649666 -0.04076069766205134 0.13386871579896514 0
0.3804057616313966 -0.04075343953073671 0.11346781032908312 0
0.3809341773675839 -0.04095167146017203 0.11183067659572817 0
0.38066539258567966 -0.04054598546544923 0.09856248364561979 0
0.38079998442377805 -0.04062484930862268 0.09195645786204484 0
0.38091368118282953 -0.040389545935331735 0.09218425655837846 0
0.38059448172652 -0.040361058731870264 0.09167228412926798 0
0.3806651190406801 -0.05084316790291832 0.09171584869265624 0
0.38051421427134957 -0.07042119759742818 0.09173383891401508 0
0.3795835757826781 -0.07941195741762726 0.09189802873874191 0
0.3761132437087875 -0.0809604478275944 0.0928425061231582 0
0.35970876162874754 -0.08162473681275813 0.09215607892769717 0
0.3545510152030745 -0.08275907881249887 0.09221980935827338 0
0.3544973131905069 -0.08285816737019358 0.09219408974604774 0
0.35441629045123463 -0.08275510255636832 0.0921351532295939 0
0.3544004119386136 -0.08269745881174077 0.09211593722842468 0
0.3543317682103131 -0.08183367963250733 0.09130201980258777 0
0.35479656952772376 -0.08227501539190943 0.0916731820259521 0
0.35471532102756365 -0.08217859688406363 0.09169546259702693 0
0.35448930983330307 -0.08212760928804232 0.09197406683602778 0
0.3545470682494254 -0.08233962554962293 0.09181421579727417 0
0.35455778025847495 -0.0824301694317979 0.09185977760023355 0
0.35445952675433945 -0.08197422381381568 0.09179310204666741 0
0.35441249474440306 -0.08213559092003442 0.0918251268251199 0
0.35457004942269665 -0.08256018674396681 0.09179134617425919 0
0.3542862768130568 -0.08200569179659548 0.09179917512319902 0
0.35445499841659145 -0.0826197440201745 0.09161531585266675 0
0.3544437465626564 -0.082571581518481 0.09164852098920416 0
0.35443822873099534 -0.08253376185653134 0.09168226658363468 0
0.3544319108559263 -0.08249609361703093 0.09170505633616106 0
0.3544347585527087 -0.0824906615745664 0.09171954835196655 0
0.35443351477764445 -0.08246527241748149 0.09172793365078523 0
0.35443380673152514 -0.08245858675049796 0.09173303319518226 0
0.3544378085149136 -0.08244766106334037 0.09173811381924332 0
0.3544383271797074 -0.08244936293868592 0.09174169848766009 0
0.35425051052905054 -0.08211103225404688 0.09193762894400269 0
0.35503975113467934 -0.08925539128103482 0.0919829394114436 0
0.3572498528445015 -0.09853095107489118 0.09206764903122373 0
0.3578478102593057 -0.1006192428653071 0.09156259090174962 0
0.35790834314022724 -0.10077708692733178 0.09159743507044381 0
0.3579195974824394 -0.10082128543354128 0.09164785410230324 0
0.35792981505959276 -0.10085574642853883 0.0916905506038776 0
0.3579343627051649 -0.1010077309853439 0.0922477630459278 0
0.35793808826196094 -0.10100325891124622 0.09219775742463376 0
0.35794351851732287 -0.10098158239381157 0.0920882984733358 0
0.3579487838438159 -0.10084949893414501 0.09154110194389091 0
0.3579534006385541 -0.10085127197038352 0.09158856711494105 0
0.3579508857714441 -0.10086724216095201 0.09165099911201269 0
0.35795348257825266 -0.10088440461789817 0.09174423818882617 0
0.35795197430511616 -0.10097516931074106 0.09221422844834931 0
0.35795074436819607 -0.10097089914154103 0.09215820072107847 0
0.35795377269275486 -0.10088421299657503 0.09182557698252533 0
0.3579380777116018 -0.10163965702700009 0.09170143324900397 0
0.3580263194278435 -0.11234397470311454 0.09192346302722833 0
0.35859939026371096 -0.12393043150507206 0.09171639028476726 0
0.35854661012090006 -0.12447589220163639 0.09195952234231783 0
0.3586005042327559 -0.12485727528672746 0.09212001421132336 0
0.3533693786680407 -0.12548119005312916 0.09215323906871913 0
0.34380037817719045 -0.126943918820715 0.09213667959216792 0
0.3397211476546167 -0.12657368757223514 0.09196795308170358 0
0.33950495290275196 -0.12675426037400433 0.09243743331810775 0
0.3395186982576326 -0.1267663585163436 0.09235716113978136 0
0.3395436774158198 -0.12677386795595139 0.09222401344294476 0
0.3395943210647031 -0.12678057944851798 0.09161134573578028 0
0.3397215200176019 -0.1271933298331946 0.09158927469060837 0
0.33960123814660836 -0.12639439124277116 0.09184243231679415 0
0.3396327709304658 -0.1265142298084514 0.09244456967648014 0
0.3396476070505112 -0.12653609490957027 0.09237035088718819 0
0.3396673644665761 -0.12655196120723344 0.09217246827551093 0
0.3397009284625532 -0.12654468428769722 0.09161906504988743 0
0.3397021656603207 -0.12654650037089757 0.09168667566507756 0
0.3396961221647813 -0.12654246665865815 0.09176497437789834 0
0.3396883453242603 -0.1266793163075701 0.09241421861058999 0
0.3396876874030279 -0.12665053755257216 0.09234950200997208 0
0.3396904185176419 -0.12661911140828802 0.0922027917894334 0
0.3396930550953854 -0.12651110780347075 0.09162799954550802 0
0.3398621518774322 -0.12870945818850257 0.09165583091459412 0
0.33965631178551065 -0.1315244137310589 0.09215645254221355 0
0.3395361430556568 -0.13356915114673606 0.09159167091445425 0
0.3395818548586625 -0.1340716850449337 0.09184500378141307 0
0.3396672199592724 -0.13421249346362513 0.09185741655649833 0
0.33967401844500317 -0.1342485052707169 0.09186545156109029 0
0.3396780008258587 -0.13424877054398643 0.09186903585657356 0
0.3396802134109121 -0.13424751977261296 0.09187265753429433 0
0.3396804368246416 -0.1342491429763079 0.09187293504676694 0
0.33967499556318603 -0.13425866298335298 0.09186633918540965 0
0.3398558877391893 -0.13823569382712828 0.0920785334548854 0
0.3397332537967312 -0.14068459439271722 0.09181436292684811 0
0.3395594961098075 -0.14588204378909309 0.09145533506216641 0
0.3396588386914043 -0.14686565804610158 0.09165607096504631 0
0.3396638739261807 -0.14686316131423724 0.09170036500060079 0
0.339662535737287 -0.14685764456220773 0.09174407600740056 0
0.33979725745245903 -0.15015062620440775 0.09246140398455602 0
0.3396865850693598 -0.16139096702507255 0.09187934712982722 0
0.33952702712374716 -0.1649837607238323 0.09181096669086794 0
0.33962572964693694 -0.16527553999288117 0.09202126461493079 0
0.3396126671237705 -0.16515739497170773 0.0920398747787492 0
0.3397657613453199 -0.1604417106812457 0.09206070008429348 0
0.3397204260439679 -0.1580429444945036 0.09220449244033892 0
0.33988200125121754 -0.1469450553374026 0.09197657105217943 0
0.3397217670475244 -0.14583478399564087 0.09185889800003358 0
0.339760835961746 -0.14555452679797357 0.09184840870341207 0
0.33967847674197943 -0.145276089336385 0.09189106051475765 0
0.3396128957092012 -0.1450347216401669 0.091924875521188 0
0.3396362145133113 -0.1451237969379583 0.09190935640585092 0
0.33976047350527727 -0.145615253134257 0.09183774853372767 0
0.3397343173784705 -0.14554133921129855 0.09185186499923832 0
0.3396932916806704 -0.1454031995397577 0.09187446039119705 0
0.3396026722546772 -0.1450888545610354 0.0919257768733973 0
0.33962910865197926 -0.14523164853706313 0.09190768994628021 0
0.3397478324467976 -0.14573172341071397 0.09183784137726489 0
0.3397098164906389 -0.1456487624532419 0.09185384408957949 0
0.33963426636511473 -0.14538655772429063 0.09189693141820975 0
0.33958060896775566 -0.14521075179483198 0.09192997319876066 0
0.3396410869512513 -0.14543982717421383 0.09189517714805709 0
0.3397305161662585 -0.1457816224181757 0.09184138388128535 0
0.3397010156708179 -0.14566255451965682 0.09186073361576738 0
0.33956955826062596 -0.14516393620576135 0.09193646472782173 0
0.33958972241669494 -0.14523070399484034 0.09192770473975558 0
