0.4386074763699565 0.19340593286957938 0.4477100564803911 0
0.4386043138142709 0.1934079839799522 0.44770576259311695 0
0.44210417696310667 0.193427151829848 0.4476753978505846 0
0.4544722209486465 0.19302165862746434 0.44621454231844787 0
0.45565888793450476 0.193315514861447 0.44762692795855363 0
0.45557850752270224 0.193431948868835 0.44770010764406554 0
0.4552451154154171 0.19439628049176688 0.4320583469780086 0
0.45534163913197884 0.1940856759848461 0.4089373378610602 0
0.4555207877721865 0.19354724740487217 0.38816645389861015 0
0.4551976462236728 0.19371619877523444 0.36582219795721777 0
0.4553190138124791 0.19338229170080357 0.3453496344148218 0
0.4550578541227423 0.19362889254393872 0.32291917908671247 0
0.4551400591667953 0.19348504132105604 0.30062379580836807 0
0.45512769695705224 0.19333624671770477 0.2806643910900081 0
0.45516934111932017 0.1935653637408036 0.2582137612409678 0
0.4548642631221304 0.19362347700779653 0.23529650794186477 0
0.4546181218100773 0.1934304194752557 0.22048302906759285 0
0.4547100370641248 0.19354445652353164 0.21997866532448324 0
0.45489693450202434 0.19352929327765606 0.22016798792414993 0
0.4549203675215961 0.19352540527150053 0.2201784011702336 0
0.45495642193204344 0.19352479217636204 0.2202221599202945 0
0.45504625178646174 0.19352273410604703 0.2203380795251168 0
0.4550370302611859 0.19352860640079492 0.22037103650538403 0
0.4550403014534488 0.19352868814916135 0.22050353429926275 0
0.45503619484885577 0.19352801722818058 0.2204982364392184 0
0.45503287249544816 0.19353200612735783 0.22049086655579114 0
0.4550297334121458 0.19352855549295434 0.2204813112172983 0
0.455031692393452 0.19353187094944158 0.2204819585944265 0
0.4550282864879713 0.19352946966778858 0.22047386893355525 0
0.4550242225891843 0.19353542854826622 0.22046938837234753 0
0.45502505620111916 0.19353634211437648 0.2204706733858581 0
0.45502144359143243 0.1935377947416202 0.22047094666207567 0
0.45502198261873994 0.19353521839154386 0.22046848114004347 0
0.4550217639138865 0.1935361027357342 0.22046951398742004 1
0.45502214073429764 0.19352984214275187 0.2204658593433368 1
0.45439276549716867 0.18592712373006778 0.2199415936855109 1
0.4548047162614463 0.16767574078291902 0.22063397220762695 1
0.4559371712068213 0.17022154800292805 0.2207069529380543 1
0.4562666465445421 0.19281225966233995 0.22056149550962437 1
0.4552131427967863 0.2091677830505423 0.2202679180992109 1
0.4573763798328324 0.2092591691892614 0.22098294695125525 1
0.46712227327437544 0.1951837018677613 0.21965189307798944 1
0.4701981456441515 0.19013593248807897 0.22001332770419013 1
0.4705455066705589 0.18991952029734926 0.22030134776916538 1
0.4703014630023135 0.19036886767161795 0.20095122616590783 1
0.4700123210268924 0.19004866849771693 0.19073751716049567 1
0.4705023474168998 0.1898719180277087 0.19040752111803927 1
0.47049670429499124 0.1900142556059431 0.18502619345139065 1
0.46991893097670845 0.19049125249579035 0.16578474331458637 1
0.4595991669581912 0.18988249161250176 0.1599600611837295 1
0.44615919882726385 0.18810534163240555 0.16100390059109837 1
0.4381525090042669 0.1881737591216111 0.1605667229241176 1
0.4190044318580179 0.18822302219103643 0.16076071328632158 1
0.41097788212510966 0.18797748437499856 0.16038220606917533 1
0.390424987818126 0.18830141024780456 0.16061237081985225 1
0.3837441572186855 0.18804650785935068 0.15035189081890019 1
0.38335956055239406 0.18829215256401344 0.1315574964063266 1
0.38420997878471097 0.1882537697166925 0.12806887036794168 1
0.38175961334595615 0.18971898390875774 0.12803921263480725 1
0.38009133785129895 0.19471928793287976 0.1283031565288304 1
0.37956279064486964 0.19549573155625258 0.12817090444490917 1
0.3796032221544905 0.20254980506504966 0.12857826152447258 1
0.37968288115289206 0.20910916720716663 0.12855606715375953 1
0.38155823506505127 0.2161989808788106 0.12831101790951638 1
0.38514750123038366 0.22281615486321799 0.1279482682000935 1
0.38604782561463 0.22997459022007488 0.12849528042192543 1
0.3862358133684957 0.2355026614607378 0.12830164590628357 1
0.3862997456857915 0.2382637761720634 0.12850568910232935 1
0.387008839606018 0.24779800937432472 0.12833632456783367 1
0.38739608092481753 0.24825835113968087 0.1151971513766202 1
0.38748974872544784 0.248526804954239 0.11099166939661008 1
0.38815782057124415 0.24850421229248515 0.10542531059855953 1
0.38742250864653727 0.24863014309886167 0.09775405680679944 1
0.3870197435071254 0.25725780231487 0.0987397006700541 1
0.38684828670994575 0.2625179566680418 0.09779563397578271 1
0.3857289993455546 0.27722828022054147 0.09765074207708967 1
0.3860650461785464 0.28773121499601806 0.09789197813141015 1
0.3858114343102969 0.29169239904941024 0.09760152966654072 1
0.38694404313149566 0.2954166378329329 0.09807785979652255 1
0.3869991923491057 0.3000841818720404 0.09760667098746907 1
0.3872085306158296 0.3004374736561368 0.09784123930577814 1
0.38717307674332857 0.30043034851658457 0.09783219414623591 1
0.38718385615378814 0.300382667209814 0.09782805925717576 1
0.3871994491945968 0.30031988000126975 0.09781668236316085 1
0.38735255376596056 0.3001090171944207 0.09781570873323037 0
0.3873858400657349 0.3000489181541355 0.09781023590403665 0
0.38696415532420925 0.30016131184379075 0.0976704813172236 0
0.386875712014922 0.3001922891959602 0.09765897563395388 0
0.3874360557806291 0.30002859179218644 0.09779338564710234 0
0.3874141341366741 0.3000261992692598 0.09778088007341132 0
0.38735600117573804 0.30002249577944434 0.09774235850709327 0
0.38732911994576297 0.3000293489874232 0.09773191099971468 0
0.38730460366684955 0.3000368238306752 0.09772958281701824 0
0.3872838167462592 0.3000446164027157 0.09772728190153088 0
0.3872830648879982 0.30004293958931333 0.09772251246540507 0
0.3872869198309137 0.3000422381396915 0.09772458155852719 0
0.3872843210708389 0.3000436419448626 0.0977276635266031 0
0.3872838505568632 0.30004506515798746 0.09772702255461654 0
0.387320717272073 0.30005827190376866 0.09776505160888388 0
0.3868022549020443 0.3002574625702481 0.09773433409191414 0
0.38687544345139135 0.30022896377324737 0.09774865606072862 0
0.38704547335945916 0.3002760636178676 0.0979349932817636 0
0.387642680227412 0.3001358226082991 0.09757490676298922 0
0.38772573417441686 0.3002509791431497 0.09781187220866812 0
0.38737640316473587 0.29983520689526566 0.09772701030124938 0
0.3872780177819912 0.29972491103723775 0.09756177386048909 0
0.3877122346120606 0.2996049279926106 0.09765470001267455 0
0.38741405832411013 0.29960250956617457 0.0985547564623117 0
0.38746408101158136 0.2996258301117496 0.10930560430798879 0
0.3869686296674681 0.29983222174092994 0.11036828726280155 0
0.3874163409004648 0.2998665556853466 0.12695293634453458 0
0.38750724417461696 0.3000963316759867 0.14925949833382762 0
0.3868887527911025 0.2998178255425022 0.15756133361242058 0
0.38725007884335805 0.2998159140595029 0.17703808981895794 0
0.3870216886763983 0.29990092576914296 0.1994017535390105 0
0.38722321185071146 0.29950487037507234 0.22154521582928158 0
0.38655074162905495 0.2999606468207922 0.2294629413244104 0
0.3861101023572042 0.3006351409595562 0.22995833798231796 0
0.3861137416860183 0.3005888208194576 0.22922672029785598 0
0.3867704920136411 0.3002959371240811 0.2295052844189622 0
0.3870940828880173 0.30017148666847604 0.2299342705315202 0
0.38761318178131593 0.2965961485601244 0.23005533984116724 0
0.38776581272215693 0.2753988062707502 0.2303450998366802 0
0.387461592955606 0.25246914982964264 0.22996884628229075 0
0.38747713360393177 0.2322812151760087 0.2299488391268006 0
0.3866937140270197 0.20977994126124588 0.22939442195968088 0
0.38677491067978415 0.18979133649314506 0.22990159719086845 0
0.387064116305905 0.1673455853422317 0.2305050919448755 0
0.3871885381620952 0.14462501367510616 0.23006385198379453 0
0.38731477510281254 0.12218933639779689 0.23042773674929706 0
0.3871424621109384 0.10223486652900628 0.23005834244924422 0
0.3871372759228089 0.0798337179683507 0.23037790237153113 0
0.38729137379432466 0.059705179567829086 0.2301632216812587 0
0.387303668843436 0.03978082831109753 0.2303838872641519 0
0.3874348573051648 0.017436852242061374 0.23014504406387049 0
0.389661372237106 -0.005162372972438517 0.23011277639804445 0
0.39219780370616253 -0.025199688375406426 0.23018259510712988 0
0.39485930785027273 -0.047857315876634846 0.23024936971428464 0
0.39729584113573474 -0.06771791681717369 0.23005194446469296 0
0.39983056040984644 -0.09010057524542457 0.2299904033308316 0
0.40277604386551524 -0.11248784169748026 0.2298502714919025 0
0.4081024822375893 -0.13250976936546524 0.22988504560978942 0
0.4160358757278253 -0.15190606566036097 0.22955309944618557 0
0.42631753682262363 -0.1708351536787293 0.22939830857097862 0
0.42839312448808853 -0.17767190038115901 0.23051489961287283 0
0.4286488181652192 -0.17784056428713224 0.2307796081111124 0
0.4286422893447232 -0.17778329838258883 0.23076083990177684 0
0.4290211624997821 -0.17687063545825682 0.23002333276283876 0
0.42837334855114945 -0.1773477908506333 0.2296193719920607 0
0.4279835543667363 -0.1775563776326694 0.2294338544133917 0
0.428003856598007 -0.17788988503980513 0.22970829439225535 0
0.4284178554442563 -0.17766891770091336 0.23003685802008372 0
0.42829832274788315 -0.1775205655991557 0.22947324102738845 0
0.440579777957008 -0.17767866525723505 0.22782608945413949 0
0.45484136804480413 -0.17315171904040516 0.2289922159301738 0
0.45870340681428584 -0.17062214079352825 0.23002070056189908 0
0.45741606292149684 -0.17051166893645753 0.22972513251890433 0
0.44562786971999574 -0.17260428576008408 0.23079876034796962 0
0.4377331638941929 -0.17288199060777432 0.22931879974926575 0
0.42461270938281287 -0.17433294824654993 0.23040849983438522 0
0.40456037128639544 -0.17570422687127496 0.23035881595538638 0
0.38572630441338224 -0.17641905269366923 0.23014941319367216 0
0.3821672040773285 -0.17672183449029055 0.21866448952646167 0
0.382105712254274 -0.1769031393317975 0.19481467565850685 0
0.38226412378471003 -0.17673937043469395 0.1759597228575423 0
0.38284427110445346 -0.1765560838037875 0.17500853600038932 0
0.38260210894088026 -0.17670160249988787 0.1583750404243287 0
0.3828220955178683 -0.1767524656977584 0.13577624547462536 0
0.38313561074706654 -0.17613215199097115 0.11723903433027644 0
0.38314554450530836 -0.17650957697246256 0.11479927062555491 0
0.3831548441269389 -0.17651932438838436 0.11485334627189184 0
0.37693575079589564 -0.1738655066156243 0.11481909700799287 0
0.35729978966565723 -0.16978234093957348 0.11612181833393337 0
0.3537734841581873 -0.1689301169443852 0.11517913303211323 0
0.36732506507756935 -0.16972616715156247 0.11453507953959947 0
0.3881027198849239 -0.17225860631782347 0.11432690209287572 0
0.3997053493812709 -0.17496822461090114 0.11496063848625278 0
0.39995827681862095 -0.1753814334391875 0.11568192352345824 0
0.39968905223922374 -0.17543096373960468 0.11521701037841943 0
0.39962551264839663 -0.17535682336430264 0.11505534324563749 0
0.4000163499063294 -0.17550133779230873 0.11479326218969957 0
0.4000988833510624 -0.17547090795561665 0.11511485059638046 0
0.39996690731174855 -0.1753933354942437 0.11511449234468649 0
0.39925943062486097 -0.17535531569985938 0.11476455209708407 0
0.399193583528225 -0.17535785368410833 0.11484974461878016 0
0.3992891650899755 -0.17538357128468668 0.11487592104752249 0
0.4000263931115947 -0.17560985942669666 0.11505430476378345 0
0.39994090456774345 -0.17565740547622744 0.11515517551463028 0
0.39925441482221785 -0.1835776800611414 0.11366268046363036 0
0.3990131407618557 -0.1911811856052939 0.11477721685230304 0
0.39906339517362166 -0.19138854991368381 0.11499563099759946 0
0.39915958883398206 -0.1913758725097135 0.11497058467912326 0
0.39967515044342156 -0.19156065674229822 0.11483980640044382 0
0.3996389036224734 -0.1914964459080308 0.11485704821310289 0
0.39958123905190474 -0.19143847163999161 0.1148785068172062 0
0.3991728766453102 -0.19117104539721297 0.11501505995087007 0
0.3992850151785126 -0.19108556519402314 0.11501601116975348 0
0.399461898348231 -0.19093154315602967 0.11500303620549579 0
0.39992351460188247 -0.19110797065602883 0.11496425683674653 0
0.39994981785231937 -0.19103286496452393 0.1151627782806085 0
0.39948460918235973 -0.19078022864498956 0.1151332975963454 0
0.3996282468948101 -0.19098628435893994 0.11530437583084974 0
0.39960327113918875 -0.19110985929811997 0.11491339491033085 0
0.3996981963978666 -0.19124549255163337 0.11496734928154127 0
0.3998578891488239 -0.19119597666935179 0.1149925762806141 0
0.39993585441889223 -0.1913337829988609 0.11496271907443509 0
0.40007464220362954 -0.19157978612147814 0.11481334305205068 0
0.4004414143996791 -0.192079179472103 0.11519356333200434 0
0.40045769913086326 -0.19218345040941293 0.11503123280448084 0
0.4014168180858374 -0.19279033076465107 0.11657483197821965 0
0.4009855383105228 -0.1922443706636791 0.11504618602375134 0
0.40073226177377314 -0.19201857308219716 0.11468900373051227 0
0.39979829948118456 -0.18666884914915538 0.11552910376635157 0
0.39966383264418315 -0.17922911485186221 0.11504636539350102 0
0.3993388084927627 -0.17881732263050382 0.11470718023750422 0
0.40033482991135805 -0.1833347316805785 0.11523829782794429 0
0.3988309603977858 -0.1980059595556335 0.11348257901599412 0
0.39963674255346493 -0.20025255317938756 0.11522081840715132 0
0.3982625714077201 -0.20309835076557448 0.11572629078698955 0
0.3997792850085266 -0.20546214650518616 0.1294383046470349 0
0.39957609628868046 -0.20527812721781186 0.1297114225051236 0
0.39949169373427124 -0.20515665311299136 0.12911121421442398 0
0.3975437480773196 -0.20302616664089765 0.10982031770489685 0
0.39624757590651094 -0.20144950171470194 0.09481778928591944 0
0.3954772287966532 -0.20080808310061843 0.09075636183287013 0
0.3955689362298576 -0.2007535922284724 0.09078969152942541 0
0.39570266635698903 -0.2005183427756505 0.09079270156580493 0
0.39718154567862235 -0.19776537355192636 0.08877411285747758 0
0.3990645432086276 -0.19512418149788882 0.08968298227304182 0
0.3986665786251288 -0.19404791426382229 0.08872364284017233 0
0.39835913723816396 -0.19061413987886056 0.08859139399353819 0
0.398073308558376 -0.19025882794124718 0.09153363132475381 0
0.39834314154687867 -0.1902838781992327 0.0931924439000021 0
0.3982523933749917 -0.19020950601542677 0.0931495922448861 0
0.39821877124020577 -0.19019133726511084 0.09318088679062055 0
0.39777708378965976 -0.18997927452457092 0.0933578726717515 0
0.3977833924168355 -0.18999513480891472 0.09337630242471963 0
0.397934251484218 -0.19007109697651048 0.09334189603159881 0
0.39839329542015356 -0.19034056714526992 0.09327186638112261 0
0.3983576994436379 -0.19032980563690746 0.09330378944874812 0
0.3983173909927988 -0.1903169742256603 0.09333221801472207 0
0.39779156772220986 -0.19006586277069296 0.09353922174015045 0
0.39879733405463025 -0.19004394056361362 0.09429851780357262 0
0.39854697446869913 -0.18965368140333833 0.09334879978406019 0
0.39837206698943833 -0.18996416702535981 0.09337109268375604 0
0.3983300279041358 -0.19006694759992548 0.09384967078044963 0
0.3983134087575485 -0.19017005018286057 0.09354879295187656 0
0.3983651279878128 -0.19003431350814953 0.09352319910353925 0
0.39813834175634355 -0.19002391865242335 0.09337229071060706 0
0.3981438934670632 -0.19011462703892867 0.09358940950272404 0
0.39823641929755804 -0.18969462151222888 0.0934632755563997 0
0.3978908079907751 -0.18023109910916896 0.09402869584899537 0
0.39803380951987716 -0.17649384259915185 0.09357323904938906 0
0.39673619680088806 -0.17624872827954746 0.093508783650357 0
0.3934332023594662 -0.1844778305180006 0.09336952577611915 0
0.3930361788694036 -0.19952547104613066 0.09329788919342658 0
0.3913499815426567 -0.2089014496996957 0.09289378594214676 0
0.3870933083124113 -0.20953241521619734 0.09445762569784646 0
0.3813394258310803 -0.20484050716050084 0.09439279551513641 0
0.37717061355828185 -0.19765354410880875 0.09423186657038872 0
0.37139732697964717 -0.1896100691709644 0.09406685884941766 0
0.3701764682254296 -0.18681785393895164 0.09365349514437067 0
0.3704167536042877 -0.18922689204277499 0.09324892747553441 0
0.3701854990382928 -0.1913374751918424 0.09341041641258599 0
0.3687410867533983 -0.1918292116368462 0.09353545958411914 0
0.36598242635385847 -0.19308258035168552 0.09404380344661595 0
0.3618887617674045 -0.19742346999694688 0.09371765194887949 0
0.3585311247309547 -0.19774754164267852 0.09382961597157215 0
0.35746748101103804 -0.19797155480876355 0.09382829549997104 0
0.3575665041428458 -0.1981977601131147 0.10799310136856556 0
0.3573551252224808 -0.19813058311135812 0.12742606970046805 0
0.35733630830002 -0.19778689904935848 0.13104926491053104 0
0.3569011493884722 -0.19740547132166952 0.11417536637485928 0
0.35680401070275336 -0.19747879442538657 0.09713623553082705 0
0.35734551536029835 -0.19826290668744243 0.09606345721744135 0
0.35739160327680647 -0.19822455168272232 0.09607357264462113 0
0.3574081996015451 -0.19817374076012795 0.09607541774710084 0
0.35741724561810045 -0.1981399995582758 0.09607792902945754 0
0.35751732137182285 -0.19794676120451005 0.09608377681123975 0
0.35751175033313626 -0.19794328907620673 0.09608387941767944 0
0.3575050495559574 -0.1979407260421171 0.09608660345061881 0
0.35750241994381426 -0.19793794361645803 0.09608835255074082 0
0.35749821058670994 -0.19793756689825037 0.09609095757837258 0
0.35749249134589717 -0.19792889359521842 0.09608677860971013 0
0.35748808020485234 -0.19792695255948006 0.09608552008064591 0
0.35748044239248444 -0.19792198604973837 0.09607984374975968 0
0.3574761456956479 -0.19791306288945407 0.09607729296719214 0
0.357475837014926 -0.19791356951693956 0.09607924074939819 0
0.3574676831644587 -0.19790844975567834 0.0960741568096619 0
0.357462848863983 -0.197907992012412 0.09607263140516366 0
0.3574632490682004 -0.1979081436541678 0.09607373746548649 0
0.357461114848881 -0.19790396738890464 0.09607054927082842 0
0.35746213463317755 -0.19790627469023345 0.09607331531560064 0
0.3574624435842317 -0.19790560766475151 0.09607437358826186 0
0.3574615471694506 -0.1979059845082275 0.0960710785065973 0
0.3574621333459913 -0.1979083504097245 0.09607204215954991 0
0.3574618490118805 -0.19790349281623726 0.09607120483324438 0
0.35746169863341354 -0.19790977415419475 0.09607535333539594 0
0.3574599048176067 -0.19791037897874825 0.09607258489435387 0
0.3574604637753148 -0.19790897689769366 0.0960719872139819 0
0.3574617425135729 -0.19790866014382918 0.09607220897238303 0
0.357459343505248 -0.1979088061161005 0.096074411087158 0
0.3574611615982681 -0.19791402883070958 0.09607683276027336 0
0.35745852328671296 -0.19791255724221052 0.0960717232061226 0
0.3566975896228095 -0.20506161777211784 0.09620462386986238 0
0.35429432663607374 -0.21609424923162157 0.09590448181169434 0
0.3570732228310142 -0.21029405020529623 0.09576427863628473 0
0.36463381320277916 -0.19569786628559138 0.09623610456549066 0
0.3620944318190542 -0.20712763466593503 0.0951365797701246 0
0.36256168591392124 -0.19948795936926816 0.09698068029907947 0
0.3647869198039868 -0.20046129823259043 0.0966096469648634 0
0.36295343249050294 -0.20243805576583324 0.09602067487208885 0
0.3644778764086399 -0.19409579976671792 0.09682202706621262 0
0.3637140837245947 -0.20380794421481113 0.09493422521555146 0
0.365261139590057 -0.19356043818214164 0.09680374886351091 0
0.3655766108934624 -0.20550447431457083 0.0951397728017693 0
0.36753709912105526 -0.19439921003664506 0.09721603607385465 0
0.36574852847174866 -0.20456480994835818 0.09560378622698726 0
0.36625098693065095 -0.2014072606239797 0.09661148756493908 0
0.3644290638249513 -0.20862118895078072 0.09588503053216187 0
0.3655028006266522 -0.20665726112000882 0.09646411157942578 0
0.3620165407561972 -0.2137521920698314 0.09598984180875478 0
0.3609308004395574 -0.2122600574045218 0.09606727158550592 0
0.3617018979478838 -0.20675894850196141 0.09694272560416137 0
0.3574236719660767 -0.22465899504761333 0.09537021322647521 0
0.3641411156179189 -0.21345824478113556 0.09720417378220303 0
0.37297957789013897 -0.19478853183850514 0.09657478054630925 0
0.37350555776233274 -0.18799290748416314 0.0961408106860937 0
0.37271355906163234 -0.18743921119735973 0.09616151141899545 0
0.37476339162693684 -0.18805934098102658 0.09652505093933879 0
0.3957640691692923 -0.1881242077784861 0.0956512092488705 0
0.40353771791098764 -0.19775537093877424 0.09510937416066352 0
0.3970234436479199 -0.20044233713708748 0.09511671072967195 0
0.3825658571548292 -0.18842164847294657 0.09667140803566746 0
0.37675833040776274 -0.18556441329193582 0.09601766503587844 0
0.3764328121495386 -0.18503410534479933 0.09610855923350727 0
0.3758257640386913 -0.18586222231805 0.09612624156743135 0
0.36716749104085666 -0.1948360294562861 0.09625700862810961 0
0.36573978476557667 -0.19550623237675402 0.09590541964329788 0
0.3584456338825525 -0.19738329537353022 0.09629505867132374 0
0.3531939264691662 -0.20160292722483364 0.0965636073580257 0
0.35232045757767405 -0.20177901612016833 0.09635973983869517 0
0.35233778482680905 -0.20177156075791491 0.09624002051926121 0
0.35245781423207967 -0.20192115481876197 0.09620526278909182 0
0.3525204477183299 -0.20197730449864731 0.0962459406980875 0
0.35255301047938387 -0.20195109922789628 0.09624630207567512 0
0.35259669861991955 -0.20188694731039075 0.09624648292275066 0
0.3526848057560181 -0.20173507453865747 0.09624606143211678 0
0.35274878926139575 -0.2016281982012747 0.09624634701148573 0
0.3527435090525459 -0.2016247066218398 0.09623733448822702 0
0.35274287888467853 -0.20162646409906015 0.09623863375090845 0
0.35267911695488885 -0.20143026295357613 0.09614193447374228 0
0.35278663943198246 -0.2007258636372506 0.09588298306530496 0
0.35287668183132426 -0.20059845368578227 0.09621214540369386 0
0.35259283022618365 -0.19979480917021653 0.09656347369704181 0
0.3529479684557737 -0.1997223126832511 0.09636347834557865 0
0.35292359645487875 -0.19971759543204554 0.09633538353598363 0
0.35291221765521497 -0.1997040973520795 0.09629885355674377 0
0.35250891090399883 -0.19955371794346324 0.09647646936270939 0
0.3524514292692019 -0.19932022469980978 0.0960471811831098 0
0.35278154207386064 -0.1992935448975911 0.09592172253005611 0
0.3528952378667707 -0.1991494917582463 0.09583480852092494 0
0.35282045381670235 -0.1990242458417496 0.09610056148336515 0
0.3530057391937508 -0.19919126488887218 0.09637161855875578 0
0.35281946686028426 -0.19926731322842053 0.09619638948351956 0
0.3528038075698092 -0.19903150215861473 0.09614946571265526 0
0.35312578955035545 -0.19922198568918106 0.09656452831107148 0
0.35294514183340037 -0.1992311822523402 0.09671219727580885 0
0.35289080000407336 -0.1992364526348662 0.09675535147140092 0
0.3528534728530808 -0.19911321896910383 0.09635728372031391 0
0.3527592229454223 -0.19895775136025073 0.0963490124628066 0
0.35304020390801477 -0.19918335845974233 0.10844016386302735 0
0.35337851073250987 -0.1996887171033813 0.12481283200446883 0
0.3530987948300185 -0.19929649981481656 0.12621170824728156 0
0.35240236001978004 -0.1985182008342183 0.11684375228461413 0
0.35271611148276966 -0.19777511543428644 0.09834465462153975 0
0.3528935071213287 -0.19807738748037618 0.09809703083112925 0
0.35308428336406467 -0.19941897693029387 0.12010768074032036 0
0.3530681759374066 -0.19991149417662668 0.13738706760253636 0
0.35218024425210165 -0.19847669533994144 0.11986401601996713 0
0.3525561042080534 -0.19774440298619594 0.1012520136209485 0
0.3534482830526977 -0.1996724950950716 0.1182830930183773 0
0.3532640954883738 -0.19985367632715706 0.14080736332784016 0
0.346054649284365 -0.18722333788243423 0.14700894523953345 0
0.34433587531891474 -0.18729628260491604 0.14724826454621565 0
0.34777046814441837 -0.20888644181178437 0.14629918523870106 0
0.3550087009478179 -0.22009262284991254 0.14661788342990556 0
0.3738398259918535 -0.21522776237525715 0.14659203026499873 0
0.38817065752009106 -0.21237275888004992 0.14640073861356465 0
0.38939415890338086 -0.2130533583136187 0.15611462815257143 0
0.3890900977646089 -0.21322127084392872 0.1746619428828744 0
0.3885072095236292 -0.21245768995561998 0.17457413652648257 0
0.3886009182177417 -0.2123133410943397 0.17452240249153678 0
0.38864751020539534 -0.21232756719442208 0.17448250244726107 0
0.38884157152684184 -0.2126889597796443 0.17381021453295714 0
0.3885003185873302 -0.21293353903052534 0.173890620662775 0
0.38881768121273064 -0.2125827070226809 0.17408394954054718 0
0.3887477272217243 -0.21241272849288428 0.17451122939800257 0
0.3887446340935729 -0.21241396173567068 0.17449043870351955 0
0.3887452736886043 -0.21241493532782021 0.17445933159550953 0
0.3888854476309508 -0.21306136983178223 0.1740687198451541 0
0.38865228410294217 -0.2128485489646927 0.17412957242727659 0
0.38870397306248466 -0.2125077963323331 0.17451542136317233 0
0.38875873726926624 -0.21250037548391992 0.17484639190160703 0
0.3880828160429062 -0.2118843816744394 0.17453228921588093 0
0.38715796541101505 -0.21043677221163767 0.17513546982589112 0
0.38599711931683117 -0.2091607302306961 0.17599605967178414 0
0.3852737304473266 -0.20776654269323935 0.17734422083297918 0
0.38475434254051716 -0.2073384432783943 0.177020059290041 0
0.3848310384717398 -0.20737416508729495 0.17691761885967155 0
0.38495193786333204 -0.20744281446882634 0.17671436144106498 0
0.3863261413246495 -0.2035382608066963 0.17595300109041842 0
0.38669397274647466 -0.18702764266091848 0.17706165770508092 0
0.38656876818043506 -0.17605778817354303 0.17611852882768764 0
0.38644439809582376 -0.17428276508557258 0.17546640786524514 0
0.3850517947043369 -0.17711227840215973 0.17573053939795275 0
0.37475647879878315 -0.17797427374236174 0.1761953987404339 0
0.36479795421625716 -0.17840385983119159 0.17619838367509955 0
0.3581623267191703 -0.1784454971799318 0.17593646079730163 0
0.3551132099874725 -0.17867158675073014 0.17603656573784737 0
0.35468959496724367 -0.1785973472065756 0.17617061436105647 0
0.3548369968273391 -0.18566309911674583 0.17579557853675296 0
0.3521015582055502 -0.1940707132763055 0.17621927409897667 0
0.3458888770143129 -0.20049769338702617 0.17649305682073838 0
0.3407490295241755 -0.2052244647158462 0.17616380783807759 0
0.3375216211833194 -0.2083836660356567 0.17626033696255156 0
0.33753849694291854 -0.20835455884991133 0.17626151592680914 0
0.3375659557392505 -0.20831473525896455 0.17625670243077823 0
0.33760085458619815 -0.2082555129659725 0.1762558732539113 0
0.3377212474917083 -0.20806226385174315 0.1762536919673765 0
0.33773503842190933 -0.2080382408536726 0.1762535386776664 0
0.3377434305267428 -0.20802346063101768 0.1762534065333751 0
0.3377485174490083 -0.20801808058720345 0.17625212176175603 0
0.3377408661054173 -0.20800615111001602 0.17623677531687554 0
0.33453974748809423 -0.20759631613093968 0.17599242300899653 0
0.3292560976867899 -0.2108273574249907 0.1762015290267641 0
0.3249040273904652 -0.21411018838412954 0.1762248152529366 0
0.3233877334688414 -0.21786254027777957 0.1758688804180561 0
0.32342541725440294 -0.21829182353068016 0.17620236113129492 0
0.32342415411297254 -0.21829182607613234 0.17603099143020728 0
0.32343636281150195 -0.21829125310391434 0.17603666730221995 0
0.3234443556848255 -0.2182825672198523 0.17604479510963772 0
0.3231843538650969 -0.21894687862266446 0.1760203806113223 0
0.32311511312450597 -0.21865748124785953 0.17636127993725925 0
0.32324430974507823 -0.21843944892663275 0.17621191387621654 0
0.3233720306593955 -0.21837905510553682 0.17596779509814037 0
0.32326249930150674 -0.21805289869117547 0.17609354607731903 0
0.3233145897775674 -0.21831083938534313 0.17653036594457125 0
0.32333214273616395 -0.21828629280652287 0.17648011643107478 0
0.32333929211685947 -0.21826353020983602 0.1764142723712616 0
0.32404767194474715 -0.2162418758483169 0.1765351547148391 0
0.32393983807287063 -0.21558137466582478 0.17580488955160556 0
0.32357636468439094 -0.21447359136602648 0.17627691773380316 0
0.3230748368995405 -0.21425282979610963 0.17672690849054135 0
0.3230876371080969 -0.21423921531136841 0.17676876441706085 0
0.3231149059463919 -0.2141702160977428 0.1768129124421005 0
0.32312096253796896 -0.21417956796530327 0.17681662205264267 0
0.3231232360236031 -0.21419285185853665 0.17675655990928657 0
0.32312350916759164 -0.21420204084019712 0.17675710495620078 0
0.32312149272751406 -0.21420813953785767 0.1767543353691009 0
0.3231239241985924 -0.2142126344859083 0.17675080022548084 0
0.3231219198653383 -0.21421329787229532 0.17674356669129687 0
0.3231283792728799 -0.2142119369930715 0.17673259021308393 0
0.3231255617386518 -0.21422645015193173 0.17668018128278418 0
0.3231316170746072 -0.2142174736737893 0.17666986129179368 0
0.32312688879509327 -0.21422508509814336 0.1766717872768399 0
0.3231268461608258 -0.21422558523077473 0.1766725473295781 0
0.32312713111848823 -0.21422294971286754 0.17667297266798968 0
0.32312567963451383 -0.21422550064085172 0.17667180635675775 0
0.3231242045569091 -0.2142277509288974 0.17667361116755936 0
0.3231187975929671 -0.21423068150683786 0.17667311649528894 0
0.323121635755852 -0.21423284318138236 0.1766747616596136 0
0.3231208513798878 -0.21423560417410067 0.1766775998584144 0
0.3231202834535324 -0.21423047894282432 0.17667626869654204 0
0.323125188476812 -0.21422689898243166 0.17667907380844575 0
0.3231214262637268 -0.2142330835919543 0.17668105342935658 0
0.3231205861767407 -0.21423304376326235 0.17668295404070533 0
0.32312301977540503 -0.21423151773708565 0.1766843697185187 0
0.32312216278068806 -0.21423331583854727 0.17668514298083096 0
0.3231223615461025 -0.2142302589472962 0.17668465071523975 0
0.32319293207580413 -0.21424863123836208 0.1766898154578588 0
0.3413012029151728 -0.2124881761412804 0.177803528445784 0
0.3704244742433543 -0.19664383153040954 0.18203864783826518 0
0.39859036633915623 -0.17985881171100132 0.19216281226372178 0
0.42554721391750355 -0.16074782710545424 0.20825847593070973 0
0.4498862068743121 -0.1394884931498162 0.23169068453170324 0
0.47051020744078004 -0.11487537388455171 0.2583968443363378 0
0.4867332826434603 -0.08748074033455154 0.28516256292467546 0
0.4983988157050302 -0.05855606145408099 0.3105532981329419 0
0.5047990861113998 -0.031223256267071522 0.3328481043031707 0
0.5072625054892486 -0.0035694959487557604 0.3540659440034515 0
0.5061146955050178 0.02398228364023594 0.37386268916047255 0
0.5003070423567807 0.05439619610295433 0.39538279077780514 0
0.49158713011034205 0.08072316753390194 0.41259236954059325 0
0.47786064697083136 0.10830333676047897 0.4308734968934263 0
0.46181909355767464 0.13307386489361342 0.4447873069733893 0
0.4492407173454259 0.15236738492552557 0.45080470536112627 0
0.439757278418084 0.16920046810382078 0.45273559703747474 0
0.43314284456088364 0.18615958126478585 0.45170119266636566 0
0.43315898393479485 0.1956785321931077 0.4484431611629596 0
0.43830739805812013 0.19500033417194032 0.4474629269084759 0
0.4384534255537128 0.19442850056566213 0.44712703253928665 0
0.4378048616704445 0.19474906577005452 0.4472421832207352 0
0.43807323130786197 0.1943738035994797 0.44762493458182495 0
0.4382469606058683 0.19402945109286837 0.44785901617654783 0
0.43840355387839 0.19354212220480443 0.44735424258078704 0
0.4390107043409659 0.19258799368247592 0.4473857381420416 0
0.43891696097674826 0.19268386086659803 0.44742137498333007 0
