0.4387163006718521 0.19350151888182265 0.4476596937744341 1
0.4387182951765624 0.1934989657238867 0.4476610149142226 1
0.4387159872127188 0.19349915180526794 0.4476611294856368 1
0.43872054400448407 0.19349643651539267 0.4476577935798571 1
0.4387182354381005 0.19349934138327027 0.44766095925644006 1
0.43872085072021927 0.1934955599860182 0.44765436789217844 1
0.4387207442413451 0.19349502448166844 0.4476611605842818 1
0.4387198801065782 0.19349909802049692 0.44766011983182297 1
0.4386425060658218 0.19352455440588012 0.4472857903143639 1
0.438460219213143 0.19390393785304005 0.43233777351650876 1
0.4388044741749082 0.19345709493395763 0.42085113926052303 1
0.4384594235541554 0.19343796753079268 0.4194129689359292 1
0.4387681834614045 0.19345217538002285 0.40393013917027604 1
0.4387586750982124 0.19349178347407342 0.3813677503328944 1
0.4386780081238265 0.19340327589466683 0.36123653792604227 1
0.43841064825302783 0.1934266209025197 0.3389631960891686 1
0.43825791899520056 0.19352456065326085 0.3347056739937337 1
0.4382814400795769 0.19352454572664965 0.33479572251635636 1
0.43839699396287046 0.19356012476981582 0.3352465828398032 1
0.43847616540237433 0.19372536527594802 0.33541949665376414 1
0.43860370981483066 0.19345221033701426 0.3354637342921691 1
0.43856632137189466 0.19341274420406623 0.3354681398063644 1
0.43847635585689493 0.19262075432209436 0.33434237464432126 1
0.43836517526987556 0.1926746286873799 0.3346409768441621 1
0.43843172274419173 0.19285540612453286 0.3347193705980836 1
0.4385339954311024 0.19314891349994745 0.3350967224718628 1
0.4382092469238771 0.19344777863644302 0.3352593362895987 1
0.4397671154026468 0.19490351117295998 0.33634596028524494 1
0.45485093164057766 0.1971373807110294 0.3346422675998277 1
0.47653389316069206 0.19722475539855241 0.3344143259061582 1
0.4810912743453534 0.19702691499471653 0.3350378591671402 1
0.4678153258705523 0.19778561357158447 0.3373146397268296 1
0.44707394989934945 0.19784683298336916 0.33656389267872 1
0.42432562558566284 0.19764125953556896 0.33574747722452325 1
0.4043569335827316 0.19716268846428203 0.3356568870133792 1
0.38190174403325394 0.19702314883446748 0.33536002631782863 1
0.358965333073683 0.19714715745786632 0.3350368583040256 1
0.3390175624812308 0.1972849808720877 0.3355692513670627 1
0.3167873960109666 0.19704918910157537 0.3355745106571605 1
0.2941872927125959 0.19719820238364605 0.33585044893751553 1
0.27158685971867774 0.1971403504350775 0.33566355329459135 1
0.261947963084043 0.19716915066769714 0.3348043094194544 1
0.26235756181216785 0.1968140554732663 0.3354267967779597 1
0.2627243275901034 0.19712298722175675 0.3357823480314298 1
0.26275914829571734 0.1972046114116104 0.33582938186728695 1
0.26277022049108556 0.19707812227896693 0.3358346987962335 1
0.2630572288706474 0.1969256546706772 0.3361509126890296 1
0.2630146826311047 0.1969273203158678 0.3358731136664148 1
0.2629781857584185 0.19693769114203497 0.33582690250012076 1
0.2629405553471176 0.19695119525015597 0.33578420221081523 1
0.26255056494681656 0.1970534890280467 0.33534008339244126 1
0.2625650918962972 0.19705298643610286 0.3353726396953909 1
0.26298410523209426 0.1969578313255277 0.3359296200706287 1
0.26295265717096894 0.19697302506852807 0.33595173387477223 1
0.2627893875238851 0.19744043296888156 0.3358946675171298 1
0.26295759194898183 0.19729994125824124 0.33625222074786604 1
0.26307404576297433 0.19709585532408785 0.3357805559999338 1
0.2636916269376162 0.19642047828936782 0.33621176802150826 1
0.2634021131316151 0.19660215203707626 0.3359744132985917 1
0.2634312281219995 0.1966735656225319 0.33617247417863544 1
0.26330779705044827 0.19695389669108934 0.3360521139527668 1
0.26273222551141934 0.19710827708481202 0.33590733147893337 1
0.26274193854259353 0.1971668028624763 0.3355948812928276 1
0.2631974703228197 0.1970506687081614 0.33626368468089896 1
0.2632731502126123 0.19708353423329678 0.3363152905956623 1
0.26269180940131087 0.19732592324122672 0.33613838982794547 1
0.26276294667518385 0.19730016285151403 0.3361388815635029 1
0.2653870982491477 0.19721717347733606 0.33637896183277394 1
0.28267935363723756 0.19707796344961143 0.33589857419229247 1
0.29896967034350913 0.19688038803970903 0.33592087347213817 1
0.3001482347409193 0.19707515278283716 0.33585504199840943 1
0.287471684164867 0.1972304643109705 0.3363239607067984 1
0.26896459955343655 0.1973509663886149 0.33648917134567463 1
0.26513372795771906 0.19734967802183379 0.33611390436992783 1
0.265108956344209 0.19733270901872663 0.33604861044618317 1
0.2651980988904201 0.19724789408082286 0.33602244235668877 1
0.265240698813996 0.19722673536698038 0.33601377964777634 1
0.266233430504199 0.1966641094423242 0.3358587267452517 1
0.2662984167301231 0.19664857027287602 0.336343613859762 1
0.26593579137537626 0.1970285459714228 0.3363422170381567 1
0.26492907592359044 0.19753871171993198 0.3360094037086844 1
0.2645118519806101 0.19774286084370124 0.3359579693563471 1
0.26477192304208946 0.19742806728678092 0.33618265233631095 1
0.26529673674147414 0.1973023622567894 0.335943246660137 1
0.2653000926381559 0.19723693649502744 0.33609842459971817 1
0.2651848004056125 0.19727570774424336 0.3361351018717375 1
0.26532905200063517 0.19718983795027883 0.33617352658891286 1
0.26233384425921163 0.1971402658428859 0.33556003400303913 1
0.24164431462896388 0.1972464966952169 0.3363330069376879 1
0.2303662495868607 0.19730927318642627 0.3363793501136906 1
0.2451906265395603 0.19727158356839958 0.3363111258831806 1
0.26510405180537455 0.19707723326227072 0.33567579327267516 1
0.26783025855111603 0.19695043815087196 0.336014302750809 1
0.2679630047103782 0.19696537051490337 0.3361289874446865 1
0.26793916268110596 0.1969929745371684 0.33613613433862394 1
0.26848077156275785 0.1968005859647039 0.33094700015252954 1
0.26844418505460604 0.19682053770183328 0.31185149933122563 1
0.2682617546987816 0.19695526417030457 0.300862038874514 1
0.2679935550710141 0.1970649273585818 0.30099968368701296 1
0.2674618779055643 0.19724993063016735 0.3008860227403121 1
0.2676012379911368 0.1972361284983512 0.3008678460832028 1
0.2683271716899477 0.19727502342965048 0.30042701853925874 1
0.2682532986701166 0.19727064995376747 0.30047027883217575 1
0.2681704612801652 0.19723967661090508 0.300564297526364 1
0.267940152054177 0.19708981843056955 0.3010151062160975 1
0.2673633148259959 0.19725031495644427 0.30088745704291997 1
0.2674906163137551 0.19723461853992225 0.3008598369192537 1
0.2681047366629814 0.1970891346343148 0.30092101470743077 1
0.26819501672232016 0.19725872863623942 0.30047466481876883 1
0.2681432981134327 0.19724185984983178 0.300534677275106 1
0.2679041785674596 0.19706527086824038 0.30105622491028083 1
0.2678638980999687 0.19709055543482687 0.30100595069065533 1
0.2681038615621662 0.1969768356552608 0.30075794776264514 1
0.2682544324854053 0.1970101314604411 0.30072014926472224 1
0.267713418534309 0.197110959011416 0.30105980550212785 1
0.26731272927986455 0.19765931350121624 0.3003527543480335 1
0.2668474672556606 0.19775641667644392 0.30056042234504876 1
0.26725563576698896 0.1975550411652052 0.30063999667620256 1
0.2683797495316487 0.19667982850299617 0.3006990978952122 1
0.2682147941145334 0.19657998145601968 0.30066016681403884 1
0.26796530605119906 0.19695808969627163 0.30095187621872066 1
0.267994384672397 0.1976825934960028 0.30108408370272366 1
0.2674354029308292 0.19779050989708485 0.3009649085020104 1
0.2676742651470553 0.19740972391816008 0.30088162871146895 1
0.2679492164646376 0.19723847197473426 0.3007723262881963 1
0.2675986509513995 0.1972881350360921 0.3007201802386796 1
0.26757050470032706 0.19722602574039344 0.3006247293438125 1
0.2678576779885599 0.1970799294605845 0.30093028019390783 1
0.2676723615685388 0.19701514743999252 0.30074093792942913 1
0.2671601164996204 0.19710868062343329 0.3003319297093757 1
0.2676666545600329 0.1967613200075562 0.30059030130402475 1
0.26766185186156477 0.1964094627727156 0.3002719003672627 1
0.2672509268403122 0.19658176480449135 0.30007028718943174 1
0.2671616274405302 0.196754286877056 0.29971091834729097 1
0.2672807337227034 0.19697232042994772 0.3000426016557032 1
0.26835505460186565 0.19704293588235278 0.30075216261583787 1
0.28584891109592775 0.19706759621724862 0.3002176280750088 1
0.30549612991855996 0.19713973490940767 0.299919015757789 1
0.31210576717837374 0.1969823859913793 0.3004375010276439 1
0.30351845011796846 0.19768503934314513 0.3013478492398805 1
0.2845787847596367 0.19771203444074387 0.3015345021848202 1
0.28205386698778656 0.19789527462537304 0.3004609227816106 1
0.28257107004318094 0.21526576722277774 0.3009027618453386 1
0.28237304782357825 0.23258945968491523 0.3000667020086008 1
0.28208985562045175 0.2343484552194195 0.2999628908558772 1
0.2819692279524112 0.23439832254292595 0.29995871977212374 1
0.28156308724298595 0.23449792312222223 0.2997635763468794 1
0.28143727272473784 0.23455542269766225 0.3003558717506843 1
0.28210664633651394 0.22344885993082292 0.30009984167109993 1
0.2803148865156919 0.20189919935103023 0.3007584400440281 1
0.2804309833622442 0.19488399600109896 0.3005501852521256 1
0.2895769782950749 0.19411236130190507 0.3004407159966282 1
0.31191492555411826 0.19452543430173586 0.3002088106280657 1
0.3249806330899398 0.19506027832135853 0.3004809765203694 1
0.3158443500233595 0.19689581708771164 0.30082899042054756 1
0.29573405051815205 0.20174557385232605 0.30097147987725587 1
0.28207314192794125 0.20490066811507182 0.3005254696017956 1
0.28127362154893704 0.20516909737075212 0.3001369038554959 1
0.2812147808724822 0.20524160119088986 0.3000959341566369 1
0.28177732584207804 0.20565902056704513 0.28172669429041497 1
0.28208559347594964 0.2053751047966611 0.25937886109753144 1
0.2822541746055057 0.20503308614357324 0.23896285291011787 1
0.28201740699388345 0.20484088268508693 0.21640328497262568 1
0.2820956123966741 0.20483588975325479 0.19378010460276487 1
0.28253786337124265 0.20458558618536704 0.17439808376754035 1
0.2826364161611501 0.2046043726852864 0.1662152189368876 1
0.28265201144654417 0.20460915267753682 0.1662333493237287 1
0.2825535656960105 0.20470917034499142 0.16619153417329477 1
0.2823185511142849 0.20499126776823806 0.16615915021758215 1
0.2822911874516577 0.20500719401593165 0.1661257722285671 1
0.2822565407725646 0.2050148042899398 0.16609394065759733 1
0.28198572582121734 0.20508888783171408 0.1670113833159201 1
0.28152582420966016 0.20539654762077025 0.18773526029986737 1
0.2814262484425826 0.20530868411592895 0.19551429069609286 1
0.2814680106943936 0.20521011385292504 0.19568109031556813 1
0.2814764022814322 0.2049668267662879 0.18613018590807814 1
0.2818419104824746 0.204784078417847 0.16976152470716765 1
0.2821088468506142 0.204740724624919 0.16892072740195802 1
0.2822629972012348 0.20477014654058157 0.168903321349922 1
0.28220507996171756 0.2048523549875845 0.1688319217393896 1
0.28220097128389277 0.20507774166035464 0.16958741570623861 1
0.2820466402523924 0.2053180614609511 0.18794717461995586 1
0.2818417227225276 0.20525419548249052 0.20085630486025674 1
0.2817574730654353 0.2051889102201419 0.20100978793227997 1
0.28184923091221825 0.20506091275560331 0.20104275003622274 1
0.28185613266708043 0.20504759408312812 0.20106921968963537 1
0.281861226189974 0.2050428362404681 0.20109876066695642 1
0.2818510863718117 0.20504288870315585 0.20107925926496742 1
0.2744546208146229 0.20534845748188119 0.20160822906238246 1
0.25905091488513143 0.20535708278251663 0.20120902220188364 1
0.2571575928692464 0.20528179590907103 0.20140711959814037 1
0.25709262632984653 0.2052543775062557 0.20130359355225166 1
0.2571875484787849 0.20522309295344815 0.20128935678611998 1
0.25786951102108474 0.2050137214902693 0.20123643461997454 1
0.25779983452032784 0.20503000370537505 0.20124098836412976 1
0.2571755998221171 0.20523325808637055 0.20129645385425535 1
0.25735285206133385 0.20519616913613545 0.20130465871736145 1
0.25899832516109345 0.20712182808278984 0.20105485535230933 1
0.25914478878688385 0.22377781214277043 0.20153792262464185 1
0.2580041186042321 0.2292196062637083 0.20102205372620457 1
0.2573551208173327 0.23117155242022708 0.20097139876798523 1
0.25760957698650355 0.24672087954178323 0.20065907561568358 1
0.2572591910251797 0.25937551638517375 0.20104034608189886 1
0.2569303948136826 0.26095979748512144 0.20086530780797868 1
0.25712075467080453 0.270535027362791 0.20144529184886448 1
0.257526824657021 0.2871252216670399 0.20092979615977308 1
0.2573251809635668 0.28882743817514367 0.20101349261685053 1
0.2572828539391936 0.288846936017528 0.20103667076777204 1
0.25677609388487244 0.289031657049696 0.201115456952428 1
0.25706797249053415 0.2888635885222202 0.2011478724798505 1
0.2571511162021271 0.2888129349828463 0.20113962968323423 1
0.2574132719313406 0.2887662584202395 0.2002120662546079 1
0.2578755415080074 0.28818467353183963 0.17921011820298224 1
0.25829122402684523 0.288127633366927 0.16647454847376922 1
0.25801306930909174 0.28843352621127644 0.16599026805316702 1
0.25832965902228033 0.2879662371278306 0.1542407329143178 1
0.25783900203380883 0.28805579428449263 0.13207690361733582 1
0.2580651276126038 0.2881124282067766 0.11179401466430536 1
0.2580930377111959 0.28820822109661715 0.09708709297053125 1
0.25776223157737616 0.28872128623382354 0.09641151533733644 1
0.2577683484898546 0.2887291995638331 0.09636932681884845 1
0.25790443095126386 0.29084685839681235 0.09552571382397913 1
0.2580894662317971 0.3069970286090372 0.09574746063937696 1
0.2576798123759208 0.31110222232388784 0.0957671922388447 1
0.25743505348676976 0.31148631369576385 0.09593509580280045 1
0.25685194334189054 0.3116526278162051 0.0960733941338926 1
0.2569568109808144 0.31159503567140895 0.09606826644869235 1
0.2570519370814067 0.3115321994607983 0.09606141039462911 1
0.25744110920327445 0.3112365770804755 0.09605130200711944 1
0.25748142421843934 0.31121798463845907 0.09604772010745315 1
0.25750054226629404 0.3112126253692442 0.09604661792321291 1
0.2574967808237091 0.3112172930195798 0.09604600361419949 1
0.2575025057805083 0.311216341409446 0.09604544582758767 1
0.2575083562015344 0.3112167259631344 0.09605002980401633 1
0.25750761199237165 0.3112189391718603 0.0960466137612842 1
0.25750181034732983 0.3112186946844437 0.09604649840447539 1
0.2575058934366123 0.31121930963863953 0.09605110535013191 1
0.2575070701065224 0.3112205272299658 0.09604856644030133 1
0.25750672322598545 0.31122035369081585 0.09604855263779492 1
0.25751191069431023 0.31121751129575476 0.09604733845734356 1
0.2575029450283869 0.31122233593114157 0.0960486391246233 1
0.25750696957644115 0.3112217830082702 0.09604986503312796 1
0.25750475182974547 0.311223946291588 0.09605035084957556 1
0.2575047697979512 0.31122306487985607 0.09604792456173061 1
0.2575075810535632 0.31122239053539735 0.09605081097145242 1
0.25750783754858614 0.31122215738903514 0.09604791471145956 1
0.257514451903198 0.3112197971195765 0.096051919083044 1
0.25750569232167697 0.31122388787570826 0.09605077071764445 1
0.25750513857685636 0.3112243855420833 0.09604832087975479 1
0.257503264630639 0.3112248456773207 0.09605170029235975 1
0.2575070105893129 0.31122357867206923 0.09605035426824599 1
0.2575065197770182 0.31122257247138735 0.09605228917188412 1
0.2575041651586065 0.31122462149251734 0.09605162108085993 1
0.25750733928685887 0.3112226069353739 0.09605095589304208 1
0.25750241332910334 0.31122584752377164 0.09604872567925782 1
0.2575116906904691 0.31122124116728134 0.09605198286908162 1
0.25750447571741786 0.3112234250089709 0.09604918238848183 1
0.2575068036887546 0.3112233293741632 0.09605154638162007 1
0.25750234630040447 0.31122692848534944 0.09604896176623576 1
0.2575019224918669 0.3112256019676912 0.09604734787922484 1
0.2575080154108473 0.3112230210458559 0.09604631865516838 1
0.257503576541084 0.31122558485907764 0.09604812405072863 1
0.25750458253317376 0.31122579659498906 0.09604993416139071 1
0.25750248098098094 0.31122568979857357 0.09604751900922376 1
0.2575083441041023 0.31122204931533 0.09604692027996536 1
0.2575089038107203 0.31122382699101425 0.09604930900183759 1
0.2575060724055155 0.3112243153909066 0.09605280410595754 1
0.25750489454015507 0.31122643583482934 0.09604890077872587 1
0.25750170452988064 0.31122743797612146 0.09604932986751843 1
0.25749993549187217 0.3112284879189565 0.09604778229951284 1
0.25750045985218534 0.3112285586731595 0.09604809759961254 1
0.2575045490018628 0.311225971393056 0.0960509966644532 1
0.2575077399019302 0.3112257785698598 0.0960516430431905 1
0.257626443436303 0.3111769595138334 0.09602864494346451 1
0.25797326482679056 0.3110707103952635 0.09595286004243887 1
0.2573738368854948 0.3112522002148949 0.09608410183950634 1
0.2574172499799634 0.311241958991472 0.09607608056219874 0
0.2574721749662155 0.3112229698165095 0.09606405577556272 0
0.25778914152419596 0.3111276102258427 0.09599725840536137 0
0.25771474093275343 0.31116102199021994 0.09598835187346107 0
0.25738072085555036 0.3112630979153703 0.09603942348408508 0
0.257440974613621 0.3112438554009473 0.09603630815072253 0
0.25749098436419643 0.3112298380698853 0.0960346269514715 0
0.2575137352626336 0.31122125225589437 0.09602587426711381 0
0.2579373166494304 0.3110928634023272 0.0959442374082054 0
0.2574265910251211 0.3112484434284376 0.09604902764073907 0
0.2574610280817319 0.3112364014552669 0.09603519328038522 0
0.25748712962361675 0.31123097827458834 0.09602806618778251 0
0.2576421016198658 0.31117593649341924 0.09593312169517831 0
0.2586459754860245 0.3112260976004233 0.09609451317804198 0
0.25814788627110347 0.3111361939910178 0.09613072325895845 0
0.2580069649143619 0.3111165937181572 0.09611802263954028 0
0.2578023099524147 0.31100310059924374 0.0958925065426019 0
0.2575402106209141 0.31104854054413694 0.09581830684393206 0
0.25730264766724464 0.3109918382591417 0.0958176128109806 0
0.2572842477812697 0.3114444585729359 0.09571797176133673 0
0.2572643775177369 0.3096311677702976 0.09612485875129967 0
0.25974360772022537 0.2894113651889071 0.0962507933926626 0
0.2634300464512334 0.26653494608210504 0.0966548134322266 0
0.26659920389780223 0.24338475447300156 0.09667747229359078 0
0.2688391852284205 0.22329524638904769 0.09666247825077913 0
0.2720098445730479 0.20353810644090792 0.09550534056051646 0
0.2733006128631735 0.19780483402145768 0.09577290438244448 0
0.27472789892684707 0.18321670879256172 0.09611472489661259 0
0.27589048830773344 0.16075776020073632 0.09602983488130812 0
0.27576580800511596 0.14068516561018907 0.09611798690148254 0
0.27577479247328684 0.11809348142708258 0.09619553000262224 0
0.27571745002211595 0.09553655665069095 0.09590374664133797 0
0.2756341136381023 0.07314208934257281 0.09612481396891293 0
0.2756145464566569 0.05058299775706146 0.0955758272762183 0
0.2756636920923548 0.03063594655806666 0.0958801269513329 0
0.2754725939605505 0.010787593587620645 0.09595450488363497 0
0.275570619220159 -0.009155302184107497 0.09613371077846955 0
0.27564483492746594 -0.031861449117026805 0.09629028233603065 0
0.2755969444427194 -0.054237288891890376 0.09622664608540418 0
0.27547938288014184 -0.07664803121646767 0.09600807508943085 0
0.2756753107862232 -0.0965335307414813 0.0960660590398624 0
0.27551124897417273 -0.11645845450603838 0.0960847987156279 0
0.27573859897075426 -0.13901493493058764 0.09615966541736765 0
0.2758306487822726 -0.15898949156970693 0.09604395358972505 0
0.27558426010939563 -0.1750928241930698 0.09614952760301998 0
0.27565537451665617 -0.1762174288569653 0.09563049573918636 0
0.2757363664699836 -0.1771068097621288 0.09589312092894298 0
0.27564215495180555 -0.1765516691083276 0.09614483129756504 0
0.27511936255531705 -0.17569165386140823 0.09589698809256969 0
0.2751960784678959 -0.17564189407579117 0.09592328532676153 0
0.2755794955009381 -0.17513543771470408 0.0959514632847505 0
0.2758473540152132 -0.17517623341167876 0.0961006443439916 0
0.27612871380911996 -0.1752400565393645 0.09626923694173717 0
0.2759206233071161 -0.1752148593252053 0.09771307025515365 0
0.2758789470453572 -0.17578036473325684 0.11913787154787533 0
0.2755581515454338 -0.17540221287436336 0.13046570761822118 0
0.27602029887737667 -0.17534236701315262 0.1311716235824042 0
0.2753677405404663 -0.17498704596036624 0.12243391471256031 0
0.2754108301707892 -0.17499436686981856 0.10094607196731525 0
0.27578175602113875 -0.17584429787289169 0.09823151331514918 0
0.2758461382864376 -0.17597113954562055 0.09821635030456136 0
0.2758483956434714 -0.1759491451936131 0.09826553587124784 0
0.2758528334115417 -0.17590710878643945 0.098293959868329 0
0.27583723303065855 -0.17586663247332118 0.09832983500356132 0
0.2758288518394132 -0.17581235344195784 0.09835086236141355 0
0.27581944044841106 -0.17577404168527513 0.09836723704677491 0
0.2758223764668298 -0.17574686500434 0.09837397951871148 0
0.2758137117600367 -0.17572280634941334 0.09837447531688437 0
0.27581531174290147 -0.1757059521553655 0.0983766110793132 0
0.2758194103196744 -0.17569707820346697 0.09837530196868362 0
0.2701980074416297 -0.17464214962143937 0.09814342412804591 0
0.25050507430208685 -0.17553280250267306 0.09829316583955439 0
0.24118770797986275 -0.17575286117766165 0.09846333444388376 0
0.2408105038790066 -0.17565411715746174 0.09859475283849067 0
0.240739389202308 -0.17562219863195117 0.09854576919556626 0
0.2408005717200707 -0.17562989271370757 0.09856043452562083 0
0.24082192076342152 -0.17563493037027839 0.09856226520426561 0
0.24084784596259326 -0.17564302601330767 0.09856292192564164 0
0.24087095478415724 -0.17564439659771858 0.0985666962874101 0
0.24089062919542126 -0.17565276864896873 0.09856430448618253 0
0.240907012437402 -0.17564434702348555 0.09856248180081661 0
0.24092163444219464 -0.17564097919715177 0.09856489882711694 0
0.2409303344367896 -0.1756342238792502 0.09856446966122201 0
0.2409698506286003 -0.1759261790229933 0.1121139285099291 0
0.2409276209098151 -0.17536046454462806 0.12174278418678859 0
0.24097212080685498 -0.17546108540718272 0.12209411285909554 0
0.24097581134356025 -0.17546277123482987 0.12207751232963171 0
0.24097363665734656 -0.17548219986817343 0.12206238661290078 0
0.24096892069172565 -0.17549641211256717 0.12205076693040173 0
0.24096661628642663 -0.17551012103308863 0.12204247026938109 0
0.2409662833599282 -0.1755220786846762 0.12203793077400424 0
0.24096285368361453 -0.1755226140975829 0.12203664205922932 0
0.24096545229636768 -0.17553314971942557 0.12203120087682631 0
0.24096550664837496 -0.1755435176467003 0.12202974160755722 0
0.24096156849249464 -0.17554641202980842 0.12202892261914108 0
0.24096034717148426 -0.17554881265118122 0.12202970134677324 0
0.24096024651618084 -0.1755531276678207 0.12202402032053211 0
0.24096397449934323 -0.1755579501807594 0.12202619397711698 0
0.24095996484240045 -0.175555753224573 0.1220254438335145 0
0.24096309582803066 -0.17555815154972865 0.12202711115240988 0
0.2409632034364429 -0.17556258219775012 0.12202613636021374 0
0.24096029151690815 -0.17556148382894574 0.12202608283105397 0
0.23919896126514928 -0.17000235384684198 0.12151568181057221 0
0.23475136251551137 -0.15802421090823365 0.12207644859856998 0
0.23438142781727833 -0.15680004167730116 0.12190202172136291 0
0.23451120067915354 -0.1565594747157028 0.12191576691541285 0
0.23450817836950338 -0.1565461690255437 0.12192228462508456 0
0.2345029598145389 -0.15654931451015316 0.1219280950127695 0
0.23450587787015909 -0.15655716701295955 0.12193457664975299 0
0.234514647717885 -0.15657077965632166 0.12193727279183203 0
0.23457294387933003 -0.1566760090566519 0.12044981510490141 0
0.23437784415942703 -0.1559582052327213 0.1060052336395584 0
0.23457808005035674 -0.1564320227909115 0.10472848406383725 0
0.23466608092608682 -0.15664613467341598 0.10470673774010372 0
0.23467150361175443 -0.156673516923241 0.10468136012482566 0
0.2347352030801544 -0.15718124096143213 0.11515687428188126 0
0.23489582451890478 -0.15684852545746908 0.12182898913197573 0
0.2348499116794891 -0.1567128517541967 0.12198547569195954 0
0.23481388695857897 -0.1567068170474722 0.12197107359511182 0
0.23478714641503967 -0.1566970021340303 0.12196830155194271 0
0.23475501189509532 -0.15668610657068122 0.12195879191207674 0
0.23473491035873473 -0.15668405024640567 0.12195481915940146 0
0.2347293995104599 -0.15668493399742092 0.12195394339581883 0
0.23472331934205742 -0.15668425151451548 0.12195548977469514 0
0.234718637442937 -0.1566864244199047 0.12195241631976324 0
0.2347146319582048 -0.1566931682158479 0.12195181156172899 0
0.23470788557091976 -0.15669122852213346 0.12195105801271265 0
0.23470534191787784 -0.15669602357040865 0.12195199031188708 0
0.23470349356001288 -0.15669613083939116 0.1219501551289702 0
0.2347065464135555 -0.1566938572270029 0.12195043657118312 0
0.23470425110845589 -0.1566937707902301 0.12195057768619641 0
0.23470380378808695 -0.15669791126822288 0.1219500640113296 0
0.2346985945136238 -0.15670350710016595 0.12195028668804693 0
0.23469980704716092 -0.15670341958200312 0.12195061421602361 0
0.2346962174873904 -0.15670207211060505 0.12194864941669223 0
0.23469712082105484 -0.1567025463957707 0.12195150965749771 0
0.23469819675826722 -0.15670242777390542 0.12194790163527751 0
0.23469689521937714 -0.1566994044782558 0.12195169243859233 0
0.23468828501319472 -0.1567083595310529 0.1219493454878382 0
0.234684965025426 -0.15671372194408534 0.12194984995893554 0
0.2346886521981188 -0.1567146186994999 0.12195018100836832 0
0.23556294590058147 -0.15673356568897323 0.12203427620625298 0
0.24842466551022305 -0.15851671859645444 0.12218408044818979 0
0.2495927321097785 -0.15940523600914946 0.12199007622478641 0
0.25009558976651136 -0.15960067592046023 0.12213757303554429 0
0.2500328819316152 -0.15961719453683249 0.12208076531785107 0
0.2496506596626723 -0.15954721198873084 0.12186543411782474 0
0.2496907777755213 -0.15955547218770527 0.12187552305227312 0
0.24971365221435807 -0.15955341613103022 0.12188986793350795 0
0.2497413857249639 -0.15956095898642325 0.12190611787615745 0
0.25317338122951716 -0.15965645522614913 0.1221412777342261 0
0.25931254127855974 -0.15912402760704206 0.12180828160832653 0
0.2595542915644227 -0.15933982418965031 0.12173624652053996 0
0.25959955251896355 -0.15946713228008041 0.121766911574818 0
0.2595797988093954 -0.15946105361502452 0.12178933406650344 0
0.2595659439000919 -0.159463288562559 0.12179853446164725 0
0.25955315865610995 -0.15946310579669218 0.12180932435904404 0
0.2595439995907647 -0.15947399537892504 0.12181368221067754 0
0.2595232279398051 -0.15949405769169742 0.12182106134505602 0
0.2594931159330228 -0.1595313656699845 0.12182307726798207 0
0.25944174501645834 -0.15959815975819117 0.12182396161468678 0
0.2594329349332654 -0.1596105119545872 0.12182459294533668 0
0.2594313141564938 -0.1596094104019098 0.12182810923978671 0
0.2594318865132339 -0.1596028852144345 0.12182516425668136 0
0.2594305304629583 -0.15960228193919834 0.12182800141447528 0
0.2594305682128597 -0.15960210913620065 0.12182708925806192 0
0.25942944667077783 -0.15960101999897414 0.12182507382333513 0
0.2594306253811481 -0.15960021306894845 0.12182627080848221 0
0.25942899230693883 -0.15960283068348946 0.12182488106450495 0
0.25942816818665354 -0.15960166055723984 0.12182711852314154 0
0.2594271005933364 -0.15959857618199996 0.12182226684282707 0
0.2594264750730332 -0.15959399587513057 0.12182507786780605 0
0.2594226527132433 -0.15954867140853934 0.12181632831523403 0
0.25804236822841786 -0.15032228613840032 0.12221153223579193 0
0.2564547652827279 -0.13932907277947915 0.12207563511724501 0
0.25643215090763805 -0.13837896659077098 0.12166595378003744 0
0.2562997459836105 -0.1381400283195411 0.1216876843781528 0
0.2562867229414992 -0.13812832537912542 0.1217174234714592 0
0.25619233988004464 -0.13772343389745453 0.1087390880542743 0
0.25591802354990745 -0.1378629189429952 0.09271776827614062 0
0.2561753379137565 -0.13841388687750517 0.0914592872389858 0
0.2564376496379501 -0.13881750694420253 0.09109130002888113 0
0.25621308978512697 -0.1384714956687146 0.09343195050737176 0
0.2568253319779178 -0.13896349665880886 0.10825907413276234 0
0.2563902558828918 -0.1382253275357377 0.10954392063712616 0
0.25637936585082866 -0.13819815919249542 0.10947232656716649 0
0.25640577611332216 -0.13827157121447697 0.10934395023902999 0
0.25658389438964835 -0.13854959784882082 0.10886639849624102 0
0.2565590631624965 -0.13852740359913288 0.10891074205453165 0
0.2565257056320079 -0.13848097150987496 0.10899151017223754 0
0.256333745380317 -0.13819366156299667 0.1094945207089664 0
0.25635531310806225 -0.13822444348606944 0.10943866679878855 0
0.2564102942330737 -0.13831235708808667 0.10929050315996328 0
0.25429587890072025 -0.13199453262909483 0.1090490825921126 0
0.25334743826353057 -0.1289770655265855 0.10874262977714798 0
0.2533181048437976 -0.12873678103391617 0.10884550786240689 0
0.2533616438981912 -0.12874724213990424 0.10888895748748773 0
0.2534340042104415 -0.1287486507251827 0.10894124925995911 0
0.2535202982803683 -0.1287668052035807 0.10899619617089104 0
0.25349369516061415 -0.12876450129308134 0.10898219846924259 0
0.2534605048727903 -0.1287611491623263 0.10896821202874304 0
0.25344730345758915 -0.12875896099936635 0.10896416888064916 0
0.253449595292432 -0.1287621472829385 0.10896496466708239 0
0.2534489024912085 -0.1287613619744234 0.10896662150762246 0
0.253451766698772 -0.1287677935500051 0.10896571739220182 0
0.2534533657923148 -0.12877188238378312 0.10896631927073894 0
0.2534554413794968 -0.12877078950602738 0.10896679958219377 0
0.25345671310873064 -0.1287709293103751 0.10897104770752178 0
0.2534768657765646 -0.12877729333872437 0.10897062839532326 0
0.260041744440894 -0.12869580623295154 0.10972868113978197 0
0.26803013612306115 -0.12847210114276203 0.10932607736733335 0
0.26831669308521994 -0.1283705957381493 0.10925104900676716 0
0.26832065450484643 -0.12836119338604235 0.10913414170583396 0
0.2683245882856033 -0.12839543869982684 0.10909300526506419 0
0.26832202119583065 -0.12842455395487795 0.10907976713252762 0
0.26831195047554257 -0.12844273059266031 0.10907693317951885 0
0.26830316483269 -0.12845400962325682 0.10907841235561691 0
0.2682958752326457 -0.12847848788358288 0.10907967834230872 0
0.2682881610337634 -0.12848664424708856 0.10908146920791054 0
0.2682791550440284 -0.12850556389274892 0.10908178557002426 0
0.2682743190767667 -0.12851422729028852 0.10908590047241892 0
0.2682638703090833 -0.12852114537137405 0.1090838122310655 0
0.2682607323602808 -0.12852773467827594 0.10908527882771318 0
0.2682595429654264 -0.1285401208063602 0.10908626390272749 0
0.268250092857906 -0.12854267433575503 0.10908429901706437 0
0.26825274595183685 -0.12855073930493954 0.10908477609836303 0
0.2682487988525714 -0.1285560488896592 0.10908498364638938 0
0.2682486572854088 -0.12855554019821025 0.10908414511529886 0
0.26824787701288777 -0.12855706930344457 0.10908541177347801 0
0.2682478652094238 -0.1285555891342486 0.1090845627456665 0
0.26825133628516823 -0.12855772784154257 0.1090833783787695 0
0.2682476648141022 -0.12855420023893502 0.1090869510719737 0
0.2682446214403925 -0.12855261157784592 0.10908557808465559 0
0.26824794334000424 -0.12855073131556116 0.10908353395744724 0
0.26824755671570316 -0.12855756215122865 0.1090838149549824 0
0.26824778112603376 -0.12855551895219197 0.10908477974538232 0
0.26824449016137175 -0.12855099913789186 0.10908481584873678 0
0.2682448871125018 -0.12855504400028384 0.1090811051967942 0
0.2682500550462263 -0.12855567992202832 0.10908524306112247 0
0.2682488483561276 -0.12855600978747034 0.10908434721538005 0
0.2682474100552191 -0.1285545969821053 0.10908431005800209 0
0.26824315991107345 -0.12854747557756943 0.1090857368267047 0
0.2682493603590627 -0.12855348598954705 0.1090843812907181 0
0.2682472522453679 -0.1285532756153086 0.10908511040595598 0
0.268247382852969 -0.12855093358081898 0.10908459852266614 0
0.2682478444956805 -0.12855417071849784 0.10908393533832536 0
0.2682510520486385 -0.12855512906942979 0.10908702406807402 0
0.2682479806724454 -0.12855435337838994 0.10908257147852962 0
0.2682495604343714 -0.12855751970432905 0.10908483662741236 0
0.2682489895617766 -0.12855612291348292 0.10908312112346052 0
0.26824694930967163 -0.12855366425534082 0.10908292017289273 0
0.2682467433432741 -0.1285513303848276 0.10908467817756654 0
0.26824743773503684 -0.1285574202056179 0.10908402858585206 0
0.26824641141929295 -0.12855297819046266 0.10908520284327028 0
0.26825164464135726 -0.12855590867963793 0.10908507813158766 0
0.26824614535627944 -0.12855014678327337 0.10908406691566341 0
0.2682502091233172 -0.1285536630521248 0.10908345870165266 0
0.2682492383916275 -0.12855682798057036 0.10908545333936787 0
0.2682481608075893 -0.1285525695681312 0.10908547735638333 0
0.26824705565559603 -0.12855061962800246 0.1090864327293404 0
0.2682459554611541 -0.1285521111722212 0.10908559417806998 0
0.2682462895517935 -0.12854955602603468 0.10908657308368155 0
0.2682476482095151 -0.12855139924790981 0.10908448676027174 0
0.26824493040143554 -0.1285549801041254 0.10908461764062172 0
0.2682497810137584 -0.12854932046258172 0.10908757025246726 0
0.2682475093435064 -0.12855031177589504 0.1090881280469855 0
0.26824887658585855 -0.12855632678263063 0.10908651327672506 0
0.2682456772679708 -0.12855168983724732 0.10908631026241025 0
0.2682446891810029 -0.12855134839025573 0.10908418779266427 0
0.26824995078949393 -0.1285529361743851 0.10908510213018416 0
0.2682486941738239 -0.12855232412741102 0.10908721152833803 0
0.26824354604701584 -0.12854677118383306 0.10908551856668061 0
0.26824868714405636 -0.12855341586104482 0.10908579974038082 0
0.2682495577614322 -0.12855710776956164 0.10908502942526244 0
0.268248695202954 -0.12855079963321114 0.1090857581882802 0
0.26824739733148883 -0.12855365622282328 0.1090853746194218 0
0.26824674516315217 -0.12855613514770542 0.10908497491229607 0
0.26824868678738567 -0.12855085172791103 0.10908610667204197 0
0.2682475045144534 -0.12855023640656205 0.10908637014703804 0
0.26824741872726265 -0.1285513236563334 0.10908706013051477 0
0.26824679715926164 -0.12855254383407758 0.10908517535213452 0
0.26824795816858565 -0.12855325559355263 0.10908586468276221 0
0.2682494586351017 -0.12855031033736253 0.1090899151250142 0
0.2682494849242321 -0.1285548236149145 0.10908513892881919 0
0.26824744877636686 -0.12855132002903358 0.10908530557930246 0
0.26824484763876105 -0.12855050747520835 0.10908447198034987 0
0.2682465403468915 -0.12855590669061517 0.10908776653760531 0
0.26825061176886067 -0.12855567609652802 0.1090895623538006 0
0.26824695634448575 -0.12855308296063866 0.1090865225911147 0
