0.4384564933266342 0.19375996057939981 0.4375927940271125 1
0.4387855343834435 0.19368938836825333 0.4147674111634676 1
0.4386862073061391 0.1935524726717438 0.3916969493059395 1
0.43847221138881126 0.1935518249904909 0.36913007992602515 1
0.43847486417295134 0.19345469442207094 0.34904124225283567 1
0.4385600117732811 0.19345713585018964 0.32914868743214587 1
0.4385251416047529 0.19338217519351672 0.3069259575136211 1
0.43831945455742477 0.19348062576099603 0.28654585638813357 1
0.4383018761514778 0.19358678310387434 0.2644276116511365 1
0.43834770469310835 0.1933639627634018 0.25280979074727283 1
0.43802434755888203 0.19357042435587773 0.252840029485096 1
0.43884141031593443 0.19332030516883433 0.24646871057130504 1
0.43842357079564764 0.1934796526805329 0.2268147652026538 1
0.4374608939477029 0.19372651638044358 0.20370837704451783 1
0.438084032622469 0.19372925105719258 0.18183488745141355 1
0.4378728586380653 0.19338737415300358 0.16314935017424048 1
0.438574633585051 0.19334423134540574 0.16273270796802078 1
0.43846464287057507 0.19336501499512726 0.16265649529748885 1
0.4275847435757885 0.19445072577036931 0.162944302012737 1
0.4060461381337799 0.19697766332959754 0.1631124536340567 1
0.39020267913837514 0.19892214174527617 0.16284127388423653 1
0.38873414079117796 0.19897180738873466 0.1627469506428519 1
0.3802014853310671 0.19943031217965512 0.16266299607857948 1
0.3684951571958875 0.19945907322881734 0.16259699851541173 1
0.36764470367602553 0.19918216941911127 0.16291017599859448 1
0.366481344912397 0.19954623843332137 0.14901572303330404 1
0.36741359314807237 0.1989383682901576 0.12664157028792633 1
0.36824773374609937 0.1988660718809469 0.11782046027503008 1
0.36844325497937863 0.19888152323466193 0.11800622359489282 1
0.36839675628823776 0.1988950605844635 0.11801248384320347 1
0.3683393319482295 0.19891017574719094 0.11800480042558435 1
0.368261794339619 0.19893270498086119 0.11799292366184708 1
0.3677777663266452 0.1990719773644533 0.11788113856521751 1
0.36842247514868254 0.1988877695940684 0.1180194145264759 1
0.3683631697366324 0.1988997293927024 0.11800670867872955 1
0.36831711641862663 0.19891283785153757 0.11799641890555103 1
0.36839252289810254 0.2010818739869671 0.11809627896669102 1
0.3646076353437472 0.2183733230278968 0.1184961448439188 1
0.35835914324671647 0.24026799258334033 0.11868820453402812 1
0.35618586604041536 0.24521952395516025 0.11808389285451486 1
0.35598002867384504 0.24545154901524352 0.11807159527000682 1
0.35594310352306935 0.24543552149484782 0.11806645587082783 1
0.35588583738189183 0.24541181711970625 0.11782123632357731 1
0.3550355488915324 0.24524482272061582 0.10187260361839272 1
0.3552422220198147 0.24533252941678185 0.09068967848561775 1
0.3559840720422232 0.24527300263764262 0.09090661673739882 1
0.35628194555802867 0.24513360079465848 0.09091361779745166 1
0.35634307203158516 0.24497355274086602 0.09078796873781332 1
0.36500390670935007 0.24578277907413898 0.08988654746111345 1
0.3857803490078621 0.2498728921813172 0.09050827640530748 1
0.39651170971822164 0.25303748991376684 0.09073809549947054 1
0.39712262739546833 0.2538224869498124 0.0909134010189774 1
0.39734605481383184 0.2571446087241836 0.09075649720247647 1
0.39432465089540963 0.27356554493956203 0.09137580790525653 1
0.3890614353184361 0.2856358730765724 0.09084316104844603 1
0.3893228544225074 0.28560732357693536 0.0908500155977523 1
0.3890529279736364 0.28560975783726883 0.09068645016945143 1
0.38832896288834223 0.28597313753987563 0.08975599874373971 1
0.38803112913916876 0.28599959439239486 0.09004934695513844 1
0.3883027242549809 0.28568807362776416 0.09007893480321216 1
0.3883844801206111 0.2856292573252748 0.09010644948785378 1
0.3884580600172951 0.28557970524698095 0.09013081386937322 1
0.388799782245646 0.2852603764923627 0.09019716844296445 1
0.3888238012083169 0.28525661591522794 0.09020951814799878 0
0.38941281588026566 0.28508637336552684 0.09037408850850184 0
0.38894619753753645 0.2852280856326905 0.09030325578900862 0
0.3888342182674318 0.2853360491655313 0.09046825775746846 0
0.3888848702094686 0.28534020436871793 0.09059096936178439 0
0.3890588934872045 0.28529516143237077 0.0906368663281982 0
0.38938008904371013 0.2852083770222995 0.09072648526483262 0
0.389368677068077 0.2852242753600439 0.09075647274691608 0
0.38966226200707244 0.2852739160854669 0.0910512708498525 0
0.3896998245347663 0.2853272375799635 0.09147091133293302 0
0.38973080212178335 0.28531510705232044 0.09145698280987632 0
0.38987812203674754 0.2851950217578739 0.09106445086593301 0
0.3898232276953129 0.28520126619784825 0.09104625858816162 0
0.3897741724882997 0.28520636586372367 0.09103328647763136 0
0.3897092952855417 0.28520783845680536 0.09101530459115835 0
0.38963101790035376 0.28520047489007744 0.09097889014543603 0
0.389463813863986 0.28517133140700934 0.09086725201300346 0
0.38940106344588976 0.28517233763937183 0.09083190029380807 0
0.3893931337700642 0.28517875231595236 0.09083688843117425 0
0.38937805150701793 0.28518869985147316 0.0908382178885763 0
0.3893745172613916 0.2851982670954463 0.0908445047823745 0
0.3893800861524456 0.2852039233351442 0.09085084334745737 0
0.38936845139736365 0.2852125581719957 0.09085499410593013 0
0.38936442139447963 0.28521421276428593 0.09085336560842647 0
0.38934969232782524 0.28521398948721904 0.09085304171517065 0
0.3880725759637744 0.2853620598040255 0.10233053500726466 0
0.38914558001002714 0.2853798432017024 0.124087517742214 0
0.38878403655228067 0.28515940258637934 0.12515583711235514 0
0.3887807940097592 0.2851644036993553 0.12520749165321582 0
0.38878379395424134 0.2851714752897584 0.12528270250675716 0
0.3891886984684455 0.28523178147704914 0.14340370398397215 0
0.38921962870305077 0.28506073663537884 0.15300721734069084 0
0.3892114263830766 0.2849674021997966 0.15259549342204948 0
0.38908744977405374 0.2849708176140475 0.15255133623193104 0
0.38906688340686874 0.28499585301978897 0.15260765981825403 0
0.38893643425510865 0.28509104938645535 0.15308483594275576 0
0.38891394272178625 0.28512525606577976 0.15315091624755586 0
0.3889136206675695 0.2851413940893768 0.15309371529847476 0
0.38847787568422953 0.2745508210868917 0.15201538178799975 0
0.38923514659135117 0.25414908947090403 0.1526794346147164 0
0.3908913815161372 0.23075488217553164 0.15246865561573383 0
0.39358481151015356 0.20785202448942722 0.15285542650953418 0
0.3965972451896075 0.1852531823828144 0.15347090159277868 0
0.3990325842690913 0.16269332568786055 0.15308115530138694 0
0.39960575018313194 0.14272842843463462 0.1533254402530378 0
0.3995074009195708 0.12004347574182551 0.15291261900418252 0
0.3994699056313401 0.10007640468980024 0.15297462780774643 0
0.39936409974033343 0.08028621794913225 0.15320740177561396 0
0.3978085001210582 0.05776716306887905 0.15303747956951685 0
0.39463937457987874 0.03528817971026377 0.15321791070345733 0
0.39122375506989554 0.012701816377780423 0.1532488160840847 0
0.3898292124573067 0.004060536696772213 0.15320122829391225 0
0.3900365854806243 0.0037752927327883573 0.15308896010369258 0
0.39007941659398004 0.003840384819320003 0.15311572829884937 0
0.39011164203683096 0.003952503852616682 0.15313682372406523 0
0.390045393766551 0.004370762208594475 0.15313622053269332 0
0.3903388143706834 0.004410721063180703 0.1533533370263136 0
0.39094373415079164 0.0012235377829629551 0.1537093646561098 0
0.3926276794824073 -0.020768561088835694 0.1528854600413313 0
0.3927748909100765 -0.041478660283890995 0.1529009442247725 0
0.3930879610673637 -0.06443006708023498 0.1529444034258236 0
0.3930257963596932 -0.08711631930740812 0.15303881540132744 0
0.39164128568504386 -0.1002800804203067 0.16226826288047472 0
0.39260036727400366 -0.10199226769640513 0.1863202738712895 0
0.39268174748460904 -0.10148450928175146 0.19796769573151285 0
0.3924444991016959 -0.10134735248931034 0.19801098280185128 0
0.3914267400911907 -0.10331113540548255 0.19755578333146812 0
0.3806924349027439 -0.10379600255335814 0.1981167650087832 0
0.3582566251750231 -0.10445324345866057 0.1981153878475434 0
0.33541990000082467 -0.10435775429165987 0.1980440347904828 0
0.3152134540644549 -0.10442429959957628 0.1978968012538851 0
0.29525504192256236 -0.10430365027359226 0.1980652470999131 0
0.27525802610247363 -0.10437890038386108 0.19798065452980004 0
0.25282901297474364 -0.10440336865062334 0.19800176936885788 0
0.23274639982099576 -0.1043438476406044 0.19813897019350726 0
0.2138744499506284 -0.10418099945457018 0.190588504580796 0
0.20652020178941283 -0.10352224668558838 0.16764602098343775 0
0.20606294249769566 -0.10413302421436169 0.1450621383807713 0
0.2061848225893425 -0.10439850497840476 0.12515196272955642 0
0.2065243481983579 -0.10451657370013841 0.10839689967155307 0
0.20633193706071154 -0.10444304794001252 0.09607442530664917 0
0.20641691248042676 -0.10447265447490238 0.09539511765469255 0
0.20646145930659154 -0.10442522608823536 0.095415695040025 0
0.20657474809878387 -0.10438726862929162 0.09545460094362157 0
0.22013170228715984 -0.10502328680674591 0.09578645471126626 0
0.23975448297758578 -0.10795771944446524 0.09577828569378306 0
0.2621679603821748 -0.11189605993392662 0.09577017472866411 0
0.26950581359673725 -0.11320915941173736 0.09548924525629025 0
0.2696805783741886 -0.11344679663443784 0.09549120815633177 0
0.2696076534051176 -0.11336655553486932 0.09533275327569554 0
0.26958751557298366 -0.11337923058261137 0.09534566156245018 0
0.26954171014538986 -0.1133788009624895 0.09534657766875805 0
0.26949834033007675 -0.11337373586683883 0.09535691083285815 0
0.26934874922756363 -0.11333297389669773 0.09537352651535355 0
0.26971228502228023 -0.1136651074721334 0.1067986850534709 0
0.2691497307388878 -0.1136324904959103 0.11989206775843826 0
0.26948247989660906 -0.11352315330125379 0.12097873520442493 0
0.2694105577485909 -0.11349626973144794 0.12092082450826579 0
0.2689055587901655 -0.11337494856879489 0.12063516438217892 0
0.2688421269650239 -0.11342038271386048 0.12063226257190508 0
0.2538423001809991 -0.10916838501473591 0.12085341065501075 0
0.23351141468398284 -0.10568591198263103 0.12056676482488082 0
0.22991453719903632 -0.10507008069045962 0.12032662854834829 0
0.2299483278827175 -0.10522920482252238 0.11540791393792274 0
0.2298451190014359 -0.10500429834604554 0.09551764411437545 0
0.22977604618460623 -0.1055054061076295 0.09078526767963987 0
0.23008021629331046 -0.1057189281256622 0.0906015130392994 0
0.230128809220983 -0.105709541169699 0.0905974789684727 0
0.2357769079710904 -0.10515592046653426 0.09065572535413771 0
0.25361227024242994 -0.10555291726882206 0.09044550277217003 0
0.2558121586017229 -0.1054601084406908 0.09089382450745775 0
0.25580178200876585 -0.10546909084334037 0.09083746702930043 0
0.2557527748365437 -0.10548035768217379 0.09077716578035913 0
0.25519077346252195 -0.10535615733503258 0.09052100873575378 0
0.2553042595641449 -0.10541190175013881 0.09054467653204633 0
0.2558256861239659 -0.10556421174538701 0.09074568006549988 0
0.255767826392702 -0.10557100254049741 0.09071999963699143 0
0.25570608359876673 -0.10557430738487061 0.09070064385203755 0
0.25515393650379586 -0.10546003995933322 0.09049031156021876 0
0.25528515369068283 -0.10551543091955264 0.09054279993921736 0
0.2557526241688071 -0.10566793951105023 0.09073975247756465 0
0.2556839405455567 -0.10568590390419816 0.0907129047826953 0
0.25539763081489014 -0.10676257327736889 0.09041062952756171 0
0.25560875312922676 -0.10661588713875814 0.09072510013056592 0
0.2552396764565504 -0.10597752616067371 0.09049614861516955 0
0.255129101382842 -0.1056847018253377 0.09043749198847195 0
0.2557810149183435 -0.1058064329565755 0.09071731603310158 0
0.25561768497121123 -0.10557277905876811 0.090752198650638 0
0.2555673329686332 -0.10549507510140504 0.09074232447840208 0
0.25552791573228606 -0.10544626038694586 0.09071626389472014 0
0.255525432662237 -0.10546812176893978 0.09069607614585457 0
0.25552477556755604 -0.10549688912641701 0.090669236235245 0
0.25551383473459366 -0.10552051547935587 0.09066748114026088 0
0.25550511406968524 -0.10554593287751 0.09066652665088117 0
0.25549440746608415 -0.1055694760897992 0.09067281646661965 0
0.2554879167082044 -0.10559431052123372 0.09066685770699198 0
0.2554835460870147 -0.10560547954019502 0.09066989235061104 0
0.25548161793484897 -0.10562195426626743 0.09066802119937484 0
0.25548028599534345 -0.10562498899950483 0.09066841631256087 0
0.255483646510795 -0.10562728131872612 0.09066751225385797 0
0.2554836050823649 -0.10562431031496727 0.09067023385279738 0
0.2554866233153724 -0.10562664835152304 0.09066902028921432 0
0.2554826100836898 -0.1056284877017137 0.09066908090950834 0
0.2554847636933633 -0.10562621061277551 0.09066846622935167 0
0.2554844967558225 -0.10562840774827562 0.09066829056501644 0
0.25548445675826353 -0.10563213611225993 0.09066613822246167 0
0.2554863699557267 -0.10562268174083982 0.09066528684528388 0
0.2554864195641758 -0.10563153892656586 0.09066861758394447 0
0.2554887227362108 -0.10563184603460586 0.09066955495584786 0
0.2554869255686342 -0.10563413015765759 0.0906666293107176 0
0.25548848932386753 -0.10563174691868994 0.09067057370939707 0
0.25583950913803294 -0.10620970345729563 0.0906644486055008 0
0.2643504858565866 -0.1185514984778352 0.09053858023606542 0
0.2725558264872413 -0.13049302987818706 0.09074351925140389 0
0.27377316368411714 -0.1314135780335196 0.09057533033270555 0
0.27375629071829777 -0.13135469253420842 0.09055627186188986 0
0.273732043898746 -0.13128950149321125 0.09054291540438374 0
0.2736799646848463 -0.1312426227837452 0.09052206960394413 0
0.2736589547745831 -0.13117396694288747 0.09051224532808316 0
0.27360177435330485 -0.13093323324838166 0.09050726005099938 0
0.27362119350905717 -0.13085897767091947 0.09050885879987695 0
0.2736120696602027 -0.13085331634964983 0.09050943188199136 0
0.27360967757719934 -0.1308544166143497 0.09051462326562466 0
0.27360506323765676 -0.13085227463779103 0.0905125012182234 0
0.2735980168298532 -0.13085427918838669 0.09051718325394605 0
0.2735915912118185 -0.13085891267695862 0.09052042515894301 0
0.27359168619372143 -0.13085909460537773 0.09051438073108867 0
0.27358644967035933 -0.13086744182800236 0.09051683345918396 0
0.27356631640695883 -0.1308899345724897 0.09051933205810248 0
0.27357454370046064 -0.13088138752375483 0.09051937640181756 0
0.27357619158748486 -0.13089609334478206 0.09052220479603863 0
0.27331074383687476 -0.13068930109266605 0.09112931730389535 0
0.27333228939635423 -0.13067881735045342 0.09103173327064283 0
0.2733584009698148 -0.1306941441532779 0.09099828715147754 0
0.2733140715014639 -0.1305996969249367 0.0907182563850943 0
0.27332021914510396 -0.13062051906032446 0.09071312870079261 0
0.27333046793705473 -0.13063967468667761 0.09070032437022338 0
0.2733365218900902 -0.1306477020487466 0.0906995020957729 0
0.2733484056674493 -0.13066049413920594 0.09069803986424467 0
0.27335266293382127 -0.13067188317238398 0.09069307183257455 0
0.27335635908648737 -0.13068009331446712 0.09069257155006792 0
0.2733633651167896 -0.13068685259521487 0.09069091133777221 0
0.2733691440362473 -0.1306982213910777 0.09069421067705181 0
0.27337354126732377 -0.13070391905643375 0.0906928854521572 0
0.27337643485514124 -0.1307107930876505 0.09069190713176394 0
0.2733833453467913 -0.13071609192224384 0.09069285293677878 0
0.2733845907615232 -0.1307255795117368 0.0906898731690709 0
0.2733882560708724 -0.1307280006833051 0.09069233568556971 0
0.273395988055414 -0.13073839853733718 0.09069058125173649 0
0.27339877317635103 -0.13074937417252364 0.09069199631271704 0
0.2734089442509627 -0.13076240412354492 0.09069232337322808 0
0.27340963514848254 -0.13075991065075926 0.09068950124750433 0
0.273413065069258 -0.13076045910225836 0.09069058689100021 0
0.2734146095116981 -0.13076296935859805 0.09069233172080339 0
0.27340900360918485 -0.13075917911305798 0.09068842862891105 0
0.27341253581789243 -0.13075979469569435 0.09068791670154301 0
0.27340969071842713 -0.13076001017198807 0.09068776305068615 0
