0.4387098309102963 0.19342692731387964 0.4476493510007624 1
0.43870922891683517 0.19342498075871664 0.44764142344182734 1
0.4385112799411027 0.19363151354368482 0.4464546663466361 1
0.4385070748284439 0.19387668412814774 0.4262237443937134 1
0.43857886536788204 0.19369268582075852 0.40569599982461324 1
0.43856908376966464 0.1934987630430807 0.3851892267051481 1
0.4385621663795385 0.1935124038286696 0.3650706711445283 1
0.43854155751011625 0.19348676211187282 0.3425729129463158 1
0.4385217851821237 0.19344343197223612 0.32011069746757836 1
0.43835537620238735 0.1934992781879296 0.2997140841589958 1
0.43854219795406135 0.19349715695280162 0.27779021634828804 1
0.4383342522825798 0.1936359606828989 0.25510563707003425 1
0.43834353689185485 0.19361660920806886 0.23251202746754226 1
0.4378376140541642 0.19344121097374017 0.20958741646986281 1
0.43800908860315213 0.19336973341134644 0.18720701004032447 1
0.43808510383957283 0.1935737993100285 0.16484377076085283 1
0.43798069135201695 0.19361252132199425 0.14211337591106546 1
0.43843473340336825 0.19342402398368214 0.12024137457976516 1
0.43802932178815723 0.19371146659787475 0.1040332537039752 1
0.43829995968806046 0.19378447240790023 0.10340854095993657 1
0.43868502043427293 0.19377131404704892 0.10359398725748281 1
0.43792125499354867 0.1934970888517083 0.10296480976212616 1
0.43797317213465914 0.19350491918062096 0.10293264075975948 1
0.4381221467544793 0.19337482618457663 0.10315004963888036 1
0.43876473843326996 0.19337620974953829 0.1034654712336968 1
0.43798067370274174 0.19376565632214857 0.10313427684055113 1
0.43797373174301335 0.1938589026658879 0.1029816191676872 1
0.43801395822194095 0.1935714837728038 0.10286476029093687 1
0.4379338149120181 0.19344941571860752 0.10289898079579166 1
0.43824377466670644 0.1931124321149107 0.10295577242010746 1
0.4382700658601774 0.1927715989767601 0.1028594229073495 1
0.43847745439937535 0.1927429675028865 0.10285679939524116 1
0.4377840376574643 0.193149697138226 0.10319452981724714 1
0.4265339479460033 0.19194896764413824 0.10396018884869832 1
0.41162723545362795 0.18682986042726252 0.10339780331313589 1
0.4090032827563757 0.18556990478568516 0.10278937053688514 1
0.4089102480690895 0.1855324491561226 0.1029237678729554 1
0.4096715092602121 0.18530080927931064 0.10327614345411651 1
0.4094165813936157 0.18583871075183067 0.10298267760830562 1
0.40952956850411043 0.19628056439841166 0.10277091370360793 1
0.40922349303680144 0.20987006507229608 0.10326378253032045 1
0.4092877269580327 0.21111497026676349 0.10278438438652769 1
0.40915320172359804 0.21473404920947808 0.1030027802055828 1
0.4086084845126493 0.2219395646326674 0.10271781532937724 1
0.40917073729996617 0.2222173968946748 0.10286816521383932 1
0.4092421021965071 0.22220151352903827 0.10306544835672522 1
0.4084638427046628 0.22226772466516775 0.10289564254035742 1
0.40909662652626083 0.2219708529084027 0.10277006872379305 1
0.4101329283086759 0.2215696801599502 0.10368001164328577 1
0.4107091509863863 0.22075367547685615 0.10374989775811477 1
0.41002377751352725 0.22121412277014302 0.10330370507273418 1
0.40987131384630376 0.2213399478150433 0.10304675283482759 1
0.4089779593423166 0.22123191679006757 0.10257531808963652 1
0.4090061689348198 0.22158291838639596 0.10249078219090521 1
0.40944138939529895 0.2217247947846207 0.10293924276924865 1
0.40936519122549075 0.22172111398202787 0.1029548308315676 1
0.4092842489337009 0.2217016366446307 0.10294757708758316 1
0.4088617017737759 0.2216319324086258 0.10259562285795126 1
0.40915501576291113 0.2279271839336015 0.10296524684554181 1
0.40917211019064254 0.2355824299239423 0.10268023512874529 1
0.4091094836339123 0.24157573026794482 0.10295898668311032 1
0.4088452512784498 0.24903334768713326 0.10300164560743584 1
0.40939461959785384 0.24998954042898675 0.10304645354794432 1
0.40917786786985305 0.25061970810159584 0.1030337455858048 1
0.4090454300466415 0.2577958935560345 0.10305124400187131 1
0.40914695230279086 0.2646288411931307 0.1033729708891459 1
0.4093664881693982 0.2650600562585611 0.10283794915330069 1
0.4095031448621313 0.26937120434411516 0.10289917498603497 1
0.409466456648523 0.27892695488301456 0.1027596956334702 1
0.40925890011213295 0.2874734502018488 0.10294352903676945 1
0.40959844423625574 0.2878660075101614 0.10296760818570001 1
0.40959688094814845 0.28787190979739286 0.10293572603318532 1
0.4092408771313556 0.28795823089538763 0.10309023739703985 1
0.4088379950104075 0.2881640002651084 0.10253632167326962 1
0.4086185328393094 0.2882320124039448 0.10292341290055296 1
0.4086758164523889 0.2882051416020063 0.1029918057883768 1
0.40883494767089973 0.28813915634444 0.10297700573941647 1
0.4093769277560204 0.28788440424764533 0.102655019681796 1
0.40936731369601015 0.28786861804789754 0.10269257524527221 1
0.40933864385876434 0.28787447424316304 0.10272742427500867 1
0.40930684758030056 0.2878744489986249 0.1027615566495935 1
0.40928536829203194 0.2878772508851317 0.10278745012595403 1
0.40927073977661105 0.2878773153451214 0.10280103265090765 1
0.40927048504251984 0.28787068540692323 0.10279814779769436 1
0.40926199171921174 0.28787303030425204 0.10279542656681977 1
0.4092622537829068 0.28786610772971744 0.1027941279118401 1
0.40926037671269677 0.28786322670988446 0.10279036423258837 1
0.40925998613748754 0.2878639176868715 0.10278951813552986 1
0.40925512752193 0.2878616767274781 0.10278634269714645 1
0.40924707082392353 0.2878550008469145 0.10278457486241992 0
0.4089626188771439 0.2879263491990403 0.10310558479857011 0
0.40900644925217405 0.2879220968646343 0.10307183631285151 0
0.4091846089420311 0.28787289096168894 0.10286555507750358 0
0.4097000337377528 0.28791069096501587 0.10295622272712412 0
0.40924953032829886 0.28782037973559704 0.10262370348935296 0
0.40925534705108185 0.28781467538285654 0.10262186018960734 0
0.4092575207860333 0.28781282267135766 0.10264253128500238 0
0.4092546153028128 0.2878231627997902 0.10266627095125606 0
0.40925079633642913 0.2878251472308091 0.10268612930743763 0
0.409254242185551 0.28782465945949265 0.10270103931684187 0
0.40911337593934527 0.2878129983092323 0.10261485347027262 0
0.4028065869167302 0.2872106541800405 0.10251578856723509 0
0.399582584511367 0.28702275041433334 0.10257625837527255 0
0.3996166152133406 0.2872475222162417 0.10272139113900654 0
0.3996258499531288 0.2873073084451829 0.11091489108801628 0
0.39892769031903436 0.28776611136502994 0.1221140246040241 0
0.3986670995691897 0.28777393326303113 0.12240516719669448 0
0.39920653129528555 0.287821165873433 0.12818303869800923 0
0.3992662851957594 0.2875671251279555 0.13197667021974022 0
0.39925732005787856 0.2875891977351337 0.13218750685684874 0
0.39925081763678705 0.2876047143770597 0.1322208868182106 0
0.3992505836019268 0.28760536028206385 0.13222463659935485 0
0.40055211559665027 0.28771986017254647 0.14204567392963996 0
0.3992695727281251 0.2877488251503241 0.14301474119602628 0
0.399644421172466 0.28762209025895363 0.15406615459417677 0
0.39940494002526544 0.2874841087010284 0.15431982065829733 0
0.39923160492356224 0.28771822170094885 0.1543566273619102 0
0.39922374706933195 0.2877283075295489 0.1543606108121202 0
0.3988853442263809 0.28671579776104406 0.15467825786295028 0
0.39883517354786474 0.27642959081674545 0.1540184356005796 0
0.3987888283380844 0.263141379700001 0.1545988844403701 0
0.3993238111371831 0.24924475502818882 0.15464300098244585 0
0.39913074680354627 0.23695325396592537 0.15413933195771223 0
0.39917874122382574 0.22466598422258788 0.15457698398525313 0
0.398695124678666 0.20868850037647857 0.15463542497770003 0
0.39905247694746265 0.19067530308710157 0.15497210869941097 0
0.39922406054992626 0.16811557431678148 0.15466725899253983 0
0.3989628514834047 0.15138425104616166 0.15459109185563316 0
0.39914245807526527 0.13779404279156138 0.15457807852023447 0
0.39927047223359846 0.1251596384632071 0.15481453816690033 0
0.3992604805958867 0.11265768223994319 0.1547623126687343 0
0.39907674462696485 0.09902660684002328 0.15457861170295797 0
0.40013652183294396 0.0853755040831313 0.15472807162531263 0
0.40236839267397223 0.07137007249204305 0.15477823827122061 0
0.4053173572753793 0.05477240838059884 0.15470463782201013 0
0.40791178203597134 0.04005592245567817 0.15463293981858764 0
0.41108501588210006 0.023490848567264758 0.15477951147007746 0
0.4136585239529341 0.008717777060707352 0.15481187899065146 0
0.4164765119634065 -0.00813146668221551 0.15474974075198078 0
0.418553776639145 -0.022910956663804216 0.1548586971747168 0
0.42060457071948687 -0.03985528520872034 0.1541536097430907 0
0.42255052744322896 -0.05457231867958426 0.15444023266767734 0
0.4232025827603221 -0.05771784318617021 0.15519043381166114 0
0.42274224891422774 -0.05568224982293582 0.15387646397606008 0
0.42350455110495916 -0.0386937904102605 0.15500307505647243 0
0.4229438831895129 -0.01779004257971173 0.154314095638564 0
0.4228070452722783 0.0017521800904697349 0.1544827725329353 0
0.4226797099076139 0.022495610039800162 0.15432630551606186 0
0.4227636421839604 0.04193313838802311 0.15436922631888048 0
0.4229368140304648 0.06171517676013556 0.1545160954351848 0
0.42265235284482916 0.08425577704355904 0.15437178045831618 0
0.42257428872707015 0.10431372731171401 0.15438867846126605 0
0.42286385133202364 0.1266473719732898 0.15440893744983417 0
0.4221481513540204 0.14631138306863706 0.15445651353846984 0
0.4211532707897708 0.15737995294465768 0.15437603863294572 0
0.4213860316782492 0.15737293740146535 0.1539772480847513 0
0.4217503665431805 0.15698480440138846 0.15440301428467984 0
0.4217735384864869 0.15701814096412195 0.15453427583044752 0
0.42192469835994767 0.15703283508664848 0.1547220702069521 0
0.42194053062577314 0.15662015045247413 0.15441783863286648 0
0.4220596500711214 0.15678616779526358 0.154541235825934 0
0.4219351705594601 0.15678458257204797 0.1546215009773123 0
0.42172637603367596 0.15691062923441812 0.15461908644076766 0
0.4222058723168468 0.1580622258584512 0.15522118207788482 0
0.4221470775394538 0.15750201709509934 0.15465880864489512 0
0.4219899146170339 0.15721373070467776 0.15440617976659304 0
0.42183789236126146 0.1572064800749224 0.15445823329832345 0
0.4218210112626075 0.15697101863749763 0.15443421310080963 0
0.42189218349910773 0.1569007797098902 0.15454790595057777 0
0.42171309444485083 0.15698453939928253 0.15451700753985312 0
0.42181224315856397 0.1570780407397402 0.15448651130642885 0
0.4219042367725815 0.15688115558340132 0.15438606907564034 0
0.4218003697589964 0.15704604351293883 0.154567641565984 0
0.4218362222366583 0.15720342290000802 0.154335836671301 0
0.42194415395378027 0.15698088961394827 0.15459130088073744 0
0.4216499727043973 0.15723295617468802 0.15474365632573894 0
0.42183422214093935 0.15709342988988215 0.15422675479570608 0
0.42192686855274625 0.1570475475068514 0.15418919481830018 0
0.4216047711204948 0.15719720548432878 0.15469736632232958 0
0.4214315785402819 0.1557030205462816 0.15429540323517116 0
0.42370352024417907 0.13975021306973878 0.15434765237269713 0
0.4269473227250655 0.11966978173374983 0.1544365910549585 0
0.4309212592496972 0.09697814030840449 0.15451847271633692 0
0.43449082416837487 0.07688266842068253 0.15449284692869308 0
0.4383453726784361 0.054209107087156386 0.15449417738693882 0
0.4422773883374449 0.03156924073618332 0.1545003955391716 0
0.4461181169220192 0.009145857968006224 0.1545501288831722 0
0.4497414441663637 -0.01327383016400177 0.1543985535209545 0
0.45288070395726066 -0.033148974325024755 0.15436861242256597 0
0.4563107943777719 -0.055622115173441594 0.1542478447682907 0
0.4534509753779981 -0.07597686293562197 0.15444596976358976 0
0.4426602036142804 -0.09175945965845103 0.15488633672216673 0
0.42764622501427474 -0.10878061240223733 0.15480081503429596 0
0.4147855962042005 -0.12594610695790792 0.15474115961216978 0
0.4030896404546713 -0.14059760170843816 0.15489343205309933 0
0.3878235471770626 -0.15526056137672678 0.15458822470435837 0
0.37495046374781604 -0.15980134408472368 0.1550922224253523 0
0.37172523582207184 -0.1593042469074548 0.15483014220160832 0
0.3712425060821579 -0.1590107160546897 0.15482748844268826 0
0.3674999548541477 -0.1589170837408689 0.15454783484868628 0
0.36191621235528415 -0.158977587293773 0.15476481894646613 0
0.36070102670573956 -0.1591305804412577 0.1544326175743458 0
0.36001387758443126 -0.15890020335693625 0.1374191690327286 0
0.3598322088413384 -0.1589598839387724 0.11819910013912875 0
0.36076567763447503 -0.1593381779698626 0.11697057997019837 0
0.3609550534733738 -0.15903682873741598 0.1169728906144426 0
0.36034781871759775 -0.15857139012234653 0.1016893943231755 0
0.36087950481615966 -0.15911640416292883 0.09938148305418175 0
0.36091215461820114 -0.15916768150393001 0.09940864848049319 0
0.36089590699333945 -0.15915698491126967 0.09940294750862608 0
0.3608797183889538 -0.15912805119239215 0.09939126480310774 0
0.3608645987288091 -0.1591087953209494 0.09938305932216304 0
0.36085462430040466 -0.1590962398820528 0.09938015966538385 0
0.360842128975973 -0.15908123226444176 0.09937271045388692 0
0.36082876826457777 -0.1590730841744168 0.09936566039993266 0
0.3608303475521835 -0.15906468233110033 0.09936813505184604 0
0.36082471867595933 -0.15906115009192517 0.09936475703904586 0
0.3608194587753375 -0.15905488672984594 0.09936001204654292 0
0.3608226937319686 -0.15905329106518762 0.09936293456651764 0
0.36081938985384443 -0.15905140056684725 0.09936274615862409 0
0.36081419331584075 -0.15904537950097236 0.09936019491664395 0
0.3608104152377309 -0.15904619466377629 0.09936142637279345 0
0.3608086039019434 -0.1590374636053703 0.09935798512095304 0
0.3608100865626306 -0.15903772395601906 0.09935452105891109 0
0.36080498272555234 -0.15903160642390654 0.0993543762567565 0
0.3608044985768278 -0.15903069183125057 0.09935112420488157 0
0.3608035480836186 -0.1590308330923069 0.09935243039209203 0
0.3608014913724101 -0.1590299810800873 0.0993537413574247 0
0.36080092672822667 -0.15902501607912614 0.0993505727515114 0
0.3607969749724737 -0.1590273872546243 0.0993504028094959 0
0.36079997882225545 -0.1590272993704179 0.09934727721629516 0
0.36080191557193486 -0.15902281996682854 0.09934731487623215 0
0.360798300902448 -0.1590261375287815 0.09934853617011569 0
0.36080049378107615 -0.1590248600583432 0.09934980728097946 0
0.3607978379732867 -0.1590254284395971 0.09934884491784518 0
0.3607994025423868 -0.15902683889573627 0.09934842423997126 0
0.3608009568780255 -0.15902341804991907 0.09935030839106021 0
0.36079350767199425 -0.15902319555091568 0.09934902144598032 0
0.3607994736662773 -0.15902668929167946 0.0993504961067197 0
0.3607986772040803 -0.15903250755995474 0.09934803573268677 0
0.3607981743797864 -0.15902639392867415 0.09934982180767385 0
0.36080030824622195 -0.15902462104354853 0.09934829246188039 0
0.3607977464385257 -0.15902531051469626 0.0993476996024588 0
0.3608006835015628 -0.15902527763204616 0.09934845029638893 0
0.3607991829387251 -0.15902398532885237 0.09934835460608979 0
0.3607994630337618 -0.1590273809368625 0.09935055898190659 0
0.36080041881252195 -0.1590258599390187 0.09934621308612623 0
0.36079983377534874 -0.15902145197979106 0.09934661179837324 0
0.36079677054854803 -0.1590282967261814 0.09935063813300135 0
0.36079648753326715 -0.1590250348471326 0.09934689114514621 0
0.36080040885822084 -0.15902371872666418 0.09934869001495614 0
0.3607990070649546 -0.15902752207562168 0.09934459534025468 0
0.36079742097147477 -0.15902484362805389 0.09934676714250094 0
0.36079883974272925 -0.15902215456126773 0.09934997043644911 0
0.3607975258960901 -0.1590294856470267 0.09934705076130303 0
0.36079860778122985 -0.1590249136556377 0.09934843876780683 0
0.36080053387684075 -0.15902287314688643 0.09934864563717365 0
0.3607992392251238 -0.15902542339276615 0.09934919971996 0
0.36080070403872166 -0.15902969530052963 0.09934912592462745 0
0.36080093749260034 -0.15902160478579347 0.09934603892700802 0
0.3607989322565487 -0.15902262009521978 0.0993476996024588 0
0.36079802722842436 -0.15902399262551797 0.09934924133681108 0
0.36079957615538705 -0.1590238188529139 0.0993482229962767 0
0.36079847441733764 -0.15902660723629405 0.09935055107586013 0
0.3607980031614981 -0.15902767978186216 0.09934904615882259 0
0.36079939438966363 -0.15902646945291926 0.09934742043120533 0
0.3608000660655737 -0.1590226869686593 0.09934816683780014 0
0.3608011212508525 -0.15902516854124726 0.09934927925506398 0
0.36079824842847685 -0.15902461118129657 0.09934896935900268 0
0.36079687385981984 -0.15902282097992415 0.09934727880861564 0
0.3608030713194664 -0.159022257417069 0.0993483005366779 0
0.36079576266747326 -0.15902692540325483 0.09934569546448054 0
0.3608005122152389 -0.15902147970084535 0.09934813303992814 0
0.360798844132714 -0.15902475402156793 0.09934835460608979 0
0.36079779250374633 -0.15901978643581777 0.09934711238923966 0
0.3607999423625046 -0.15903057952920685 0.09935053587368134 0
0.3607963995194715 -0.15902364555071993 0.09934993444047713 0
0.3608017365925276 -0.159021828644416 0.0993522572391557 0
0.3607949780220743 -0.1590268785591819 0.09934760073596727 0
0.3607976976649011 -0.1590256298214035 0.09934773845560725 0
0.3607965799292207 -0.15902709626445927 0.0993475484830576 0
0.3607983804188162 -0.15902648614657836 0.09935018157556354 0
0.36079614872502 -0.15902580353410536 0.09934689114514621 0
0.36080019703181554 -0.15902515078432422 0.09934953257424699 0
0.3607988362589558 -0.15902745542893995 0.09934866913659315 0
0.3607996157342019 -0.15902440198054468 0.09934901496982668 0
0.36079976392497054 -0.15902272753244612 0.0993478447342377 0
0.3617298612028038 -0.158947375410937 0.09922818783145036 0
0.3773372642805797 -0.15863402376709113 0.0987211548115461 0
0.3860746317167553 -0.15848879379574687 0.09898778162487844 0
0.3865393060386537 -0.15872799006038585 0.09922236972681506 0
0.3825270812078238 -0.1580592961950602 0.09922578532255362 0
0.3707169956838483 -0.15920867358032942 0.09951490902693844 0
0.3662567869455643 -0.15962158814297836 0.09943906328877315 0
0.36614162656230265 -0.1597331423796286 0.09949285671363084 0
0.3661506193883535 -0.15972656452572503 0.09947322967651549 0
0.36616453497794366 -0.15971906803257885 0.09946019068454218 0
0.3661707866137491 -0.1597148006632199 0.09944299488319437 0
0.36618008362549503 -0.15971277271064038 0.09943242994079021 0
0.36618175163675115 -0.1597051933135264 0.09942284835337223 0
0.3661840410656889 -0.15969877986008613 0.09940882867766511 0
0.36616455101361123 -0.1596684689014241 0.09931477652902856 0
0.36617393077250654 -0.1596646621905336 0.09931388469511736 0
0.36617319802620835 -0.1596615158844426 0.09931438720206429 0
0.3661792337651619 -0.1596662772788962 0.09932091612160919 0
0.3661860889990398 -0.15965438675782762 0.09931844486355305 0
0.3661884325293124 -0.15965690042071282 0.09932054507179626 0
0.3661867345904942 -0.15966000602024008 0.09931892616573681 0
0.3661902411633348 -0.15965755173661006 0.09931897869996181 0
0.36618778110853595 -0.15965626186262133 0.0993182368498775 0
0.3661917334821528 -0.1596566563648404 0.09932287133407443 0
0.36619542729980764 -0.15965954103988456 0.09932386839182852 0
0.3661994763184881 -0.1596521745478343 0.09931976199614707 0
0.36619473225896015 -0.15965373299395258 0.09932461699750655 0
0.3661996682548203 -0.15965638762916207 0.09932134096730666 0
0.3661998553516357 -0.15965496960850414 0.0993231392052797 0
0.3661995748924464 -0.15965248810422716 0.0993199519806751 0
0.36620147368995093 -0.1596502129802776 0.09932122220695608 0
0.3661976684651348 -0.15965600684637105 0.09932289812334105 0
0.36619905052240564 -0.15965624590376742 0.09932494147850753 0
0.36620378142894394 -0.15965626884847772 0.09932360190071328 0
0.36619898571870274 -0.15965248184750963 0.09932311741721102 0
0.36619852092419247 -0.1596550153621437 0.0993251815347021 0
0.36620316719087226 -0.1596550607352581 0.09932701306918534 0
0.36620307771893157 -0.15965451394314617 0.09932260716106114 0
0.36620260038561453 -0.15965586702067464 0.09932204326535371 0
0.366205123504462 -0.15965060233181727 0.09932307448800527 0
0.36620130456694594 -0.1596557267065135 0.09932648910165508 0
0.36620105920906193 -0.1596519208225676 0.09932349667180547 0
0.3662056475154671 -0.1596521291854495 0.099325193856175 0
0.3662014128325706 -0.1596555252624557 0.09932335308862479 0
0.36619920352468277 -0.15965098794828197 0.09932409788128187 0
0.36620475490393734 -0.1596530071487451 0.09932550984400093 0
0.3662030719180445 -0.15965516067086863 0.09932447138310042 0
0.3662073463393815 -0.15965384102075986 0.09932608505752527 0
0.3662061801196885 -0.15966002881675834 0.09932434402700761 0
0.36620088457834343 -0.15965568962037413 0.09932699260259124 0
0.3662055694382402 -0.15965404078862858 0.09932699069718029 0
0.3662054120421889 -0.15965455703728287 0.09932554960654284 0
0.3662060606403047 -0.15965179153208894 0.09932417065851884 0
0.3662047697857537 -0.1596557992760423 0.09932306528757114 0
0.3662045120588166 -0.1596567945693465 0.0993249110870274 0
0.3662024271358392 -0.15965396456362563 0.09932722715593847 0
0.3662051320718745 -0.15965136535656618 0.09932332315372053 0
0.36620523359629836 -0.15965395343139507 0.09932826166412213 0
0.36620418134037 -0.1596570797311831 0.0993259222773919 0
0.3662059394742023 -0.15965234262595762 0.09932687914818081 0
0.3662044259884286 -0.15965687897566666 0.09932538052470971 0
0.3662049188062358 -0.1596533969394044 0.09932938392064597 0
0.3662036353718701 -0.15965410418016682 0.09932482428201371 0
0.3662047445087461 -0.15965485872233187 0.09932487180083442 0
0.3662053441780009 -0.15965431386624895 0.09932668198888327 0
0.3662054469941335 -0.15965550986209456 0.09932281562327419 0
0.36620474699105143 -0.15965054672331663 0.09933051449615489 0
0.36620362669325424 -0.15965859021894754 0.09932325280521434 0
0.36620354783543013 -0.15965262419015092 0.09932540375838848 0
0.36620541074040014 -0.15965777794299624 0.09932715942100233 0
0.36620151122771954 -0.1596544848801958 0.09932131202145261 0
0.36620160072383484 -0.1596521759282779 0.09932270895820113 0
0.36620397501472757 -0.15965372518708548 0.0993250661190593 0
0.3662069627421583 -0.1596566233540916 0.0993258707206562 0
0.3662036336018977 -0.1596513752746838 0.09932353095764171 0
0.36620280287690865 -0.15965562812845768 0.09932154940146903 0
0.3662046524123919 -0.1596548989416523 0.09932581127271203 0
0.36620588379028496 -0.15965757899800642 0.0993244840072462 0
0.36620485698656574 -0.15965419148235202 0.09932605074478512 0
0.3662095295350115 -0.15964934034701858 0.09932664761195377 0
0.36620630151709216 -0.15965528838800105 0.09932292899055366 0
0.3662044578241954 -0.15965621342288439 0.09932206373975559 0
0.366206356094281 -0.1596546416681467 0.09932570199278506 0
0.36620784080948027 -0.15965634475288873 0.09932211103986309 0
0.3662031099964236 -0.15965718310473753 0.09932355142330694 0
0.36620155721762393 -0.15965432429945764 0.0993246347165493 0
0.3662052091909425 -0.15965530284630347 0.09932190848523542 0
0.3662034657347839 -0.15965819421067584 0.09932452126908925 0
0.3662062696359241 -0.159654130075263 0.09932337817663348 0
0.366204851798399 -0.1596563638068929 0.09932523956187522 0
0.3662068050222089 -0.15965202014109908 0.09932522755393033 0
0.3662029737608439 -0.1596584310680573 0.09932538137326888 0
0.36620582156203724 -0.1596542782192683 0.09932247472924285 0
0.36620320424873326 -0.15965062151061285 0.09932341759346036 0
0.36620385870937866 -0.15965990364278723 0.09932368688892801 0
0.3662042415918972 -0.15965621177096556 0.0993205995536654 0
0.36620171394601864 -0.15965028173297505 0.0993223840606337 0
0.36620219006769955 -0.15965124004613546 0.09932707823138846 0
0.3662059493207841 -0.15965248495668688 0.09932762314249788 0
0.36620106391560986 -0.1596515772769765 0.09932609980625164 0
0.3662055947317844 -0.15965195244370467 0.09932254415633526 0
0.36620218333224575 -0.1596538229639718 0.09932132213726541 0
0.36620266126048917 -0.15964961835034536 0.09932494194162737 0
0.36620241173185564 -0.15965060756264168 0.09932461211553005 0
0.3662085446229885 -0.15965162673386585 0.09932386894303862 0
0.3662026554377907 -0.1596501706084153 0.09932457939189593 0
0.36620658410840834 -0.15965548543706914 0.09932602704194325 0
0.3662020150934345 -0.15965527059841833 0.09932534707488444 0
0.36620427967841185 -0.15965452440447242 0.09932297302326717 0
0.3662058693303942 -0.15965532980703734 0.09932443459611708 0
0.3662046195090847 -0.1596556085911047 0.09932420967553364 0
0.3662006603940304 -0.15965586558009265 0.09932631505841089 0
0.36620231106083745 -0.1596544454996519 0.09932290444144913 0
0.3662043391990187 -0.15965288151357648 0.09932671820026905 0
0.36619780659536505 -0.1596559221745832 0.09932071626154834 0
0.3662061666409335 -0.1596564230957871 0.09932392145202906 0
0.3662038126801069 -0.15965417211381436 0.0993251873073581 0
0.3662014631645152 -0.15965017242779223 0.09932328608485201 0
0.36620586590834486 -0.1596560421871226 0.09932258440570635 0
0.36620282479656513 -0.1596515085267738 0.0993206855034785 0
0.3662067045996157 -0.15965468203222355 0.09932335889717911 0
0.3662048026915737 -0.15965508962894281 0.09932466688520854 0
0.3662061905749522 -0.15965058751325498 0.09932474048916659 0
0.3662024286170534 -0.15965185683621197 0.0993234815626815 0
0.36620576538438554 -0.15965262829966936 0.0993222060293764 0
0.36620977865053017 -0.15965309869676592 0.09932508815063727 0
0.3662057812183074 -0.15965689030855135 0.09932641171680594 0
0.36620945776047353 -0.15964717511982734 0.09932369834326775 0
0.3662024151596333 -0.1596533904381176 0.0993265982766934 0
0.36620655762465054 -0.1596585804185002 0.09932832194647774 0
0.3662049164059985 -0.15965482583019502 0.09932686714182544 0
0.36620254326914736 -0.15965200234254096 0.09932480382040941 0
0.3662048221056512 -0.15965309243956485 0.09932664458887505 0
0.36620199982386414 -0.15964648573021156 0.09932692893905092 0
0.36620450998808235 -0.15965593005038298 0.09932485440278026 0
0.36620509188707656 -0.1596547096897717 0.09932486586333214 0
0.36620522699893604 -0.15965425914678114 0.09932543435332443 0
0.3662040552717339 -0.1596553530113753 0.099323926457627 0
0.3662071727145996 -0.15965001564801823 0.09932446351811199 0
0.36620605141938295 -0.1596549079582272 0.09932526063216943 0
0.3662013956172826 -0.1596537174040143 0.09932288310936221 0
0.3662041045420782 -0.15965380703118895 0.09932093483319514 0
0.3662027824189511 -0.15965559139074242 0.09932500943502402 0
0.36620470776386266 -0.15965603474920123 0.09932175739094955 0
0.36620311394159666 -0.15965304064432123 0.0993225197632032 0
0.36620488980218197 -0.15965575909529892 0.09932472356936115 0
0.36620418221966894 -0.1596542082561937 0.09932464094892098 0
0.3662004267785966 -0.1596543519813451 0.09932304802387061 0
0.36620723914884795 -0.1596560763856791 0.09932378334536202 0
0.3662044794380398 -0.1596535667782233 0.09932236628211721 0
0.36620415074820745 -0.1596525273898593 0.09932513062335423 0
0.36620203757872544 -0.15965631807290592 0.09932408386041036 0
0.36620307212618564 -0.15965481023597447 0.09932496658326469 0
0.3662082560834035 -0.15965419623346863 0.09932416983045712 0
0.3662035397339471 -0.15965503761380562 0.09932632205231566 0
0.36620230001642934 -0.1596549792242099 0.09932484120961065 0
0.36620716887211996 -0.1596529463977147 0.09932588951068115 0
0.3662034246955521 -0.15965511246623204 0.09932283313435739 0
0.3662064497489522 -0.15965132974514676 0.09932241568443342 0
0.36620304877627846 -0.15965011008955288 0.09932473512881139 0
0.36620484418565674 -0.15965721605114974 0.09932622371183364 0
0.36620417199489075 -0.15965636303599645 0.09932530540466988 0
0.36620456203537644 -0.1596540373120805 0.09932451011579867 0
0.36620374347720336 -0.15965201056785985 0.09932439020194102 0
0.36620251549983773 -0.15965317894850198 0.09932516920500882 0
0.3662045603984101 -0.15965310985568898 0.09932215662929336 0
0.36620717671314695 -0.1596555013132852 0.09932311159349268 0
0.3656627750868237 -0.15928652751488054 0.09909165690132196 0
0.3618070750188061 -0.159437501911962 0.09906431869501886 0
0.3539435777465271 -0.15939611817212423 0.09900996476682086 0
0.3454939001010261 -0.15977062893813435 0.09915750441503836 0
0.34371627202524035 -0.1592829074502493 0.09935883695839869 0
0.3437245141372481 -0.15930272422140893 0.09930367366850912 0
0.34375578237992893 -0.159323759870556 0.09928310504318612 0
0.33923397799026006 -0.1595492609388804 0.09917242443994471 0
0.32486349710020973 -0.15967950763660388 0.0991425687543152 0
0.30953134827916284 -0.15986055661740212 0.09919386586316446 0
0.2964758389176388 -0.15820674983216843 0.09915814322678734 0
0.2791327949110253 -0.15937935397580777 0.09937472310015374 0
0.27070470697259447 -0.1603099255901478 0.09944594196951409 0
0.27068575938038664 -0.16016030459741257 0.09957525014174537 0
0.27076301465985925 -0.16009425480167455 0.09956632803364163 0
0.2708383849875775 -0.16002999725469103 0.09955593889887107 0
0.27103042012652634 -0.15977017703103047 0.09954920586281685 0
0.27108803263240033 -0.15975772678179756 0.09954714254336605 0
0.2711455880832705 -0.1597854369694876 0.09954331339040166 0
0.2713438245294708 -0.1595462757210296 0.09954207436851976 0
0.2713628892518203 -0.1595437234952068 0.09954065005944876 0
0.2714966840831693 -0.15714435717174863 0.09873564283961433 0
0.2718374641161304 -0.1462792094737091 0.09959781690276227 0
0.2715415911028794 -0.13028584944491878 0.09963635758004546 0
0.2712311955062012 -0.126490158134071 0.09958832770726214 0
0.27141755463067235 -0.12645228192436925 0.09925934220109343 0
0.2714134879957868 -0.12648218501163316 0.09931220556622293 0
0.2711066190769081 -0.12637051520512257 0.09987270082673219 0
0.2711585851400746 -0.1264324415726982 0.0998300160801283 0
0.27119538157295364 -0.126496241708343 0.09978234935418598 0
0.2713411415966439 -0.12671398242944307 0.099699845973943 0
0.2714794555027259 -0.1269363748115108 0.09962045737506958 0
0.2717055633879153 -0.12707008443809867 0.09920373502173112 0
0.27166134096874317 -0.12709031926260173 0.09924774741865547 0
0.27147623523389064 -0.12709709561924104 0.09949715541777035 0
0.2712856465013175 -0.12703216145800106 0.0997880765276305 0
0.271311045041295 -0.12704127284004763 0.09974778818115236 0
0.2713366652773449 -0.12704700155470833 0.09969578086014502 0
0.2713693646132826 -0.12705475679769201 0.09963399501391328 0
0.27162081672837457 -0.12715893734854872 0.09918413318373667 0
0.27158690943832003 -0.127140776010369 0.09924284629089332 0
0.27154122568890493 -0.12711317336997124 0.09932620814661151 0
0.2712586346793338 -0.12696683571536127 0.09980345049662609 0
0.2712829177140397 -0.1269743025874771 0.0997562379369924 0
0.27131126004131395 -0.12698360851900664 0.09971313207056544 0
0.2713315730352485 -0.1269917705635872 0.09968054654693775 0
0.271363935161325 -0.12700649461799207 0.09962737551328774 0
0.27161130150167706 -0.12711752741715604 0.09919654235086635 0
0.2715706926843327 -0.1270978222313635 0.09926355297092529 0
0.2712426454377923 -0.12693240086336505 0.09983177505493394 0
0.27127235107508085 -0.12694592223422038 0.09978474110201144 0
0.27129272196048304 -0.1269581920842136 0.09974006818084863 0
0.2713238098055789 -0.12697214807657875 0.09969178905979854 0
0.2713458475560291 -0.12698219666402527 0.09964624004952294 0
0.2716195484745007 -0.12711197818825382 0.09917540731325432 0
0.2715910452510176 -0.1270978163636039 0.09923036268171871 0
0.2715552871202954 -0.12707940488644115 0.09929063064586074 0
0.27125559834185814 -0.12693625715305035 0.09980927377364396 0
0.27127859484466305 -0.12694930886996486 0.09976371313259001 0
0.27130857054095886 -0.12695849576071794 0.09972156370086442 0
0.27165371802045923 -0.12690510352102208 0.09975363258682471 0
0.2809596156315494 -0.1269893477412058 0.09954202093165267 0
0.2892318328575576 -0.12678865082599763 0.09981603025544053 0
0.29026394273955924 -0.12716113049573957 0.09940331553314093 0
0.29026733757760187 -0.12690156842980382 0.09941316561005208 0
0.2897776601551038 -0.12675323686392448 0.09919844963294293 0
0.2897903750747631 -0.12675179147812346 0.09928524460841527 0
0.28966804885458236 -0.12667395264910564 0.09972053835080799 0
0.2900596131846213 -0.12677787619171413 0.0998929309341327 0
0.28995522056283685 -0.12679785098899715 0.09966095673841646 0
0.2898526044825461 -0.12686413568416433 0.09910444563730765 0
0.28986397559177407 -0.12687814059930919 0.09917093016674268 0
0.290246342443033 -0.1269555598888265 0.09961922757064787 0
0.2899465273334265 -0.1268676188036759 0.0999202415899993 0
0.28946860612034286 -0.1268127585991275 0.09955816747772607 0
0.28983299485958536 -0.12699540086038152 0.09907695195663559 0
0.28987901592324006 -0.1269970371099421 0.09916259494132817 0
0.2902774500464818 -0.1270630338710116 0.09947395715561731 0
0.28982110947186374 -0.12687717284280148 0.09990585690958753 0
0.28944392095525356 -0.1268111439430396 0.09962054286389437 0
0.28954759506243416 -0.12684241029345086 0.09958286268519825 0
0.2903584926146281 -0.12709511022634323 0.09938002646881934 0
0.2902638307926425 -0.12705642633261482 0.09940877969418777 0
0.2897055927634094 -0.12693883851521282 0.0991737770020828 0
0.2894698746806287 -0.12680957372184157 0.09966062655093665 0
0.2895755701181999 -0.12683414834207568 0.09965216081303879 0
0.29016009911323437 -0.12699967720833688 0.09963596710796686 0
0.29021929445019073 -0.12705417870224117 0.09934131653811804 0
0.2897574088522306 -0.12694602311828643 0.09914729841440771 0
0.28972369974469003 -0.1269158797113185 0.09930694640065411 0
0.28965594794888183 -0.12683973253981062 0.09976407484866566 0
0.28998037682365496 -0.12691644798641827 0.0998833755693311 0
0.289696796675327 -0.12689455277273468 0.09940658580108994 0
0.2898094565396713 -0.12696985330029162 0.09909278267712818 0
0.28982366691287836 -0.1269632375748197 0.09917514840973718 0
0.28997212279428947 -0.1268948808451416 0.09999146427358005 0
0.2899214554452816 -0.12689018612010697 0.0998996037517745 0
0.2894741998204306 -0.12682241027793353 0.09955558228532753 0
0.28984618889268904 -0.12698421464325327 0.09906527527168574 0
0.2899363664317872 -0.1269963036265092 0.09919235620169302 0
0.2902633508563264 -0.12704106143341348 0.09947558911910037 0
0.28968003471287446 -0.12683663697893216 0.0998013458142162 0
0.2894749735353607 -0.1268078270930465 0.09961478444268981 0
0.28957305044171744 -0.1268372394160419 0.09956954898837403 0
0.2903011389747462 -0.12706921115292624 0.09936842942415382 0
0.29026420538008435 -0.1270504463771427 0.0994271754643617 0
0.28966684162732115 -0.12691123501341828 0.09920904645547292 0
0.28945053552658123 -0.126795078799949 0.09965655636586879 0
0.2895477334607085 -0.12682609411141976 0.09963714031189135 0
0.29036648604222515 -0.12706511662421666 0.099377044106902 0
0.2901570494558224 -0.12705777916523106 0.09933803139400667 0
0.2897455926299313 -0.12695339602293165 0.09917751857301235 0
