0.43864774434945925 0.1934862081388195 0.44775091317354987 1
0.43873581033771725 0.1936096573139648 0.443936738880586 1
0.43856570747755635 0.19373644089652917 0.4252455487970385 1
0.4388608984124749 0.19359366202470288 0.4021388413009244 1
0.4385015559710619 0.19375225221426715 0.379438823924153 1
0.4386357526865651 0.19351129707550213 0.35655897820130983 1
0.43855376729338735 0.19339107891512552 0.33663300650368194 1
0.4383562313767262 0.19358854664643213 0.31675266324373547 1
0.43867543539299 0.19317727162759693 0.2944405299570082 1
0.43828939142985873 0.19350517475164525 0.2743173663204807 1
0.4385454262317104 0.19342014062480362 0.25459883332936495 1
0.4384506861509853 0.19339508118404883 0.2316734522750535 1
0.43778995439488094 0.1935927448137874 0.20898694956962516 1
0.43774388115637836 0.19358386390609422 0.18877246567486117 1
0.43835561362289255 0.1934003213328102 0.16701405817789644 1
0.43812102050397267 0.1936255405675527 0.1443288378582119 1
0.43808068892051405 0.19364053235674228 0.12194931881058871 1
0.43835919428456555 0.19333091280276624 0.11117579613037418 1
0.4390053809719729 0.1932068195718389 0.11088546811990806 1
0.4419651381267685 0.2016832236031672 0.11102489884569912 1
0.4472996185591351 0.21675532361469574 0.11065974434069904 1
0.448086807398567 0.21823359450475632 0.11052619080567928 1
0.4476549510526928 0.21723220541247065 0.11013618843634117 1
0.4456017501590066 0.19783645727881613 0.11045956399932702 1
0.4440989805639496 0.19325294063396217 0.1108493954929165 1
0.45429202295968224 0.19152752336687248 0.11086186876243223 1
0.47326181846935994 0.1892667983141802 0.1096718968460352 1
0.4761422043955905 0.1890753369205924 0.11040052657802489 1
0.48474866903890745 0.18811435402198073 0.11071930753727811 1
0.4927613262374809 0.18588177879485068 0.11070799142948366 1
0.4967135823737627 0.1996629680830278 0.11066061462903258 1
0.5011174149955069 0.2201818847814373 0.11023639146700233 1
0.5017984195685861 0.22275693447674405 0.11011856146576876 1
0.5037773780505737 0.23627312567490083 0.11028078483252558 1
0.5080310422622326 0.25748174142732916 0.10986931428655583 1
0.5088283545689622 0.2616592370412178 0.11013751443284596 1
0.508847723422207 0.2616961765809546 0.11018096742441595 1
0.5088520702986238 0.2616785794013262 0.11018681509875461 1
0.5088542089978331 0.26164962600236374 0.1101804624833169 1
0.508861944585955 0.26161897712758153 0.11017086648016408 1
0.5088678992057805 0.26158965556321956 0.11016606080202937 1
0.5088786585395048 0.26155478876442095 0.11015430423445423 1
0.5088854043324329 0.26152743785425275 0.11015264595093763 0
0.5090133760264428 0.26128213209229345 0.11014706941543272 0
0.5090410922682301 0.261197529092404 0.11012614774823476 0
0.5091765814868554 0.2611426176916561 0.11030215844817069 0
0.5094415385457449 0.26114478165785043 0.1106207477767087 0
0.5093688405964502 0.2611664786952754 0.11056560326209446 0
0.5089498970797544 0.2612671401605533 0.11020247753408355 0
0.5089876408387144 0.2612605512396383 0.11023452558099617 0
0.5090008093831565 0.2612541186468357 0.11022772892809854 0
0.5090139273510768 0.26124942453581224 0.11023102782064997 0
0.5090359148884693 0.26124863760418604 0.11025401349157594 0
0.5090537341184007 0.2612482899468363 0.11027613571615809 0
0.5090620369319044 0.26124681993505816 0.11028277658833528 0
0.5090699883843292 0.2612458341149926 0.11029246835712467 0
0.5090670751166899 0.2612495288512202 0.1102914748352721 0
0.5090663336308356 0.26124131021420977 0.11029742303720302 0
0.5085719218657436 0.2503447289172792 0.11024365531359237 0
0.5083087200563332 0.23402585510567275 0.11044132723440286 0
0.5079867491726595 0.2332842706586365 0.11082902929218484 0
0.5027213420533829 0.23318123108103234 0.10969164388115812 0
0.4876035948625492 0.23475781648075428 0.10994351519652924 0
0.4847075048218043 0.23575625342934514 0.10991431992871933 0
0.4842077847360473 0.23620713587466427 0.10982279343110841 0
0.48386207312147034 0.23666918094502604 0.11003846240701518 0
0.4843394437972051 0.23664533992469472 0.11000238234644248 0
0.48435552511377844 0.2366766493112346 0.11004578155231924 0
0.4847626328325489 0.23628877099988915 0.11040783950214984 0
0.48446106534118716 0.2363220745996203 0.11012401220910059 0
0.48368587131033913 0.23707302808498953 0.11007012528168678 0
0.4836895696889467 0.23715813257962565 0.10969841852882273 0
0.48382396174044134 0.2370075053902181 0.11531421003211301 0
0.484841546351247 0.23665081882114997 0.13196029493241784 0
0.4840763128724115 0.23654551252435943 0.13202498810725666 0
0.48433396751295954 0.22660888653502428 0.13163482739885468 0
0.4869898440167746 0.20594038867519876 0.1322967970409571 0
0.48989676359637435 0.1826656987790292 0.13234766993380861 0
0.492120104786463 0.16399062269612036 0.13223423527993652 0
0.4927718405093119 0.16286999443877964 0.1475686711471414 0
0.49254662741984945 0.16283945883162879 0.15750979198455167 0
0.49122465881047034 0.15759423766137615 0.1575467400300903 0
0.49358770679559927 0.13671370213906442 0.15719615772829681 0
0.4957067569015174 0.11658579868180091 0.1571168033181128 0
0.4962631168711893 0.09402943344797132 0.15741864628307609 0
0.48768928188750144 0.07442965780015691 0.1565578059097032 0
0.46937351722354664 0.06531491671555488 0.1579686383090128 0
0.44748269425884346 0.055050279466364815 0.15807351864376207 0
0.42810665050040425 0.046426293212153705 0.15813865061344323 0
0.40625708503047386 0.03633203111715483 0.15791893143848607 0
0.38705606464691794 0.027450495407282588 0.1579004446824294 0
0.36546620593582657 0.017578865337966945 0.15805156139679105 0
0.34405699184275945 0.006994106909106748 0.15816305105043676 0
0.3287644921930989 -0.0069899150575222085 0.1582482981670359 0
0.321347924418236 -0.026058612903559056 0.15821528407504468 0
0.31695563113109004 -0.04898775780582172 0.15812357512725259 0
0.313105604383834 -0.06918968593694778 0.15812032767913634 0
0.30859919916555845 -0.08905368322602017 0.15807999112110793 0
0.2959988683136122 -0.10851001467682976 0.1583637147733555 0
0.27835071703121117 -0.12028977383245283 0.15812603552195287 0
0.25859609345957196 -0.12778523814444198 0.15789772299771251 0
0.23910196856917126 -0.13910899531445714 0.1586939225941159 0
0.22951835653332095 -0.1571107015432492 0.15828642589631153 0
0.22167897848218046 -0.17659344154903434 0.15817223140621836 0
0.21287952847869643 -0.19811959630814896 0.1579442393034777 0
0.2084290687824215 -0.20811533972656487 0.15822868589735206 0
0.21067678076325774 -0.2088726627015317 0.1583328171538317 0
0.22565699932606334 -0.207838984775164 0.1584821022373796 0
0.22652993607593347 -0.20785135149775041 0.15840596704067295 0
0.22704821473634476 -0.20791069020973768 0.15771374867893267 0
0.22685661634900442 -0.20785872382054077 0.1579914141052948 0
0.22623176807630524 -0.2077578285264287 0.15833724037799293 0
0.22635521654753046 -0.20823568934542122 0.15852807395940272 0
0.22633897136686154 -0.20784912446624187 0.1583033330303049 0
0.22697134745211645 -0.20736205921527628 0.1581612609963074 0
0.22638737081222013 -0.2073078052635389 0.1579812048533275 0
0.22647347233692725 -0.20761450673089732 0.1579428960486853 0
0.22621549990458129 -0.2077024488537435 0.15852492448060962 0
0.22663431296106176 -0.20794491286106567 0.15810971408974833 0
0.22626762538612938 -0.20762832668283013 0.15848547758785556 0
0.22588280940417263 -0.20801530088295803 0.15832691092348283 0
0.22597759778674592 -0.20818896254379338 0.15827583382396743 0
0.2260668692930129 -0.207959363918891 0.1580785291113997 0
0.22620417682671856 -0.20770479557417967 0.15817221090582975 0
0.22635620489335417 -0.20768181923642143 0.15830066665800577 0
0.22629880905143307 -0.20757747716780622 0.15823420090944898 0
0.22622069479479456 -0.2077139623012268 0.1581082776921185 0
0.22610604719712546 -0.20736495342657185 0.15827364676946143 0
0.2263561730593765 -0.2076758459739329 0.15820262340466038 0
0.22621963822261248 -0.20788774604429472 0.15813319413664537 0
0.22608805437775795 -0.2077173460587677 0.15808070334478186 0
0.22632374304871666 -0.20772236262453841 0.15835036405122993 0
0.2262471999044726 -0.20757232068574785 0.15831472600136903 0
0.22625876306547166 -0.20746631014136002 0.15839005582081955 0
0.22619367004486993 -0.20741262175246622 0.15839916347070648 0
0.2263779492576937 -0.20763191577490892 0.15824612982214642 0
0.2263112619780862 -0.20757415790125983 0.15824907904084945 0
0.22619182882599304 -0.2008393449516144 0.15849796723297033 0
0.22636303874359606 -0.19601848351979728 0.15834622645653573 0
0.22589682787667076 -0.1958542830965646 0.15805528910393207 0
0.22582793893388112 -0.21059580311846243 0.15742075990149934 0
0.2250940315821975 -0.21869614775220364 0.15743249158759587 0
0.2265611368477272 -0.22029780735809867 0.15853687820139745 0
0.22650229688384688 -0.22034502026660818 0.1585915725592604 0
0.22625854314943078 -0.2198595286650346 0.15833492727123988 0
0.22658191020583002 -0.21939222715507867 0.15833028956837286 0
0.22584436701190658 -0.21979241409771247 0.15810004669587496 0
0.2258936213649788 -0.2197522533010704 0.1581003486309699 0
0.22594612095472288 -0.21971611029086918 0.15810749455573378 0
0.2260007126232091 -0.21968697438300586 0.15811933107319026 0
0.22607361711080354 -0.21963360516856176 0.15817352061134682 0
0.22627191090183144 -0.21900847400979143 0.15793031135704894 0
0.2261414616993703 -0.21905047662817623 0.15812259570514703 0
0.22606673755349363 -0.2191876530247427 0.1581379038968197 0
0.22605663009830998 -0.21927983659264189 0.15815492482051371 0
0.2262327810694347 -0.2194999487218286 0.15829437429253962 0
0.226403899147184 -0.21974104200995498 0.1580965944431292 0
0.22595575015302335 -0.22014944663459188 0.15822631465636322 0
0.22570260707688103 -0.21976130604778096 0.158017441952178 0
0.2258548363784678 -0.2199094483901509 0.15812499084596598 0
0.2258959262290984 -0.21988086723429495 0.15813598151224234 0
0.22590719812187993 -0.2198744359230547 0.15813716607518402 0
0.22592240374388953 -0.21986840691975323 0.15813937503725972 0
0.22593364817197834 -0.2198511257259913 0.15814033203550798 0
0.23149108169142005 -0.22593247064419814 0.15784673378156194 0
0.25097564145490137 -0.23124304854688982 0.1576271187652118 0
0.2737843530814423 -0.23132649412773962 0.15784681188547212 0
0.2943133128629943 -0.23117626041347145 0.15784247714999716 0
0.31417525489339393 -0.23195216124830437 0.1577927402251671 0
0.336594697921256 -0.2401982671107891 0.15773708274621967 0
0.35659623153276265 -0.23439305305225022 0.15795401061716693 0
0.364031804011409 -0.22691066180538833 0.15797139310007446 0
0.36383625333258457 -0.2266659096420613 0.15796888744232218 0
0.36930983540296164 -0.2268504251518954 0.1578939956949781 0
0.3873481264980106 -0.2269491356686091 0.15731830392895374 0
0.40894159128780855 -0.2265099549735356 0.15683648282896545 0
0.4178955995921291 -0.2242473629944869 0.15770697711954051 0
0.4245739883647173 -0.22138731132671063 0.15698801028914094 0
0.4304261311799873 -0.223542667612241 0.15702426722279098 0
0.4335653886150267 -0.22644640188161116 0.15788692336269286 0
0.4360529143839136 -0.22792717615992003 0.15826633880754606 0
0.4385808971986671 -0.21580382960143732 0.16061130615915134 0
0.43826293594061383 -0.21144952911938236 0.15851145768779687 0
0.43851251304888494 -0.21049189372903754 0.15838431175067766 0
0.437894122646555 -0.19734382951445195 0.15850961812682246 0
0.4381437748513794 -0.1764701999159386 0.15838730928086436 0
0.4380829025751988 -0.1535399675748722 0.1583354700634015 0
0.4377950965357074 -0.13387042047283557 0.1581574242480837 0
0.43819917700693956 -0.11089792959556793 0.1582784185378935 0
0.4381887173641292 -0.09443251037465683 0.15808007001413557 0
0.4376422448900445 -0.093916369126458 0.1579038155069299 0
0.4376949814865937 -0.09397653838732163 0.15795972534704683 0
0.4377899713632699 -0.09404512610758059 0.15805338151065512 0
0.4380684962690167 -0.09419474855358706 0.15831312866891384 0
0.4382744747832006 -0.09431013476361771 0.1585148181889922 0
0.4382757384982673 -0.094332627723139 0.15851298351757975 0
0.43827632349912965 -0.09435562772338661 0.15851390131076887 0
0.4382694571895163 -0.09437870211303007 0.15851330855400167 0
0.4382696451315948 -0.09440613455456874 0.15851734742333745 0
0.4382679884461709 -0.0944255038834966 0.15851706105386218 0
0.4382663109290319 -0.09443650322168677 0.15851872836247588 0
0.43826364345408203 -0.09445909961593145 0.15851900168433916 0
0.4382622213507025 -0.0944685327232966 0.15852167910529824 0
0.43826393484425585 -0.0944859985977491 0.15852454123433973 0
0.43825992379685164 -0.09449556811092971 0.1585230206363339 0
0.4382598397392556 -0.09450510403453989 0.15852483145065624 0
0.43826031171236157 -0.09450730058261952 0.15852628098227534 0
