0.4387485524891451 0.19346806990654258 0.4476952560037018 1
0.4387535217384964 0.1934642016890274 0.44769622871415504 1
0.43875632785695207 0.19345778716702744 0.4476930914274764 1
0.4387544856648755 0.1934621669157326 0.44769722210432683 1
0.43875555301805236 0.19346148514402195 0.4476956389838562 1
0.438753413063632 0.19346401451651904 0.4476986267272216 1
0.4387497043194867 0.19346726187869825 0.4476922874968505 1
0.4387517876290775 0.19346304333876763 0.4476973904098688 1
0.43875152108418325 0.19346446479773505 0.4477002747839613 1
0.43875366084346046 0.19346131446956383 0.44769582456461016 1
0.4387510609092897 0.193462868218564 0.44769671996927163 1
0.43885841808052267 0.1928106875005665 0.4459971538217831 1
0.43853872723591736 0.19305400888768726 0.4467169544060731 1
0.43855845545221794 0.19323345797393393 0.44697400036090496 1
0.43896771548618263 0.1932815836495665 0.4471959591188224 1
0.43868844628126136 0.19338085856735654 0.447711846186045 1
0.4239278620464912 0.19191923177840944 0.4495590423873807 1
0.40519813666824117 0.1830694640038895 0.4490559417575362 1
0.3837162239514964 0.17260772051205858 0.44822608201857395 1
0.36244190231492307 0.1621125941644564 0.4478835222622784 1
0.3434079262732686 0.1528028947072999 0.44766254348428475 1
0.32220947009232165 0.14242054471995058 0.44764420965612545 1
0.3006876128257526 0.13241411114266594 0.44852911806743434 1
0.2795868435842177 0.12209521360280362 0.4482350930981522 1
0.26449783653883024 0.11456440566244673 0.4480747553399854 1
0.26293937150604074 0.11301595970098739 0.4480416437621513 1
0.26356620777286005 0.11228818856592579 0.44790098196506667 1
0.26323497599672896 0.1130555316619553 0.4479815405883917 1
0.26324441605347837 0.11320411234455627 0.44791675335157116 1
0.26320558420731033 0.11342218301824455 0.4481930274489165 1
0.26316006991606866 0.11344797902960019 0.44769950198751884 1
0.2629839330707182 0.11430139297610646 0.4473877617955115 1
0.2632515577452258 0.12714120990539682 0.4483331455894118 1
0.2634138548366772 0.14420359476886835 0.44851161285602853 1
0.2634161533868661 0.1605683066444752 0.4480623888400083 1
0.2663404583580967 0.17231463445394582 0.4448675272308056 1
0.2708603419269419 0.1832656499033452 0.44116669998525443 1
0.2751566733362258 0.19428210650997324 0.4371609158989395 1
0.2789480859724947 0.20477131467953558 0.4347802667006431 1
0.2822409712478229 0.21583106965810053 0.4341889297271408 1
0.2859415803681295 0.22798854675246383 0.4346259114319655 1
0.287310061490301 0.23368091850051695 0.4351670760365206 1
0.2872846404904888 0.23371293895470668 0.4352183781852046 1
0.2872690113789823 0.23371515650932567 0.4352024224386066 1
0.2865597356031478 0.23361479551279563 0.4344134145383638 1
0.28194947056386294 0.23297098372414404 0.4294597723760029 1
0.27748582403369704 0.2320125538318178 0.4233792628718638 1
0.27294689814615225 0.23065474927347196 0.41768510583486124 1
0.26806919526405926 0.22929921868676573 0.4118674300302244 1
0.26357721820582825 0.22721903899986634 0.40636099692070465 1
0.2593023835538207 0.22551679050532103 0.401150500479741 1
0.25499662473075196 0.22297718255050455 0.39575016246495576 1
0.24992458238633564 0.22067022049846785 0.38984323118200453 1
0.24581734317084192 0.21802743271299177 0.3844493979503585 1
0.24121865286364447 0.21516866070968124 0.37910487287732675 1
0.23694978594643146 0.21229562841467986 0.373701293520513 1
0.23258437542995886 0.20920775304079708 0.36802182356069424 1
0.23084418967435028 0.20823091976314945 0.3654131215416176 1
0.2308688128826387 0.20820940018555467 0.3654186048918403 1
0.23088525914745933 0.20819728262940096 0.3654195294214012 1
0.23101014792749341 0.208077586582204 0.3654436751265308 1
0.23273032763391976 0.20608827557095855 0.36653631893589717 1
0.23691666184116192 0.20008886587581684 0.37031985718851473 1
0.2403712195934845 0.1940041354583944 0.3725674637458523 1
0.24162450406903685 0.19155497564703466 0.37317885446662574 1
0.2415684067769333 0.19150069027817235 0.37335692041460455 1
0.2439569245384755 0.19547728004736598 0.37410812704752117 1
0.2499158124186153 0.20611179507926713 0.380671714722258 1
0.2554044492595403 0.2172307130499615 0.3867214934654 1
0.26084704481625454 0.22961367439177782 0.3922660063484043 1
0.26613401860704006 0.24367650288563242 0.39710815907487323 1
0.27168348376791435 0.2615381787902953 0.40120200192783495 1
0.2767853091585999 0.27706713508481806 0.4023360315534715 1
0.2771060961712122 0.2781368380146806 0.4028131074249512 1
0.27756023396406926 0.2780573808750009 0.3842280838249612 1
0.27712644292608357 0.2781454180906681 0.3605181631595876 1
0.2769066628096606 0.2780565010309889 0.3399221166242043 1
0.2767633859724667 0.2778699881811573 0.31703660482317586 1
0.2767618181721192 0.2778767341849805 0.2942314032924678 1
0.2769901110855344 0.27774603724799735 0.2721535108816968 1
0.2770335335524289 0.2780299018011124 0.2494652492893708 1
0.27712955133573425 0.2781999358783888 0.23007240161276912 1
0.27688393774472503 0.277694310371986 0.20660578804960714 1
0.2768786326289532 0.2773283967123462 0.18650322095585614 1
0.27693815058264876 0.27789886032846145 0.1643707676183454 1
0.276894000298315 0.27798863027688964 0.14192537156568386 1
0.2766705321909684 0.2781137358169922 0.11953081695469821 1
0.27697015995019625 0.2783194400966993 0.11539809631512755 1
0.2771303283889011 0.27819267735273634 0.11532130479849514 1
0.2771119011594992 0.2780566722444372 0.11412293636234785 1
0.27669777529722256 0.2775669835429127 0.09603141796555291 1
0.2771242281341382 0.27753938118318594 0.09458163060819896 1
0.27720271313943584 0.2777586273960444 0.09462940262563352 1
0.2771882539778777 0.27777678586562093 0.09462452672797214 1
0.27718055188061047 0.27778244016944703 0.09462103428191554 1
0.2771780789519212 0.27777667833581987 0.09462607937998078 1
0.2771462455355428 0.2778203667456579 0.09461410322503647 1
0.27714758928714445 0.27780198552234936 0.09462141400142354 0
0.27714517309193737 0.2777933174181893 0.09463234183409813 0
0.2771506264229529 0.27775036163432676 0.0946030532434627 0
0.27716232952802394 0.2777122420424394 0.09461115507241773 0
0.2771343475105495 0.27753325079774255 0.09455855730919596 0
0.27714411146760576 0.2775087825569562 0.09455075706599238 0
0.2771437190166237 0.2775148889349107 0.09455733822374832 0
0.27714780161201735 0.2775131799244479 0.0945624818322267 0
0.27714721595839115 0.2775191184524132 0.09456223242797415 0
0.277144879794537 0.2775243818339702 0.0945623914054547 0
0.2771435903685899 0.2775317789090332 0.09456884969486795 0
0.2771470472193955 0.2775311849755805 0.09456925340025793 0
0.27714324281772307 0.27753598517106104 0.09456859954250658 0
0.27714495890028146 0.2775391459894387 0.09457181804793284 0
0.2771431931968268 0.27754613526129523 0.09457120804986742 0
0.277145650096425 0.2775492788380496 0.09457621733126453 0
0.2771440385186891 0.27755114219242516 0.09457367912976236 0
0.2771433561886987 0.2775580041998285 0.09457734869150934 0
0.27714218932544116 0.2775571363974666 0.09457546832020501 0
0.27714722568939076 0.2775509141602497 0.09457450671807334 0
0.2771471042898773 0.27755008132296893 0.09457374438886416 0
0.27714867631692863 0.27754947027825394 0.09457523977208325 0
0.2771514364569428 0.27754371699594654 0.09457800038625623 0
0.27715331936048504 0.27753718679008277 0.09457500510040448 0
0.2771580165286493 0.27753568302960147 0.09458307184554639 0
0.27714990626492736 0.2775463386776813 0.09456972114472822 0
0.277152083008506 0.27754930780304743 0.09458115670183354 0
0.2771488485551785 0.2775509739679276 0.09458302382652188 0
0.2771481774741941 0.2775537158642707 0.09458156480176952 1
0.2771493441039419 0.27755447089604846 0.09458350939910402 1
0.2771536587465511 0.2775490817418031 0.09458401743940414 1
0.2771490993964081 0.2775549216790725 0.09458239413965036 1
0.2771489328744165 0.2775546769221468 0.09458489359835162 1
0.2771481882475901 0.2775564171285884 0.09458335785256607 1
0.2769594516894636 0.27819331130472236 0.09495445071071142 1
0.27689582986303296 0.27883823323389967 0.09508514119545479 1
0.27708363316943274 0.278311224148189 0.09477546647984769 1
0.2771550674172372 0.2779989640751967 0.09482254088894897 1
0.277449701622428 0.27773409001116106 0.09505237494067556 1
0.2771643330344943 0.27786075508808816 0.09492184536230537 1
0.27711217969006063 0.2779553816127971 0.09497438974930712 1
0.2771644232856302 0.27770374176860824 0.09478072645047085 1
0.2770707917388519 0.277914485445764 0.09476507720214328 1
0.27684207322984733 0.2773907700075347 0.09398572601726905 1
0.27694572546300245 0.27743264983367005 0.09466470807569038 1
0.27717738152934124 0.27748209555634545 0.094926289130707 1
0.2767342490942891 0.27725131480770854 0.09459992572484965 1
0.2765774756842336 0.2770348401931317 0.09420651589493897 1
0.2766304686799422 0.2771582316923261 0.0944315847543376 1
0.27682242142254426 0.2771785053421606 0.09442113824893558 1
0.27703396916202927 0.27729489540822694 0.09455287559133378 1
0.27688617506831625 0.2773662280073014 0.09454347034733304 1
0.27693082185724527 0.2774271974551578 0.09448608262761736 1
0.2771067978206422 0.2772680212218762 0.09454602946402248 1
0.27766258884673006 0.27714789771894666 0.09481601520061265 1
0.2776012648691388 0.27724586902321857 0.09478965091901403 1
0.2780611006060886 0.2770459735796106 0.09464146563171563 1
0.2777404919465099 0.2773008926458243 0.09464602835617103 1
0.277624805458361 0.27735852961899415 0.09465453226455084 1
0.27697696722421633 0.27766910782702725 0.09479736988396996 1
0.2770308128007122 0.27763626579794665 0.0947691136880055 1
0.27759710108579105 0.27736586205827507 0.0945938977736074 1
0.2774694599847669 0.2774309735630993 0.09460016180189959 0
0.27648156619233044 0.27794925581203167 0.09473263439247719 0
0.27650398860627773 0.2779019353468567 0.09469530431607819 0
0.2765665996395521 0.27786857051779124 0.09467638313323416 0
0.27714468147626703 0.2775949002738217 0.09454145628866398 0
0.27710411830729037 0.27761285695819365 0.09455625177826452 0
0.2770618356770972 0.27763285569641805 0.09457504775274275 0
0.27651967692848395 0.2778759295072871 0.09471308818350516 0
0.27660479167876917 0.277835554638742 0.09469258977329008 0
0.27722679321985055 0.2775445511962072 0.0945516249742713 0
0.27725666805889915 0.2774989494281881 0.09456302745173108 0
0.27742127214055246 0.2773126316309166 0.09457336487492228 0
0.27738782053741756 0.27732547387346285 0.0945869003827147 0
0.27677823428963316 0.2776161320071183 0.09473360227956734 0
0.2768284022168701 0.277601685635955 0.09471719094387607 0
0.2768829486843727 0.27758502101684046 0.09470074582911941 0
0.2774502243211975 0.27732967090596494 0.09455619450307406 0
0.2778577456090563 0.2776141481310973 0.10796207713480792 0
0.27733427456924314 0.27762612953441146 0.12766209350159646 0
0.27737499647308994 0.2771408220550643 0.13893316474695475 0
0.27697140955881044 0.2774025148695316 0.13920744224322218 0
0.2767908009567939 0.2776895750081143 0.1527756409029725 0
0.2770491420693918 0.27753577423192755 0.17267176975521228 0
0.276884370638249 0.2775850115409596 0.1952513860619239 0
0.2768984001719046 0.27725580793009086 0.20160142135287576 0
0.2767990770023408 0.27728252609298504 0.20250504601224564 0
0.27701457068792273 0.27746633957540423 0.22202445484143318 0
0.2768702460385818 0.27752110879949715 0.24225928004192093 0
0.27681587897458926 0.2772626607322656 0.26392313673232354 0
0.2761634139816832 0.2774789797000857 0.26844478497103846 0
0.2762481616658417 0.2774850228239298 0.26866498219592466 0
0.27656979218354927 0.2775961297294337 0.26901409914542274 0
0.2767148608012992 0.27763761858710767 0.2691536058827173 0
0.27669518866979115 0.2778754987622629 0.2688941057966831 0
0.2765629107322836 0.27792225433898565 0.26897394175981126 0
0.2765528483658425 0.2777859549325641 0.2689963448044802 0
0.27666044981053156 0.2777324773955545 0.26901091565962437 0
0.2767446748546126 0.27769576661940204 0.2690235735875317 0
0.2768605946774038 0.2776433332809586 0.2690390103590552 0
0.27728328209234576 0.2774510206176747 0.26910862192689033 0
0.2771567086204822 0.2775060904530371 0.26909407964538246 0
0.27663107631360967 0.2777424904308423 0.2690044997279414 0
0.27668985670735663 0.27772086856049766 0.26901681325253907 0
0.2767471572005661 0.2776929352274241 0.26902734392361005 0
0.27733420848270296 0.2774226807246406 0.26912171583582384 0
0.27723639793981286 0.2774713679762792 0.2691062019393767 0
0.2765769070888747 0.2777705973892448 0.2690005776377292 0
0.2766351037883732 0.27774389680959843 0.26901334607504374 0
0.2820209520913843 0.2793682423396772 0.27061246642008413 0
0.2848713882064676 0.28029421966341284 0.26907575566072267 0
0.2848106315460094 0.2806028299234137 0.26909026512683354 0
0.284948241298029 0.2812240876829456 0.26930963370253286 0
0.2850283021252578 0.2811845937993742 0.26931706003461153 0
0.2850637889010002 0.281147579916306 0.26931155327777434 0
0.2855064154859354 0.280926486858621 0.26936915718958326 0
0.30196978849576905 0.2898145216736951 0.2678178231958714 0
0.311014841768782 0.31081453786931135 0.2686564734030496 0
0.311615406521268 0.333680171374931 0.2687144874932053 0
0.31119358671269814 0.3552818866278481 0.26869531199566915 0
0.31109208307479774 0.359758593063782 0.2692228993088596 0
0.3110950848061059 0.3600010001375896 0.26919472641722275 0
0.3168510747762195 0.3549781757161062 0.26856347757148585 0
0.3329052637809668 0.3410109398935231 0.26820426904894923 0
0.35216827577100185 0.3246300061260813 0.26861613242484744 0
0.3623116176588325 0.316131353607529 0.2687085032158774 0
0.36200969944165995 0.31663841725903935 0.2693513820439523 0
0.3619107055652723 0.31678524963875104 0.26954227733937836 0
0.3613477573052083 0.317557281311071 0.26890220582980895 0
0.3611666713417142 0.31753648277907476 0.2687420318188331 0
0.36111107683838384 0.3175489315728437 0.2688122860727972 0
0.36086556868879177 0.31757608928864045 0.2693346308961206 0
0.36086004050583104 0.3175903025810859 0.269263788757413 0
0.3608412677817401 0.31761102585992945 0.2691739167499004 0
0.36094506379631236 0.3175729666158684 0.26830516557691086 0
0.3609068078858447 0.31758408343884315 0.26838402594688476 0
0.36087359668212105 0.3175886916896428 0.26848074858669635 0
0.3606335616207119 0.31760068976991473 0.26908868243778256 0
0.3606614716302858 0.31760038651598776 0.2690356922900026 0
0.3517957903836218 0.3172987200420547 0.268796793169267 0
0.32981246317692076 0.3173596460397684 0.2695617274837578 0
0.32016277821257855 0.31753156385573333 0.2689963309287486 0
0.3192001299448306 0.3177863060664603 0.26851345215832073 0
0.3188428752572886 0.3183455819493378 0.26878558339733843 0
0.3190934766151608 0.31789514138181996 0.2685378273994355 0
0.319108994900038 0.3175898894208032 0.26804386609514486 0
0.31931803394426717 0.31730886530683505 0.2687011746626902 0
0.3193875390740588 0.3173405971319295 0.26862881969603414 0
0.3196609089688657 0.3174358982518469 0.2686097678951205 0
0.31985993047252476 0.3175078129643376 0.26891779013794276 0
0.31987173958985876 0.3175090670180107 0.2689349832890664 0
0.3201818722552367 0.31784883159984234 0.2691903768668415 0
0.3176785523911175 0.3331636670898842 0.2686270080754514 0
0.3172481243504866 0.35320433816057983 0.26797610166967456 0
0.31673390679861924 0.3731009973275402 0.2680722874696976 0
0.3169310164012583 0.375600336956201 0.2689699104898023 0
0.317171775783354 0.3722227311610381 0.268648105182973 0
0.32468623209231356 0.35080986180793183 0.26923852977436746 0
0.33164614863030545 0.33028836803624817 0.2690173892296375 0
0.33275156688564533 0.32685763518235567 0.2689944382240687 0
0.3331478785998765 0.3267943252461068 0.269042660426723 0
0.33326204154521333 0.3268679092810033 0.26848088604894665 0
0.3334064101582796 0.32696862550496086 0.26869042836193363 0
0.333355073235778 0.3270109180679751 0.2687487088349296 0
0.3325654687113949 0.3274565490107326 0.26863532728647843 0
0.3322966831007036 0.3276459332738083 0.2691185980653903 0
0.33236914774392357 0.3276102705389875 0.2690707234544631 0
0.332695311770129 0.32746081797967763 0.2684646438795548 0
0.3326906544219269 0.3274649692638927 0.26852489104099075 0
0.33267495154955296 0.3274677741019111 0.26858200158614126 0
0.33322830931889386 0.3272067681659813 0.26955730065435973 0
0.33320474310009524 0.32712278101064507 0.2687161324921273 0
0.3321723165040225 0.32748284512231957 0.26837060162610865 0
0.3329846214408327 0.32723830079758204 0.26890395390074523 0
0.33307126540898224 0.326933173956961 0.2688038969887668 0
0.3330342451059551 0.32696605616404784 0.26856464082506104 0
0.3329209802673776 0.32687235945486226 0.2685865558552233 0
0.3326448797488899 0.32708883130525485 0.26850403355235464 0
0.332372991767095 0.32707294542173404 0.268221708015135 0
0.331960285855152 0.32651038344843064 0.2670683429425391 0
0.3319654954812653 0.3265902779889198 0.26718700725244215 0
0.33222347172241506 0.32651505649985413 0.2673526797476468 0
0.3321558706360772 0.32690558553124904 0.26777931658408527 0
0.33224630206641326 0.32691991709136137 0.26798499772785483 0
0.3321058844196554 0.3270258083112918 0.26786159478540855 0
0.33206858344099627 0.32760525324574097 0.2683303380724649 0
0.3320875610675693 0.32782313948923386 0.26860358702908704 0
0.3327505409003494 0.3272135193709682 0.26896125631265605 0
0.3326647212984946 0.32640257992517674 0.2679942231075811 0
0.3322575950226909 0.3268497311337976 0.2679266997049801 0
0.33161566860370767 0.32780113532534777 0.26839031094136084 0
0.33151171504672283 0.3278069972867583 0.26823450134435844 0
0.331571770786908 0.32788891819595023 0.2684548210648862 0
0.33250509045563276 0.32735582922161227 0.2689988261808055 0
0.33345678877244056 0.3120088489035648 0.27079938318619845 0
0.3329893701976988 0.2891650982725757 0.26976941701356444 0
0.33289113352605915 0.2684964107499542 0.26900559386497996 0
0.3324890724706429 0.24601612685122975 0.2685162254169437 0
0.33231365446755373 0.22338412012665498 0.2679400410866556 0
0.33242359585176984 0.20342325096218655 0.26835854067176723 0
0.33243179944538676 0.18474187189650704 0.26830936774761877 0
0.3323172622926793 0.16654250318842628 0.26834059938071214 0
0.33236908272085236 0.15126993759521784 0.268322256207412 0
0.33220963281328897 0.13646152369742104 0.26811539430111714 0
0.3322162792134179 0.11894512117738155 0.26889745274147897 0
0.3322200678771127 0.1017656582802215 0.26843630879674263 0
0.33170037291381177 0.08129375008054032 0.2678176147738983 0
0.33254995856687625 0.07957192756197987 0.267846070168202 0
0.3326414074976623 0.07988879501442095 0.2684152399939122 0
0.3325243999040495 0.08057517705746378 0.26848271390384504 0
0.3325484811859197 0.08104407554624335 0.2686380726796857 0
0.33285643532240317 0.08118401704872398 0.26908164531641954 0
0.33336526184113313 0.08120943977954777 0.2697083081436738 0
0.3334554207108944 0.08068111450852797 0.269872767984086 0
0.33280720019554844 0.08044445068089283 0.2687408881651737 0
0.3324031005399184 0.08190996265735032 0.26878261362502187 0
0.33241179375923113 0.08186910153087226 0.2687871481009951 0
0.3324439165673048 0.08176685606745568 0.2687818102757992 0
0.33251051848148994 0.08164215530574033 0.26848090377569117 0
0.33257170844016937 0.0814280725944172 0.26850462770730565 0
0.33235216549514635 0.08031475742681368 0.26791032023437267 0
0.33191447702794763 0.0817877877683434 0.26776744665469715 0
0.3320004152024064 0.08222879395540494 0.2682853622876486 0
0.33277289996133824 0.08109165655918885 0.2690294808695445 0
0.3327933106239992 0.08106593975373286 0.26904267249804753 0
0.3327968845180068 0.08107562426225694 0.2690377816670121 0
0.3329534314951149 0.08052711243999043 0.26863367078895717 0
0.33335965874193163 0.08055743162556009 0.2695155808491618 0
0.3331558175421317 0.0795424887890448 0.2693584048683999 0
0.3320292621949957 0.07831959555210069 0.26834849997297366 0
0.3331734393173602 0.07328889483864455 0.27083811741754904 0
0.3349289929096898 0.06615500310079256 0.2732604778636204 0
0.3368374486826791 0.0589489203342486 0.2751609244073404 0
0.3382411565332132 0.052636470763641294 0.27614985185673524 0
0.34033667471848345 0.045044784759362876 0.2773615864008701 0
0.3423345917124109 0.03787774342684601 0.2785136791268099 0
0.3441827387316838 0.031351555930480834 0.27791854440588437 0
0.3453040186467569 0.027583153219371437 0.2769988444276 0
0.3461185271574322 0.026349581398333797 0.2768399551607007 0
0.34672633501342454 0.025108886059012597 0.27605926188218627 0
0.34683015768631137 0.02494523679153498 0.2758146328106131 0
0.3470958194875994 0.02520360425740242 0.27657374040916033 0
0.346946157603816 0.024963829706479763 0.2761334478826239 0
0.3470707159506631 0.02517525993539118 0.2763369995300939 0
0.347168241584604 0.02508936912701724 0.27649160187213395 0
0.3471614935703028 0.02511544067710942 0.2764748816870987 0
0.3472253349042679 0.02516071157698479 0.2765455312030033 0
0.34713099485721877 0.02534725108345518 0.2765164113859713 0
0.34960787645102365 0.016461172370807825 0.2776001178702504 0
0.353778594033631 -0.003253919611583526 0.277077624505737 0
0.3583493056961104 -0.026783588197210887 0.277331157295409 0
0.36236911667494176 -0.04707778070472162 0.2762727634637618 0
0.3665592864580291 -0.0671573369042598 0.2754885899297728 0
0.3709490560594667 -0.08994633564904152 0.27519112851120087 0
0.3752965037496897 -0.11237458051931809 0.27456988591549203 0
0.38066259846462097 -0.13490431858919913 0.2752613968081465 0
0.38558898037696576 -0.15763571985242933 0.2754908460649704 0
0.3894905528952518 -0.17718902846029383 0.27556544037372477 0
0.39006925776390217 -0.1798334331537247 0.2762729964129093 0
0.3825295322222168 -0.1829756386490683 0.2766902362642985 0
0.3622659559348204 -0.19284843955565995 0.2770385916068408 0
0.340987432106054 -0.20395990548827267 0.27645134164951707 0
0.32216609419060677 -0.21409710757274567 0.276329790081755 0
0.3036458177212098 -0.22438567905481338 0.27665672620543164 0
0.3003935676316457 -0.2267491225265216 0.27630487967114925 0
0.3003906412314551 -0.22678257801907925 0.27628865984910433 0
0.30099359782711665 -0.22681688390273302 0.27086888680826016 0
0.3012877852151028 -0.22661662837791277 0.24906606999757186 0
0.3014536103967183 -0.22615002223207134 0.2286465022680237 0
0.301560000810068 -0.22630348808029455 0.20904269809239046 0
0.301206527389202 -0.22558367480529493 0.18830879526519148 0
0.3013109713741386 -0.2259284789043829 0.16857077521861435 0
0.3016636716199312 -0.22552988848873898 0.1489099839514034 0
0.301603649411865 -0.22577031921897622 0.12625881592643398 0
0.30178658140517844 -0.22566041754465474 0.10381567186106022 0
0.3018424891012441 -0.2257545573052979 0.09414755272255529 0
0.30197175524295133 -0.2260872721110131 0.094329996669972 0
0.3018971031754444 -0.22611540881098113 0.094251766284553 0
0.3017281289725223 -0.2259672039667056 0.09357590899866795 0
0.3016557123927581 -0.2260421994393955 0.09363322643529773 0
0.30153070811218685 -0.2258554950233301 0.09363170838786988 0
0.3015278169343436 -0.2258560201895572 0.09370742628053408 0
0.3015283963043228 -0.2258577774918434 0.09377023934460317 0
0.3015757690017665 -0.22599411799091118 0.0943094945740077 0
0.3015644971843945 -0.22595608178246918 0.09422419471900094 0
0.30146426005442806 -0.22572404076424638 0.09352677808191266 0
0.30146339894153684 -0.22572773252508666 0.09358037948981544 0
0.30146752995795806 -0.22573703800776 0.09361892547003076 0
0.30147743215544975 -0.2257450998846462 0.09367526643064937 0
0.3014860654727306 -0.225759740788757 0.09371817519914664 0
0.3014902940383122 -0.2257761450975911 0.0937715115523601 0
0.301492104921431 -0.2257865495363984 0.09378667581346933 0
0.3014929595643827 -0.22578615154961068 0.09378779855706382 0
0.3014968050292184 -0.2257853700412398 0.09379127985757617 0
0.3014921328430049 -0.22578742798861134 0.09379028516382366 0
0.30149592718681506 -0.2257898360600785 0.0937924463302207 0
0.3014960145976944 -0.22578935425176164 0.0937931573582638 0
0.30149825849279877 -0.22578516716566505 0.09379325408509133 0
0.30149776555357377 -0.22578398183232595 0.0937930723032418 0
0.3059284287829066 -0.22614776936206277 0.09362421996010944 0
0.32496323169629293 -0.22714817308508087 0.09352634452763159 0
0.34019232327884574 -0.22851741136995296 0.09351570437776704 0
0.34156192863567625 -0.22872952073950087 0.0939175951517078 0
0.341565142817023 -0.22869176952234713 0.09392477488332743 0
0.3415329953405369 -0.22870478775550002 0.09392841770997455 0
0.34141744769421656 -0.22883178556097142 0.0939284339865212 0
0.34127602713104366 -0.22899545818842154 0.0939246075302518 0
0.3412287904786184 -0.22899738173475773 0.09390827639995016 0
0.3411547571207341 -0.22896104317205385 0.09386298316431992 0
0.3410500450964241 -0.2288698227305356 0.0937882049459107 0
0.34103285596653854 -0.2288758768139091 0.09378431939605726 0
0.34102479803749586 -0.2288812467326795 0.09378229178790828 0
0.34102352330440167 -0.2288907883507767 0.09378506496677269 0
0.3410156558539248 -0.22889795813433358 0.09378319228754706 0
0.3410103485436853 -0.22890620940595577 0.09378403890057285 0
0.3410034529006494 -0.228919243879601 0.0937847605434734 0
0.34099940335410095 -0.22892865001453575 0.09378816369150167 0
0.3409978934224454 -0.22893296710534125 0.09378609011542582 0
0.34099539676031576 -0.22893686961267623 0.0937896905446136 0
0.34099181272980017 -0.22894259155701702 0.09378768749565775 0
0.34099018571572476 -0.2289488224048648 0.09378874570055672 0
0.340990902051575 -0.22894716850589492 0.09378678996297302 0
0.34098779952360825 -0.22895057033615546 0.09378715423456482 0
0.3409903161264982 -0.22895348017210457 0.09379080234649667 0
0.34099089121063636 -0.22895258342569139 0.09379022135615389 0
0.34098653095829534 -0.22895253809056434 0.09378927760681889 0
0.3409864593587377 -0.2289513616851401 0.0937902240061115 0
0.34098561776713987 -0.2289558545008444 0.09378634582604985 0
0.3409691401985907 -0.22898277723045685 0.09379082503463777 0
0.34095708284185544 -0.22899856274590127 0.09378868108899024 0
0.34095876285198506 -0.22899748854042365 0.09379191008298117 0
0.3409583373813522 -0.2289998322312658 0.09379298672917016 0
0.3409562754940747 -0.2289999821684655 0.09378710872936151 0
0.3409562119559848 -0.22900001840142795 0.09378934834052005 0
0.34095723753480156 -0.22899869555093555 0.09379029624484686 0
0.34095848111302196 -0.22899855264754784 0.09379104476214284 0
0.34095885491511146 -0.22900014235395566 0.09379141896543469 0
0.3409615166154904 -0.22899515704077275 0.09379171279657263 0
0.3409607152766333 -0.22899699339240648 0.09379247503704288 0
0.34096016010026575 -0.2289962245801051 0.09378819800634443 0
0.34096264173886515 -0.22899488543575203 0.0937933214047554 0
0.340959838750599 -0.22899640897287726 0.0937922352020528 0
0.34096225973617655 -0.2289954674629277 0.0937904751420882 0
0.3409609453366212 -0.2289940222898738 0.09379136669832167 0
0.3409602754514596 -0.22899650002462293 0.09379262834677317 0
0.3409630421796414 -0.2289951006909233 0.09379333980032589 0
0.34096256643998524 -0.22899708523808296 0.09379365355215327 0
0.34096270502382553 -0.22899427151623564 0.09379120707178429 0
0.34096159299767864 -0.22899151967163828 0.09379161011467695 0
0.34096479669987134 -0.22899787580361475 0.09379458628079296 0
0.34096652240263126 -0.2289934776046499 0.09379391312062779 0
0.34096306037107743 -0.228995062658215 0.09379131488541219 0
0.34096519966472816 -0.2289918048452209 0.09379183900465948 0
