0.4386493265465196 0.193474805631902 0.4477235280177738 1
0.4386799013754186 0.19380040147491648 0.4326479050048178 1
0.4386775790687209 0.1936048713535331 0.4101129815574191 1
0.43862761534599404 0.1934449182691157 0.3897294526859928 1
0.43848184529624423 0.19366372501627754 0.3668364878403632 1
0.4383843202328755 0.1934534396017288 0.34691443470871053 1
0.43851304370788946 0.19335427695787966 0.3268445205614976 1
0.438586721976952 0.1934076129649796 0.3045646749233838 1
0.4383954175717275 0.1934361240470338 0.28175665135460676 1
0.4385125766085365 0.19352662934936313 0.2597248845774461 1
0.43845415782104546 0.1934433460025089 0.23708502052275504 1
0.43777162434261024 0.1936673931316784 0.2139808728319671 1
0.4378700403489589 0.1934506884759844 0.19394553469278872 1
0.4381697721581125 0.193547768202943 0.17204170443805428 1
0.4379874052859952 0.19374689368111297 0.1496127792117589 1
0.43825794264418044 0.19368636926470123 0.1297688262665034 1
0.4381636834211604 0.19335939520985057 0.10956318868040157 1
0.4385423177832622 0.19339561758565185 0.10104315982434314 1
0.4384081609723496 0.19346297280743902 0.1008027042639944 1
0.4384035698736357 0.19346084191248628 0.10076736537308335 1
0.444348287408368 0.19345178709391295 0.10184995511090057 1
0.4632946212486926 0.19617475780013327 0.10011107501408782 1
0.47266634893720966 0.1965621842323816 0.10038520692178805 1
0.4810341835312395 0.2015805120770859 0.10014245998716695 1
0.484291100504787 0.22278651629018775 0.10071969590261579 1
0.48395527977150554 0.23464131057909832 0.10070236117811561 1
0.49163164453733016 0.2467300142492485 0.10002418272314771 1
0.5027678441636624 0.26401629263029613 0.09965650340159918 1
0.5045884717480414 0.26653606236114674 0.10056495950874869 1
0.5162030577004223 0.2731001543840825 0.09985021450804411 1
0.5241664703022483 0.2846578609699138 0.09976713752002647 1
0.5252109777584839 0.2853968381252372 0.10038659272339301 1
0.5251295205222778 0.28536924252084483 0.09999736453307144 1
0.5251071012969915 0.2853839604229236 0.10000974888638645 1
0.5251172794700254 0.2853422532076427 0.10001653091342913 1
0.5251319982913522 0.28528714450640635 0.10001620221950051 1
0.5251272511254047 0.28526893133853054 0.10001199971869296 1
0.5251381792754928 0.2852270641787127 0.10000300298852013 1
0.525153214511987 0.2851848460120078 0.09999889877538255 0
0.525473844111987 0.28459740555372814 0.09999462444206239 0
0.5254281471763874 0.28460305977982825 0.09994286754212599 0
0.525411303167187 0.2846297072895645 0.09994431872024577 0
0.5253775833047134 0.28464824901580416 0.0999173811927117 0
0.5253310104324432 0.2846676809795773 0.09986989626958442 0
0.5253172909913952 0.2846846909413595 0.09987188317943274 0
0.5253077650021817 0.2847019041699332 0.09987136333625106 0
0.5253069996824953 0.28470657736076277 0.09987298088797697 0
0.5252968498334887 0.2847212523753042 0.09987586922208008 0
0.5242080194874237 0.2806832223606642 0.09986293212229143 0
0.5237848907255488 0.2576186237344963 0.10020774613642676 0
0.520891220865857 0.23759681104184746 0.10017987056241276 0
0.5206960210327641 0.23508709790323074 0.1001368199856083 0
0.5197878440643493 0.23331617887028802 0.09979934441478613 0
0.5165958246555109 0.2142223447074597 0.10015013725875337 0
0.510911340362343 0.19178724592265944 0.09984817103282342 0
0.5081813432596797 0.17749176704701206 0.09991992085995029 0
0.5071440288115141 0.1741842260454998 0.0997378883188047 0
0.5058617179213327 0.1659718247894149 0.09944520337029177 0
0.5034483137584745 0.1450682906061739 0.1006176553044859 0
0.49764479378861004 0.12274921324919488 0.10066705573049468 0
0.4921288348827218 0.10291165165282608 0.1001937446844364 0
0.4864787765684231 0.0798843615947466 0.10072622864312368 0
0.48137010493595256 0.06048007421188195 0.10062734249941699 0
0.4758179741265848 0.03778201261296539 0.10057060973107036 0
0.4703147384603384 0.015436009476387222 0.10044813453149526 0
0.4647477852177071 -0.007498359391275425 0.10055749506714401 0
0.4596685991731495 -0.02739905139762608 0.10043431517160163 0
0.4545526524783772 -0.04692468741532917 0.10047160552009733 0
0.4496822640538786 -0.06718343368742422 0.10045160977287791 0
0.44405220541335133 -0.0895734797674926 0.1004738020641365 0
0.438143035334302 -0.11199491247795604 0.1004351652105248 0
0.4314288333124026 -0.13428316899491138 0.10033487315122727 0
0.4274545296439456 -0.14851355294063065 0.1001873653611276 0
0.4157810767496593 -0.1494198218214672 0.10174190347758265 0
0.39511388996586555 -0.15422896441398876 0.1012869944010052 0
0.37223904382428463 -0.1604358816519592 0.1008266881101463 0
0.3497733920963274 -0.16684383200691544 0.10064901542626421 0
0.329620310629977 -0.1731925960415407 0.10066643513485751 0
0.3122523830240751 -0.17100162198486127 0.10116881436616593 0
0.3017513864655649 -0.1614134207196728 0.10107419584676586 0
0.2982864858777602 -0.16040659505539062 0.10034727041122153 0
0.2818792528647818 -0.16392498613865253 0.10077795343079478 0
0.2704415892499986 -0.16665718858412432 0.10096505392843895 0
0.2636584964366489 -0.16775139963819885 0.10089273515167133 0
0.2541393451901925 -0.16851293605223125 0.1009880385894706 0
0.2533918132554022 -0.16824094008360313 0.10069240152027849 0
0.25800940222171515 -0.17043395990128835 0.10140066071709992 0
0.25921039268536744 -0.17397388305379763 0.10093901802708426 0
0.26000865010682095 -0.17481519268579046 0.10106147829608449 0
0.25337643120371717 -0.17483194501717725 0.10043877582967248 0
0.2505206062653853 -0.1756912668324592 0.10064734613475268 0
0.2504029623727781 -0.17549630000848615 0.10075002124701367 0
0.2504371135499267 -0.1754957748037665 0.10082748687197826 0
0.25046038555491096 -0.17547015973335325 0.10083491703911847 0
0.25047854879317205 -0.17545185090921095 0.10083491275570079 0
0.2504924846698455 -0.17543673275566585 0.10083978960004222 0
0.250509160222612 -0.17541235815593006 0.1008408667056228 0
0.2505264834767864 -0.17538875552391558 0.10084215519586166 0
0.2505567460359551 -0.17534736949542218 0.10084276006236476 0
0.2505807135123537 -0.17530601608157803 0.10083738146940636 0
0.25061764554120414 -0.17526099440185106 0.10084267566708163 0
0.25000487977392355 -0.17182150645065136 0.10116304441504739 0
0.25421335024172836 -0.15231085850348763 0.10076902903288316 0
0.2611712159814923 -0.134875402183634 0.10094705856336164 0
0.2675601270602337 -0.12000574367010856 0.10081296436166227 0
0.2683541100904627 -0.11839915767164425 0.10086284250339879 0
0.26832941574952623 -0.1183850898770525 0.10087139792826233 0
0.2678103373169527 -0.11774262347439354 0.10129797047755414 0
0.2685052136339513 -0.11844231066021699 0.10099923823595967 0
0.2682522860549605 -0.1187389564283431 0.10093788308298147 0
0.2681018317041401 -0.1189582107699672 0.10130142591812849 0
0.2681833776654029 -0.11852665908751218 0.10111354814676897 0
0.26838779446698 -0.11890576711436834 0.10093387352491652 0
0.2682449065985699 -0.11879144229510605 0.10097596287176279 0
0.26832030228258497 -0.1188387509739568 0.10097907082355081 0
0.26819121536106105 -0.11872360469320264 0.10099784864512734 0
0.2681443830262748 -0.11869581424022158 0.1009943712281739 0
0.2681199346752873 -0.11869002162005472 0.10098842671467403 0
0.26810524711282824 -0.11869522560714506 0.10097685276636152 0
0.26815164964516175 -0.11880882883073257 0.1009600808492782 0
0.268164280029922 -0.1188461127444019 0.10095832930983192 0
0.26817340944961265 -0.11884878373111078 0.10095933623862209 0
0.2681781073600657 -0.11885134136547375 0.10096161891029924 0
0.2681865699400421 -0.11885273765834517 0.1009625691486862 0
0.2681895317117435 -0.11885594941505284 0.10096140364193183 0
0.26819063783507024 -0.11885498519622437 0.10095859196129078 0
0.2681905687252909 -0.11885219507084509 0.10096364237682176 0
0.26819192705099193 -0.11885222332505965 0.10096143706099193 0
0.26819616085049397 -0.11885395604554477 0.1009654107420122 0
0.2681900762636569 -0.11885085420472671 0.1009647589333674 0
0.2681902761725433 -0.11884854965201258 0.10096455277375524 0
0.2681936790027122 -0.11884874220092996 0.1009617442667432 0
0.26825704565059655 -0.11910962371423425 0.10093552356338042 0
0.26939469144635125 -0.13044723729164803 0.10092868635818564 0
0.2717372802810487 -0.13220478472383052 0.101048643685623 0
0.27552994937561803 -0.12804447644768385 0.10076425072148132 0
0.276035102119098 -0.1274040166144167 0.1009295534401029 0
0.2759101279588358 -0.1270948662531617 0.10092277462619417 0
0.27595758634856216 -0.12686054692099213 0.10093482774378032 0
0.2754508892732478 -0.12662297536075728 0.10070206831011067 0
0.2754808808505644 -0.12662357789560558 0.10072642058840496 0
0.2760250411269113 -0.12684108060053878 0.10098960203444692 0
0.27585984087263477 -0.12661441438804025 0.10097875669740342 0
0.2758171828562601 -0.1266011888227278 0.1009629605474808 0
0.27577635743913154 -0.12659425367160937 0.10093777586721628 0
0.27518761774295425 -0.12366972219249106 0.10096389649196252 0
0.2758923994874717 -0.11139570003485186 0.10094074788760583 0
0.275650150079427 -0.1108056134961311 0.10077158202084902 0
0.2758077367535984 -0.11689444729118467 0.10074540337076643 0
0.27575822404925654 -0.12167506875309729 0.1011306360270616 0
0.2756278528658497 -0.12245423928185128 0.10124869343514188 0
0.27598504471977914 -0.12314304713108182 0.10767881385825279 0
0.2758491063848008 -0.12286576700609414 0.10811434017856067 0
0.27577961927662137 -0.12275530240430456 0.1081110809574539 0
0.2757754856886046 -0.12274645959690843 0.10810379336846995 0
0.275775589466755 -0.12274062310126048 0.10810540653844931 0
0.2757773700102336 -0.1227401903328166 0.10810765690669231 0
0.2757762159813514 -0.12273334573354551 0.1081068575668245 0
0.27577787095744416 -0.12273079835339991 0.1081043469787218 0
0.2757800610219898 -0.12273261612077105 0.10810450520464557 0
0.27577948985689166 -0.12272889458681237 0.10810289819802575 0
0.2757808154694548 -0.1227287758638653 0.1081038164856676 0
0.27578090566227426 -0.12272345958829102 0.1081058601108979 0
0.2757792446206089 -0.12272470118184772 0.10810430875908505 0
0.27578072771311035 -0.12272124255933547 0.10810426223210995 0
0.2757817107873366 -0.1227260462930354 0.10810524411195445 0
0.27578367395719866 -0.12271975700045284 0.10810477651885499 0
0.27578331564355285 -0.12271976614148615 0.10810268497440599 0
0.27578407321881165 -0.1227187617378447 0.10810331885573132 0
0.27578197869553095 -0.1227165345884021 0.10810415113148056 0
0.2757858912909097 -0.12271837064676773 0.10810645715010708 0
0.27577965431177964 -0.1227130451469641 0.10809956359540629 0
0.2774963370247057 -0.11508977496323805 0.10834536618986129 0
0.2866885887949566 -0.09402677202238695 0.10820116992969031 0
0.2961403791974408 -0.07194099872740647 0.10809397157406156 0
0.30430683938319014 -0.052542952271115134 0.10813403942354183 0
0.312772634621635 -0.033118292953459555 0.1082677529944915 0
0.3219951306722228 -0.011428144760731701 0.10820562424985915 0
