0.43874149453608474 0.1934821793287467 0.4474357555387733 1
0.43874206143493044 0.1934812941436457 0.44743599448107774 1
0.43874052863741353 0.1934819083723766 0.44743589555748975 1
0.4384178388973165 0.19378289535541854 0.43950030616719377 1
0.43883797794716145 0.19357707180833078 0.4190118173251073 1
0.43879351629954355 0.1934702312710963 0.3957971370626285 1
0.4384817745268138 0.1936457342208348 0.37304590238685265 1
0.4385140922771809 0.1935114857517187 0.35301044761651146 1
0.43762896607360974 0.19342598933367883 0.33040381151692455 1
0.4224763379731722 0.1933191794154412 0.3112858048216703 1
0.4008247082475795 0.19312435611812734 0.2892668269143525 1
0.39132206679683024 0.19068300439790442 0.2684023484844973 1
0.3766667698928978 0.18026276255632362 0.2462515897992729 1
0.3558503918598372 0.16874017156390397 0.22382266903284048 1
0.3367426175754211 0.16169959413254578 0.2040967680437159 1
0.31714484768547735 0.16076961886917482 0.18392789695105244 1
0.3020178804390114 0.16066831825134248 0.1640063417991237 1
0.28519396709613426 0.16071194520133555 0.14381470441343114 1
0.26446218285178535 0.16080844186600377 0.1335981613652908 1
0.25780732631938247 0.16080238934686047 0.13368256510005874 1
0.25690449511746327 0.16068640363346187 0.13385240510582197 1
0.2569872949427725 0.16053644252119686 0.13402783017764885 1
0.2569768114986855 0.16070930146295587 0.13358148340657622 1
0.25704846236060763 0.16090712311690453 0.13330654761395402 1
0.2571839884364621 0.16093015171614983 0.13356218021233981 1
0.2573337752390716 0.1609297219423399 0.1336554362275099 1
0.25749902893116344 0.16077443404382363 0.13380174690758126 1
0.2573903496163715 0.16082892738757648 0.13371292947824265 1
0.25741199215186905 0.1608814315414257 0.13380740097853863 1
0.2573045589743503 0.1610005807491514 0.13389739933957392 1
0.25024039477419135 0.16136232857789312 0.13380406495482927 1
0.22840394633312677 0.15917677759045196 0.1337606191619664 1
0.21072626652200419 0.15842613773671266 0.133700909257792 1
0.1896336884280616 0.15834578960078816 0.13366703593712168 1
0.17656105830933905 0.15829610462371035 0.13368094590481278 1
0.16458366770602106 0.16058222899628816 0.1337164193334032 1
0.16107452993204002 0.1624423173676208 0.13411085880998863 1
0.16179195748146052 0.18112548301682097 0.13338468578399523 1
0.16104719631797315 0.189625828241787 0.13393770933774604 1
0.16182664380662976 0.2079566733159362 0.13352410499906445 1
0.1646015318833674 0.23062522219313578 0.13380386065871475 1
0.16846845079757705 0.24520563116710847 0.13359028544103313 1
0.1685671442862122 0.2464988561614204 0.12352732369733618 1
0.1691622686894087 0.24630341131709846 0.10432998535329055 1
0.16932805821705763 0.24621609642549905 0.09830409480243182 1
0.17005688226391286 0.2475030735153163 0.09840021909434746 1
0.1705975792323728 0.25495590004224145 0.09818845846365225 1
0.17004694012451993 0.25586877206692393 0.09824864526319314 1
0.16992162274711797 0.25590900393479266 0.09826161864564587 1
0.16986758592723594 0.2559054549883847 0.09827447647378923 1
0.16940608500306617 0.25672173741122095 0.09822182183834349 1
0.16936947981136555 0.27348938580680443 0.09850905205930308 1
0.16894465059067112 0.27727955102315155 0.09843538280115736 1
0.16741574958893196 0.27669523933924256 0.0989551443597337 1
0.16204194628008417 0.2760058738569449 0.0984833172303554 1
0.15458230410210114 0.2759428195716918 0.0983126454615265 1
0.15207382031600958 0.275926234681853 0.09863399034047425 1
0.1509314399725064 0.28568701952347153 0.09852446047999158 1
0.15089282096761572 0.2895427533414262 0.09829120151693846 1
0.15120201294922278 0.2998244138019183 0.09832997908886226 1
0.1516660959352522 0.3024649822390994 0.09861392054188559 1
0.1515532834375573 0.3025675322661263 0.09861488696694172 1
0.15155303000243953 0.30254219800084003 0.0986007884591601 1
0.15168124851464196 0.30246403336394057 0.09857843640916046 1
0.1517283624615559 0.3024315090823648 0.09856709379355916 0
0.151755312014831 0.3024127046698849 0.09856040889824787 0
0.151732055987755 0.3024025305834931 0.09854824808210486 0
0.15176098894193565 0.30239369286510076 0.09852861765802569 0
0.15191664889145245 0.3011043317152676 0.09858509643189528 0
0.15315533845436022 0.29539395155968295 0.09920004821020455 0
0.15309781263441313 0.2948199032654991 0.09917737396963745 0
0.1530964668399849 0.2948240176836199 0.09913200216744338 0
0.15298498777556238 0.2947689488131019 0.09906609586125173 0
0.15296131638181804 0.2945407070005813 0.09898344014354563 0
0.1541196223877149 0.2781248897784366 0.09912553712307387 0
0.15652663967549763 0.25584357669994007 0.09900851508747908 0
0.15713770075447783 0.2429236710044727 0.09891125472920309 0
0.15712797759161276 0.233220194426019 0.0982674999436476 0
0.15585681491024858 0.21571764510543884 0.09811114915736993 0
0.14890692566182867 0.2064829247822218 0.09767997126261538 0
0.1310230666322204 0.1956395955200902 0.09788659758528075 0
0.13205829403092875 0.19571733675226566 0.0980064891189039 0
0.13301254830014053 0.19583862207761463 0.09822414215391195 0
0.1364904686788144 0.1961270153305425 0.0988729608937442 0
0.1558937722662204 0.19629954519453335 0.09885818659958806 0
0.17797238039520177 0.19518238456006204 0.098626663163259 0
0.19771192009005994 0.1887915107065076 0.09930517188087946 0
0.21778906211436164 0.17966207831729214 0.09867802740395527 0
0.2336996381041913 0.1732040393296413 0.09858962948483677 0
0.24024501456178393 0.16929068630697658 0.09840601932099685 0
0.2407780501428371 0.16847692894695498 0.09831277412616812 0
0.24058779655113846 0.1685628711260459 0.09861483477013525 0
0.23996720612479785 0.16905122190262944 0.10125202901126305 0
0.2407758706349707 0.16899380566725095 0.11557955052779148 0
0.23931776007928135 0.16294655617908488 0.13037735554533833 0
0.2400758922509705 0.14116006091311845 0.13133856564978927 0
0.2408553267404142 0.1180294412138431 0.13147369327178673 0
0.24117610457930133 0.09517575255883948 0.13119493184558098 0
0.24125562427404468 0.07248363463890078 0.13125814612467587 0
0.24136851045213462 0.04986306290243242 0.13121821976911324 0
0.2413311819051818 0.029965214679216437 0.1312112389388453 0
0.24128592536765525 0.0074472300028854965 0.13113446073995708 0
0.2413338617956719 -0.014839536820395016 0.13117144191419192 0
0.24125648500411256 -0.03496904962073641 0.13114593824919207 0
0.24135767179413908 -0.05719865762999607 0.13119801414469864 0
0.24144202209310778 -0.07984690143182105 0.1312190287312795 0
0.24136476211506955 -0.1022987018326949 0.13117933399945625 0
0.24132947472101945 -0.12469289601861569 0.13109429408951445 0
0.2407660301364834 -0.13995541095072592 0.1309254975104768 0
0.24166328750397226 -0.1416665733318766 0.13071261419951208 0
0.24114224762021 -0.14127011514026067 0.11988872336166662 0
0.24150112904523696 -0.14153907259648893 0.11325483937978138 0
0.24127578495760849 -0.14102378492608617 0.10136024016949517 0
0.24141109948053077 -0.14105828076833357 0.10095214987869029 0
0.24147661666814557 -0.1409399136780092 0.10097300773127776 0
0.24148312954886667 -0.14092981418198042 0.10099383504758756 0
0.24148050023656037 -0.14092186936567902 0.10100797532684039 0
0.2501848846259139 -0.1410254547505568 0.10104054393396791 0
0.256195180278538 -0.14048013156669903 0.10095644031931639 0
0.24656982832156796 -0.14041639849721252 0.10160344271498059 0
0.22951601010093667 -0.14382445230472662 0.10135387989815117 0
0.22752802812817746 -0.14332540761684331 0.1010730806840616 0
0.22725225382815228 -0.14336165626053604 0.1011028013433378 0
0.2272604428463868 -0.14335629335313327 0.10110605342047968 0
0.22726443597409768 -0.14336302324017797 0.1011058170595323 0
0.22727125906425777 -0.14336096178228455 0.10110735704717397 0
0.23062701352007708 -0.1438013890806045 0.10143850420192035 0
0.23143366875787694 -0.14339064713947722 0.10158194153223574 0
0.23163889270323154 -0.14336079522399728 0.10150960943539207 0
0.23163653548138302 -0.14339205576476274 0.10146919630612034 0
0.2316180852375485 -0.14340701445005696 0.10143121029494663 0
0.23159906910281353 -0.1434133185694078 0.10140000697412405 0
0.23157807944503958 -0.14341743654901323 0.10137923221661255 0
0.231586920714352 -0.1434210227545565 0.10137235411245354 0
0.23158625555667753 -0.14342334707511353 0.1013696352025236 0
0.2315847431002032 -0.14342256926276908 0.10136817699210657 0
0.23159323786014038 -0.1434185104255288 0.10136668242851708 0
0.23159292224170705 -0.14342000813648298 0.1013645785274218 0
0.23159579528850208 -0.14341931824612 0.10136728934380983 0
0.231593063325551 -0.14341924391274924 0.10136636208582503 0
0.231593405817518 -0.14342106834052534 0.1013638184151162 0
0.23159249838675927 -0.14341936540823103 0.10136556276504075 0
0.2315940701046955 -0.1434205245616923 0.10136270408306675 0
0.23159510462659766 -0.14342194878057835 0.10136427405617307 0
0.23159429943480817 -0.1434212552549578 0.1013609224448811 0
0.23159883557516983 -0.1434224542651761 0.10135847768147846 0
0.2315967991774624 -0.1434242910911612 0.10135865945413283 0
0.23159514900685343 -0.1434229612178762 0.10136400230913713 0
0.23159494677993 -0.14342103623895475 0.10136136224367048 0
0.2315948824173999 -0.14342368926139845 0.10135813671671821 0
0.23159552165501202 -0.14342129583123955 0.10136091401631349 0
0.23159274977981684 -0.14342025586464174 0.10135848680018089 0
0.2315925393422553 -0.1434250949275709 0.10135972281298428 0
0.231593754208914 -0.14342178908843156 0.1013604720149733 0
0.2315895762897361 -0.14342337360399782 0.10135782601571987 0
0.23159372597129438 -0.14342326743574615 0.10136200304663716 0
0.2315934407567392 -0.14342219539343684 0.10135923537000265 0
0.231103398105262 -0.14348406672740444 0.10115536451956286 0
0.23102053733174158 -0.14329899167995724 0.10065505377353351 0
0.2306816224433538 -0.14363352853332725 0.10073023404122813 0
0.23043505981474643 -0.14347102381787533 0.10091063460193785 0
0.2303353757440118 -0.14336796339376665 0.10104087091174813 0
0.23032008170340867 -0.14336506301544377 0.101066740868788 0
0.23028653533517288 -0.1433562979788658 0.10112123374051102 0
0.23002200858718358 -0.14328513446101857 0.10152585425431286 0
0.23005135385066594 -0.14329699604945098 0.10147578415363052 0
0.23013475878050524 -0.143315850083366 0.10136932835848929 0
0.2304372201419523 -0.14340463001552975 0.10092949809169871 0
0.23041390573163836 -0.1434004695831812 0.10096712918740847 0
0.2303893957655588 -0.14339380032787447 0.10100314257235012 0
0.23036589902466578 -0.14339171014355198 0.10104567957758766 0
0.23032932557254002 -0.14338014663145104 0.10109901402298907 0
0.23005867379773653 -0.14331089889818405 0.10151730623026388 0
0.23009651514878368 -0.14331946381281516 0.10146154393106659 0
0.23017133679468654 -0.14334185301101382 0.10135316440581292 0
0.2304680528265555 -0.14343297358435467 0.10092796686693471 0
0.23044031741453458 -0.14342618531088863 0.10096663799532353 0
0.23041854035946704 -0.14341438269766338 0.10100068519827385 0
0.2303953585927303 -0.14340981520005222 0.10103612865831466 0
0.23036671834713415 -0.14340385454391116 0.10107726199580062 0
0.23035266593115258 -0.14339892146156946 0.10109432962969979 0
0.2303492714986668 -0.1433975095884755 0.10109957280672034 0
0.2303517448819352 -0.14339651646698015 0.10110022656078672 0
0.23035417887331283 -0.1433954436568013 0.10109875936529282 0
0.23035147785871443 -0.14339855862862916 0.101102130329532 0
0.2303550029838459 -0.14339603149388255 0.10109873253049582 0
0.23035610173346305 -0.1433951523009306 0.10109921609822126 0
0.2303526393265831 -0.14339468410984552 0.1011009975415165 0
0.23035025546958796 -0.1433944066343563 0.10109902125490448 0
0.23035558540112003 -0.1433957077723464 0.1010996390449232 0
0.23034989954731663 -0.14339655182674949 0.1011003062968149 0
0.23035265274609687 -0.14339101198531845 0.10109812619544932 0
0.23035305572448517 -0.1433932611940237 0.10109680099330876 0
0.23035248573956646 -0.1433937984996777 0.10109736020022941 0
0.2303551180348214 -0.1433928023627333 0.1010996368602132 0
0.2303539338345482 -0.1433950534992966 0.10110027796879349 0
0.23035490292908983 -0.14339608220681851 0.10110053364273412 0
0.23035319552444106 -0.1433980418048051 0.10109887572524236 0
0.23035244109349884 -0.14339579258837346 0.10109995550993216 0
0.23035207466737956 -0.14339433284143177 0.1010995423046097 0
0.23035225629478134 -0.1433941890632633 0.10110130146531368 0
0.23035774248366447 -0.14339578938721867 0.10109893497576679 0
0.23035378643101237 -0.14339507306061836 0.10109976956081874 0
