0.4387999856398086 0.19337221410374095 0.44759077047349005 1
0.4388010811792271 0.1933725059708838 0.4475954690652672 1
0.4387996884086346 0.19337615373572337 0.4475951793976125 1
0.4388001601931695 0.1933740734950702 0.4475936289186505 1
0.4387981217004849 0.1933735257439507 0.4475881817179879 1
0.4388012028968294 0.19336931871930924 0.44758914367890457 1
0.4387974382239227 0.1933763594386375 0.4475881666579786 1
0.43880094404222736 0.19337535093882197 0.44759468087246024 1
0.43879757303606626 0.19337753830388743 0.4475928270601333 1
0.438799488556266 0.1933733313653584 0.4475889643460166 1
0.4387988036950792 0.19337641070373462 0.4475943300523252 1
0.438797263924221 0.19337969305816569 0.44759313470733597 1
0.4387988389028296 0.19337505911966119 0.44758855287716415 1
0.4388016959753262 0.19337122843395368 0.44759381197912224 1
0.43879836460094107 0.1933754697998923 0.44760011318366166 1
0.4379806042219549 0.19425192918956846 0.44882692825084036 1
0.438459705616518 0.1937799618379421 0.44714548433991486 1
0.4385802536932533 0.19368107733872697 0.44660310190985975 1
0.4385008964171831 0.19371696424312895 0.4474634398556834 1
0.43856135666471685 0.1935227759153292 0.44707164345421935 1
0.4393977129137869 0.19202514069508878 0.44790336865720426 1
0.44790626110467124 0.17422365866586778 0.44771982092837115 1
0.4552876271864078 0.15652338934954468 0.4470908238793463 1
0.4568011076380052 0.15897696901036595 0.4474263199775371 1
0.45046961391880996 0.17910665715757584 0.448831493226332 1
0.44034023946335127 0.20171435257805317 0.447914747150805 1
0.42897155652951857 0.22294232461685254 0.4478211929241129 1
0.41826934407856337 0.24142889688131422 0.44726060607017315 1
0.4124590508323349 0.24973616861449244 0.4465190749463548 1
0.411662261432631 0.2510618737953627 0.4295838174815127 1
0.41197284402213685 0.2503829503037139 0.416146876633612 1
0.41219149674941236 0.24982514994524874 0.4092554317826419 1
0.41226612012578306 0.24980296093411236 0.38710803312475073 1
0.41223037346168556 0.24962943455546893 0.37083583057818836 1
0.4120799667312852 0.2495258337669804 0.3664418721911258 1
0.41227058991784793 0.24948153544715862 0.3487874931088812 1
0.41240061461800853 0.24946820693194438 0.3472030421041456 1
0.4122485098901491 0.24965894161214133 0.33187958244185456 1
0.4123739593119873 0.24953082834772547 0.311960568200989 1
0.4122994111922803 0.24924374017713458 0.309891282020039 1
0.4116223226591562 0.24944399271618967 0.3091348003701659 1
0.41207348671589894 0.2497226767097524 0.3106195978458445 1
0.41192620044435935 0.2494755975024386 0.30956992561130114 1
0.4119597125550344 0.24975027959807442 0.3104642808806673 1
0.41221091048605535 0.24971475077474511 0.3102170592407634 1
0.41222614527215684 0.2497000818591639 0.3102257706323888 1
0.4122420320989494 0.24968316526184736 0.31022535727138933 1
0.41223718211477695 0.24967934137239306 0.3102161068858367 1
0.4122340645677526 0.2496760867455554 0.31020612477802534 1
0.412228250373303 0.24966670850300698 0.3101860627429456 1
0.4121547357632957 0.24965647805192648 0.31005980103647224 1
0.41277387363029416 0.24825182858170558 0.3100009828653405 1
0.4123195204575445 0.23198926531462832 0.30986907396467805 1
0.4117411126008588 0.21227368785874723 0.309840964610151 1
0.41195614992589163 0.20275086149303292 0.31024124733603275 1
0.41231148179219645 0.20212658906462994 0.3101497833819471 1
0.4125179723614637 0.20215450204716906 0.31026346160178075 1
0.41203475232186143 0.20288312035563677 0.30956267760129247 1
0.41165831865223945 0.20335455481519077 0.309932197309342 1
0.4123260827813397 0.20308630842711659 0.3103447890622961 1
0.4120968521373948 0.2030201749113556 0.3096005026595248 1
0.41272087347975706 0.20276416236295275 0.31082409255900345 1
0.41274777688364106 0.20221239328307833 0.3105163790338863 1
0.41262173611047115 0.20225268808622368 0.31013092197268793 1
0.41245969072747085 0.20239113444550377 0.31015950458282393 1
0.41233298679527364 0.202527068015783 0.31008134420164163 1
0.4118428704404935 0.20291374951221525 0.30962322463742614 1
0.4118770030346462 0.20291533533175646 0.3096827496005099 1
0.4119173830983011 0.2029144714401238 0.3097506794372476 1
0.41199624027865356 0.20290862903758053 0.3098687753709284 1
0.41229075109528135 0.20290008231117276 0.31031391528315194 1
0.41230306630509433 0.20289476089655978 0.31032695759436324 1
0.41208857161720863 0.20289770936679147 0.3099946228810789 1
0.41211293711822006 0.202884622736124 0.31002161205479073 1
0.412134913155582 0.2028909649413712 0.31006488306029867 1
0.41216852182506947 0.20288422600079808 0.3101114089780634 1
0.4122044076917453 0.20287805603944853 0.3101605401333471 1
0.4124165641759102 0.20288245369482594 0.3105603976447284 1
0.41201296412765753 0.20245829870329568 0.3276150805880934 1
0.41202592202814314 0.20254502615614473 0.34814403204721633 1
0.41226557036811134 0.2024415699306974 0.34956174867043077 1
0.41274620005175267 0.20304481011856346 0.33330981523384073 1
0.41230843907132875 0.20343942612507776 0.3213561488596755 1
0.41161620934019705 0.19918274388730467 0.32061911432862145 1
0.4114583376287637 0.17985147605368845 0.31980970876029235 1
0.41217256638441135 0.16206138409259221 0.32001380072003915 1
0.412053658263905 0.16031921884931488 0.3204780524246087 1
0.41229995841541783 0.15970157258567502 0.32050927423095776 1
0.4137606843131437 0.14287649073909742 0.32006265018847363 1
0.4167533612700983 0.12024054795416786 0.3200105128221098 1
0.41879460952436254 0.09862374324229402 0.3204423207925223 1
0.419060684298118 0.09031037604568132 0.32069970483591426 1
0.4193267011849165 0.08926475383599292 0.3203214931527204 1
0.4192340069012593 0.08985729570897638 0.32040797965355955 1
0.41903973191839655 0.09027179368681063 0.3202510470973662 1
0.41909541339340517 0.09055895512374494 0.3203025346342909 1
0.4190332711641096 0.09047214247819489 0.32055306757176094 1
0.41896133740767894 0.09064113769781783 0.3201705894804168 1
0.4190137300164854 0.09073817803673824 0.32022402340977874 1
0.4190768286202377 0.09101519069739657 0.3207149975656135 1
0.41922205608240487 0.09102359796669893 0.3204757639910027 1
0.41921895841663054 0.09101991154815035 0.3204659700490722 1
0.41921094845040835 0.09101569577875634 0.3204446792452358 1
0.4191898627704894 0.09100930808213938 0.32039981604635204 1
0.41913277852722464 0.09101564579828117 0.3202940035609802 1
0.41913254149881995 0.09100028828744526 0.32028139977843373 1
0.41901637824377064 0.09101180512465518 0.320126555462986 1
0.40749338147612424 0.09116068678882147 0.3209441854994457 1
0.38914512921863326 0.09082265337903664 0.3209160135806021 1
0.3696455327244683 0.09331345284639297 0.32068068570333186 1
0.349696307356734 0.09622861017016955 0.3207615597975767 1
0.32970637686677984 0.09911428478791201 0.3205120273532551 1
0.30723110900109385 0.10246346189248033 0.3205879183636153 1
0.2847508694841022 0.10559676548730271 0.3208163223059311 1
0.2620517096954958 0.10890582166469448 0.3207766995685798 1
0.24207350251971493 0.11226544862742589 0.3208812702706405 1
0.21983656062212723 0.11610283992029204 0.3208496557493868 1
0.19705979379058983 0.12024373980014078 0.321142510466882 1
0.17716443738267404 0.12401219883594186 0.32086780704059636 1
0.1544821728588508 0.1282827821890753 0.3210260422752638 1
0.14243943676029952 0.1312787863173569 0.3209617263269122 1
0.14164926923484547 0.13169359673786696 0.3209849331341551 1
0.14237654011049633 0.13132405248565068 0.3209042902834288 1
0.1424477311045663 0.1312041107539349 0.32092058936642 1
0.14267736645714937 0.13138556455753692 0.3210835777669859 1
0.14216875352703595 0.13152175080607204 0.32118823058621043 1
0.1425431883341504 0.13154737372419498 0.32081377632031827 1
0.14240903458549434 0.13139642661960238 0.3210249947035483 1
0.14235635952123296 0.13135604652787827 0.3208391570230073 1
0.14277105077276106 0.13147447013913888 0.3209904217326796 1
0.14288209274743502 0.13147025943939816 0.3209351923249798 1
0.14251107804314792 0.13171410515067028 0.3208940161608876 1
0.14360655692557658 0.1316118676386021 0.3214295804187934 1
0.14453122643149552 0.13180311697499203 0.32113263189299485 1
0.14476046838302797 0.1314098380756979 0.320775449343212 1
0.14526452143415453 0.13158772552215592 0.3206676954035589 1
0.1448300136641852 0.1315508765185195 0.3205644921483236 1
0.14497712612041652 0.13153421594026055 0.32115633765606155 1
0.14451106448833123 0.1315890722081465 0.3084028061004245 1
0.14462595761041142 0.13162497922175717 0.28815820830929184 1
0.14458214133828268 0.13151170202693768 0.2739291898879581 1
0.14465891035489545 0.13159166453718163 0.27070563539512726 1
0.14465227798469418 0.13164626438492016 0.25033018042764177 1
0.14475694750524215 0.13145895536276386 0.24330196913798557 1
0.14469862016627807 0.13171281688992592 0.2428263237041325 1
0.15907394124616728 0.1318610502843889 0.2432289038301509 1
0.17678790944969572 0.1319374190482862 0.24350165613340521 1
0.1808295030513757 0.1318751010900633 0.24325669988483464 1
0.18140311920772917 0.13191710661562456 0.2436348252208016 1
0.16045573801608584 0.13219091082552337 0.24292089518543358 1
0.14840949780946852 0.13208846194387458 0.24312839672309028 1
0.147279592729803 0.1317435822212708 0.24149574915425726 1
0.14766685305134764 0.13174873492447492 0.2233588076872069 1
0.14742972861215653 0.13178430125676666 0.2132967370616643 1
0.1475437293735349 0.1318875248268363 0.21267518393971518 1
0.1476943197330021 0.13209154628594882 0.21600762346632668 1
0.14769651975694256 0.13228460258373564 0.22888479657584526 1
0.14739751846703622 0.13205209076454694 0.24285849358303746 1
0.14748213625287152 0.1320413900800491 0.24823431089175535 1
0.14899251759949222 0.13204422114289754 0.24849738534258367 1
0.16578537759217182 0.13162107522253844 0.24863676875552826 1
0.1756698062057596 0.13191457099632287 0.2482361089589839 1
0.17762875549291332 0.1318165588409525 0.2481403207879399 1
0.17808439439732665 0.1323151933054948 0.24791520698764521 1
0.1776106686387721 0.13216662154457154 0.247926340669262 1
0.1776086305215439 0.13211272868203083 0.24797544424407725 1
0.17780074397914206 0.13211439892958504 0.24802257376070416 1
0.1778216894411757 0.13199924599455892 0.24825766223984255 1
0.17746252157722445 0.1318754176204435 0.2481736112669184 1
0.1775253112518221 0.13194624154338325 0.24823594057529297 1
0.1776537586289393 0.1318159891455321 0.2483148310741384 1
0.17722283022473184 0.13193374118927048 0.24823224597419047 1
0.1777900017429558 0.13192293289954893 0.24825214604269166 1
0.18039550248464467 0.13159746821779122 0.2480549856975348 1
0.19729549198446228 0.1315420670439975 0.24845575347596519 1
0.2189555232280918 0.13170428166980494 0.24800484745192186 1
0.2232530392452353 0.13192603106053596 0.24836671663231552 1
0.22037290650625926 0.13209303401896225 0.24801559853000502 1
0.20222451876059408 0.1319919454628764 0.24806570896724775 1
0.1795712295930514 0.13194267135911897 0.24795882050707535 1
0.17021001499525634 0.13195995425521687 0.2482078383068742 1
0.16975984661721 0.1317318557505915 0.24827795366859806 1
0.16948998674230528 0.13163991866911645 0.24822521613529341 1
0.1695245595884654 0.13178759363965115 0.24816636668421835 1
0.17014062544047176 0.13177271800038848 0.2482601161228557 1
0.1701020934342685 0.13175752994179785 0.24827807179455302 1
0.1700350178691514 0.1317809168950933 0.2482274231562757 1
0.1699607796045792 0.13179053842174832 0.24818831266414232 1
0.16977054671391986 0.13182252384788368 0.24632082028698626 1
0.16958901448362923 0.13206322959876732 0.22800140787301587 1
0.16969885342218619 0.131808282433715 0.22549578799765663 1
0.16990402793560364 0.13174871652799441 0.22479738551487902 1
0.16980345697870275 0.13184031327621581 0.20792283932334427 1
0.1696885332248487 0.1318736526365744 0.18661491230475108 1
0.16983795281183278 0.13167456098745448 0.18063908028824044 1
0.17014190735113635 0.13189367381205858 0.16265500300344993 1
0.16948665184031994 0.13192561609102493 0.14154695271440446 1
0.16996102953801479 0.13193229893992342 0.13763907491434277 1
0.17011185567832046 0.1317797666931137 0.13199347102920123 1
0.16970053473398167 0.1319898626840716 0.1145164274917076 1
0.1700170489860647 0.13185924971850382 0.11258513234808569 1
0.1693867812649103 0.1318578312247647 0.09932876042414512 1
0.1697008281968981 0.13175402894197652 0.0976395597882115 1
0.17016383864514778 0.1320191636618812 0.09767057438873947 1
0.16999963892637973 0.13210207945341518 0.09746548327749419 1
0.1699163228973041 0.13196675203632344 0.09782804471047626 1
0.1699685095519203 0.13183009489162775 0.09783398846734806 1
0.16404508793271996 0.13200183005492203 0.09777239443179925 1
0.15110131959399653 0.13206255509137166 0.0978795267897829 1
0.14672839660620807 0.13227052534742934 0.09779452169476732 1
0.13691619956176831 0.133238037405988 0.09786939298663777 1
0.13694822949856836 0.133292655271672 0.09764816234943653 1
0.13723436344884588 0.13312235614527274 0.09826873431715805 1
0.1372652297819513 0.13314136975020255 0.0982332368348263 1
0.1373777125515694 0.13311395531034986 0.0982346030456807 1
0.1373809989335509 0.13312742122030713 0.09821039874499088 1
0.13737733206081307 0.1331381995219314 0.09818416813080569 1
0.1373736373933392 0.1331449238531484 0.09815435288084001 1
0.13740905767160116 0.1331327829451508 0.09808392429481921 1
0.1374215408709039 0.1331282909292137 0.09805142344148185 1
0.13744424637311528 0.13312036799835278 0.09816103562110987 1
0.13763340779742309 0.13308091129329036 0.09877883696498088 1
0.13767580680473987 0.1331719305366083 0.10121184159542762 1
0.13778172408116648 0.13312196581794133 0.10261649239726875 1
0.13731118432501982 0.13318121777196096 0.10308100632527697 1
0.1371987122966395 0.13322912054265218 0.10679193874863717 1
0.13742797443807497 0.13316255405194471 0.10775763308831356 1
0.13741971994623392 0.133164872508812 0.10777465744545622 1
0.13741607642341086 0.13316935669905905 0.10778382109746434 1
0.13741712867689612 0.13316691347284304 0.10778997579003138 1
0.13741845816271878 0.13316742771562823 0.10778880788374035 1
0.13741944570805376 0.13316557546063099 0.10779208499801787 1
0.13742689257930532 0.13316718871218036 0.10778746734538232 1
0.13742586386143366 0.13316554664864572 0.10779560542028023 1
0.13742721673638758 0.13316482252019002 0.1077943825441865 1
0.1374289688124363 0.1331669342535458 0.10779135631456516 1
0.13742890542196406 0.13316521721732838 0.10778912025736462 0
0.1374327005721765 0.13316705706096865 0.10778787495334234 0
0.13743340984441774 0.1331664032492494 0.1077909938710745 1
0.13743063875440317 0.1331663725843387 0.10778537507107988 1
0.13743379384750593 0.13316468945081822 0.10779182264155565 1
0.13743380095832444 0.13316355622942225 0.10779046103939088 1
0.13743378382340354 0.1331653528786868 0.10779024124601269 1
0.13743383964036288 0.13316677114536818 0.10778838493531379 1
0.13743170974850555 0.13316592095981156 0.10778849600321269 1
0.137434282933366 0.13316631420594693 0.10778606230058399 1
0.13743094034261058 0.13316464928144212 0.1077890532526573 1
0.13743486125258375 0.13316440601867896 0.1077875166581424 1
0.13743502606571467 0.13316386827766882 0.10778715509229528 1
0.13743283183596852 0.1331634523254932 0.10778685348938323 1
0.13743510407578285 0.1331652763107568 0.1077850015169168 1
0.13743289031956127 0.133163931832981 0.10778841310196466 1
0.13743395301048575 0.13316396192334043 0.10778590365342199 1
0.13743266400720697 0.13316301345158005 0.10779074287807411 1
0.1372123235871895 0.13332353504291444 0.10781435918784216 1
0.1373642638773933 0.13326571788866376 0.10824573608141547 1
0.13730839102084588 0.13322126668333498 0.1080567005172973 1
0.13709043230766554 0.13323106173495566 0.10778123752415672 1
0.13727289899628017 0.13331416710597932 0.1081003676752533 1
0.137212578456233 0.13340381636267434 0.10787174297819882 1
0.1376970386124034 0.1333827184963139 0.1073525328154328 1
0.13789704376245052 0.13340068624326748 0.10763484450162739 1
0.13748098145675094 0.1485694820487449 0.10735391536765668 1
0.13453219607023545 0.17121727672499965 0.1075376898974947 1
0.13271751635642032 0.18238464185075637 0.10752224740038649 1
0.1325940963984765 0.1885099230079895 0.10770806970340663 1
0.13252342184859173 0.20755410530104182 0.10784013996477393 1
0.13242142514077346 0.21450871249158773 0.10787618861644703 1
0.13225004124031178 0.22823622674748656 0.10806581956954792 1
0.132008149000218 0.2339213595563986 0.10792103836895035 1
0.13223342588828477 0.24829908639825798 0.10766086198871153 1
0.13217674747739067 0.25394380485073476 0.10778302083185005 1
0.13210776202025135 0.26776633993050614 0.10769918512048912 1
0.13245619774905384 0.27410775268690024 0.10767914208484769 1
0.1355920925828441 0.28911191967448313 0.1079967963895783 1
0.1358195006956293 0.2916594042426224 0.10763119815055758 1
0.13636018623514018 0.2992024495031474 0.10798808932770723 1
0.1367428668375842 0.2996283881925877 0.10785735822337894 1
0.1367276493898413 0.29962103234406784 0.10784447041308909 1
0.13670752577256073 0.2996128896677137 0.1078389663032848 1
0.1366946514243078 0.29960507729194363 0.10783511435625706 1
0.1366956156404291 0.29959773419570823 0.10783062529934839 1
0.1366892554354774 0.2995937826504004 0.10782885188445682 1
0.13680220627041528 0.29977492534233485 0.11818772839313979 1
0.13656429772659434 0.29980900626370366 0.1382690233943767 1
0.13665531368654976 0.2997712696291037 0.14012299820213353 1
0.13656823313876196 0.29968935493482307 0.14027697733869893 1
0.13616882326599222 0.29945759461540294 0.12714930912195432 1
0.1368534976043111 0.2995111943572264 0.1249782128712353 1
0.1367397776179104 0.2994557011325357 0.11921762224240495 1
0.13677326579358853 0.29943992073054926 0.11498418194867602 1
0.13726395072574124 0.2994964166416495 0.11339934131556957 1
0.13715669825121887 0.2995325103902119 0.10321874258318603 1
0.13704555684137376 0.29962997703254024 0.10281046646825096 1
0.13698743174803582 0.2996360578326914 0.10282252602425004 1
0.1369654687448013 0.29962718235486896 0.10283375161889452 1
0.13694709364685473 0.29962149991066056 0.10283905246061154 1
0.13694105557095032 0.2996131115809605 0.10284893479331181 1
0.1369317030624626 0.29961482340805945 0.10285000094681952 1
0.1369292711368626 0.2996099118915161 0.10285511761630267 1
0.13691942888594197 0.29960978122359694 0.10285399985948707 1
0.13690518453725023 0.29960329683467746 0.10285886107651031 0
0.13686655025153513 0.2995858720784033 0.10286851241466763 0
0.13637498661009453 0.29937409003216187 0.10297681272080031 0
0.1367776749267143 0.29954533758544266 0.10288949572332225 0
0.1369826964212206 0.29962813584959413 0.10287106696833773 0
0.13694614464569924 0.2996109200438457 0.10288406633657873 0
0.13693659221035964 0.2996007381105307 0.1029063423825018 0
0.13693441427429315 0.29958504103245265 0.1029437864122196 0
0.13670851308806295 0.2994838852421316 0.10300439201179637 0
0.13641836030118912 0.2993637406949954 0.10305171209362048 0
0.13697784432856952 0.2996196634745467 0.10292906922091451 0
0.13695504828024688 0.2996044581416145 0.10293908203898709 0
0.13692790975337166 0.29959282197316006 0.10294882975409313 0
0.13690810424333696 0.29958137445894106 0.10296194751399779 0
0.13688527299625528 0.29956936301294007 0.10296437905216668 0
0.136860491988686 0.2995610946869488 0.1029740559533335 0
0.13637453432253654 0.2993458735246477 0.10308922335707782 0
0.13644459035661125 0.29937764670001926 0.10307197038980422 0
0.13698768465097355 0.2996240992136072 0.10294718700325572 0
0.13695062307241873 0.2996033069099312 0.1029671111115137 0
0.13692001435193124 0.29959156666761727 0.10297138955792884 0
0.13687323423126094 0.2995667531499173 0.10298168670488779 0
0.13645491954077257 0.2993824610467963 0.10307739953789252 0
0.13682460263783078 0.29954830135951427 0.10299236450693339 0
0.13692861899336656 0.29959508295514226 0.10297907751403716 0
0.13691168172078175 0.2995816899030606 0.10298759620902964 0
0.13688009034439186 0.29957042933445877 0.10300534824651142 0
0.13683270231904363 0.29954948371619544 0.10301264770711514 0
0.13680567938769983 0.2995351349085189 0.10301985264446784 0
0.13678785992397308 0.299529156625626 0.10302531641915544 0
0.13678590720099923 0.29952953419409756 0.10302457540351848 0
0.1367825050138404 0.2995265425251023 0.10302795500781059 0
0.1367868560022588 0.2995305841699583 0.10302362385754023 0
0.13678346646607303 0.2995314504134955 0.10302488374714251 0
0.1367853054322514 0.2995313737627633 0.10302723917482876 0
0.13678778982192294 0.29952966452688173 0.10303132266175663 0
0.136782080511474 0.29953148790804807 0.10302517628607928 0
0.13678358612783112 0.2995316702290196 0.10303034026322422 0
0.1367802758397543 0.2995317483947188 0.10302727906202697 0
0.13678549876678375 0.2995283229508105 0.10303169786808553 0
0.13671234019434036 0.29982310722624556 0.10770038577055191 0
0.1366907310968646 0.2997487345333978 0.11469216432992077 0
0.13635417576677478 0.29958581907666054 0.11504022658923674 0
0.13636771605219458 0.299569970574191 0.11508842842437005 0
0.13639059369995052 0.29956290018721576 0.11512461662497313 0
0.1369752834402123 0.2996025809796381 0.11425099924625298 0
0.13679251640753842 0.29839605965782234 0.09956387781278056 0
0.13722450781607531 0.29895409080091323 0.09317646003546065 0
0.1370367812122932 0.29920374354121126 0.09205193406808951 0
0.13692407116535008 0.2993588153312122 0.0914785669027387 0
0.13692329183502033 0.2993674884482133 0.09144933080638507 0
0.1369158197787799 0.2993703807727992 0.09143363330254642 0
0.13691089148783128 0.29937440738222293 0.09141612722856554 0
0.1369005666007019 0.2993743013804304 0.09140697983192156 0
0.13689097194574038 0.2993733521099446 0.09139976791333781 0
0.1368840217822572 0.2993733346067109 0.0913864946995708 0
0.13686963298299806 0.2993738435907609 0.0913788742552952 0
0.13686175551263863 0.2993715767172853 0.0913692286943599 0
0.1368506859431657 0.29936818318632896 0.0913653522601085 0
0.13684199772672143 0.29937211288901644 0.09135437994297599 0
0.13683915122558918 0.2993689003195525 0.09134724809911174 0
0.13683453255105055 0.2993718635875261 0.0913396807867583 0
0.1368226795904264 0.29937039123387366 0.09133767356175135 0
0.1368229093868682 0.2993688485086271 0.09133018228151943 0
0.1368159278353587 0.2993706744334891 0.09132151572185292 0
0.13681799927654967 0.29937168206656806 0.09131511459669195 0
0.13681770676742683 0.29988137546493443 0.08965427570153603 0
0.1369321567147519 0.2998815519829702 0.08963159908895627 0
0.13648412222307876 0.29945969662166594 0.09043470887144243 0
0.13653484296637985 0.29947286229333947 0.09045580187946409 0
0.13657860538931532 0.2994838978260054 0.09047603068235682 1
0.13660775447222762 0.29949523023564817 0.09047798288388684 1
0.13663377821263906 0.29950381040382196 0.09048579236011203 1
0.1366568526433433 0.2995093724590463 0.09049138901529219 1
0.13666098999291257 0.2995086909533238 0.0904948346767066 1
0.1366583675808905 0.29950859376862315 0.09049770908501462 1
0.13683794911897657 0.2994228259217321 0.09096723095848087 1
0.1370070666943072 0.299470776670514 0.0905457064414813 1
0.13666949837073952 0.29959325403844783 0.09067531536150812 1
0.1366917146022104 0.29961934425245 0.09064333746904565 1
0.13664933812239394 0.300083234307304 0.09061658995810053 1
0.1363309468358804 0.29988071571361297 0.09024239670550283 1
0.1448303032580051 0.2994796981870622 0.09079149661853657 1
0.15605949231523802 0.29786013476655465 0.09072089626993982 1
0.15719433040296443 0.29778153270213614 0.09063709759462177 1
0.15434320393419848 0.29770165984940844 0.0906528655226643 1
0.14173179395847807 0.29677137618846056 0.09039654997633362 1
0.14007408229765425 0.2965780407521361 0.09084744800990821 1
0.1297153042959204 0.29648814780270377 0.09060342852270181 1
0.1278967303856211 0.2966472088318166 0.09074311185914537 1
0.12767287491790053 0.29663193592144715 0.09068814972316025 1
0.12761287921537073 0.29660115934200026 0.09070089131340495 1
0.12762321589666215 0.2966004752481709 0.09069592504570181 1
0.12763610728336222 0.29659847487811253 0.0906918112752281 1
0.1276491445937189 0.29659663791768964 0.09069260605329868 1
0.1276619510494279 0.29659522337971533 0.0906873463902323 1
0.1276840476565406 0.29659673859946767 0.09068014844526066 1
0.1277043386110178 0.2965934264055123 0.09068195465962822 1
0.12772266400639165 0.2965942915062159 0.09067981060352087 1
0.1277556640199761 0.2965965983870257 0.09067381917362724 1
0.12779687847557214 0.2966077804239523 0.09066256366516862 1
0.12785070925296302 0.2966289891344368 0.09064865254695004 1
0.1278559365248847 0.2966321714377589 0.09064596125374774 1
0.12786564170579787 0.2966262729847272 0.09064365659638093 1
0.12786389698357045 0.29662802056713977 0.09064212346009896 1
0.12786629364417748 0.2966243883376222 0.09064465530961892 1
0.1278672867492042 0.2966248992044409 0.0906461461938972 1
0.12787079433989101 0.2966220377642499 0.0906471787714431 1
0.12818222994776043 0.2967244497362963 0.09974721106819362 1
0.12801047198410961 0.2966016352538029 0.10314577310913788 1
0.12798884294339277 0.2964811447433735 0.10317927589926963 1
0.12799116665860646 0.29648521746298184 0.10316193870517038 1
0.12799267398957137 0.2964924645262311 0.10315014887666824 1
0.1279902275875192 0.2964988884173539 0.10314310039291802 1
0.12798661010384205 0.29650318547981047 0.1031370161774117 1
0.1279817740993496 0.2965063931617736 0.10313501580055318 1
0.12797084093412794 0.2965111076342043 0.10313485780735161 1
0.12752570243065622 0.2967100438973585 0.10310995684649367 1
0.12701366364995162 0.2968004739091237 0.10262935573917675 1
0.12772759698327435 0.2967193465108719 0.10270949939782485 1
0.12990347860681123 0.28361263057224567 0.10357311180892848 1
0.1300550013808235 0.2780961364217194 0.10293333542216937 1
0.1304517740633245 0.2778342397344761 0.10290331286309279 1
0.13032846975088494 0.277813304217381 0.10296220886989244 1
0.13030573438928894 0.27782623503658954 0.10297803328646493 1
0.13085720070753107 0.2688348650661665 0.10358179166794987 1
0.13154719824444736 0.26365977621481346 0.10305121507913614 1
0.13177360529990204 0.2635529819973401 0.10305848543395707 1
0.13177925937957638 0.26357287717477856 0.10306378401088842 1
0.1317919155032097 0.26358624481623166 0.10305897106096062 1
0.13178799719175646 0.2635975806081146 0.10306063253937167 1
0.13178925920670242 0.26360524897077664 0.10306201663781965 1
0.13178864706880308 0.2636106899129794 0.10306397632596376 1
0.1313164413966915 0.2638406189114332 0.10302060959494459 1
0.13211801669050632 0.2639650944002584 0.10301113415587257 1
0.1318011792274408 0.263869165401092 0.10308106093187598 1
0.13174255757246267 0.263828259986311 0.10308531892714531 1
0.13126197426160924 0.2635685588032365 0.1032137831077174 1
0.13157277757908692 0.26346418749061024 0.10319766764051727 1
0.13215940790774106 0.26374031509278306 0.1030417872856273 1
0.13208696917595172 0.26371697722076715 0.10305612022799894 0
0.1320669159832511 0.2637020900663868 0.10307113978569787 0
0.13173354160452336 0.26359060649058663 0.10304592974966342 0
0.13141611203434586 0.2635444351584429 0.10284940220178154 0
0.13149637812629736 0.26356308025384034 0.1029011527593732 0
0.13216659947617193 0.26375464040607255 0.10311786154674285 0
0.13210492364882656 0.2637373907913965 0.10310840695382345 0
0.13202530699128937 0.2637150180530857 0.10309214184706988 0
0.1315647563483728 0.26350943046562114 0.1031733790027092 0
0.1315531783091023 0.263516334364876 0.10313712933815912 0
0.13184872795783362 0.26392668359688515 0.1029239087536033 0
0.13177751997853804 0.2639858082761115 0.10290872709355203 0
0.13196750432445 0.2638291370402254 0.10282834141056212 0
0.1318793582805711 0.2637834051188477 0.10288362310812868 0
0.1315774748587878 0.2636360079125619 0.10313872393865108 0
0.13193701047331508 0.2636116890678498 0.10329551903364362 0
0.13179141646378004 0.2635816009381323 0.10329437874775238 0
0.13165270512964555 0.26365414082621286 0.1032045089718732 0
0.1319072098952042 0.26369644361570915 0.10309330135581371 0
0.13196921667058834 0.26372244545593826 0.10323439541614675 0
0.13193236872257394 0.263693770247916 0.10340197012259117 0
0.13195097918745088 0.26362746781037516 0.10339668395258134 0
0.13173720174769274 0.2636411786769989 0.1033045698977508 0
0.13151773100686892 0.26355125038799143 0.10360975626950589 0
0.13216067109916046 0.2630804713914945 0.10338532140090154 0
0.13219844591211596 0.25626917063887833 0.10349051864826433 0
0.13254146715583004 0.25548609545549317 0.10349978840618856 0
0.13246143603681323 0.2532265557291843 0.10369444797042252 0
0.13270326588731057 0.24235164583389912 0.10361121811740932 0
0.13292010782686892 0.2415959405410455 0.10363311167719202 0
0.13291863532603002 0.24160447998213241 0.10360492032691228 0
0.1329192971320859 0.24161762871366954 0.10358319152856912 0
0.1329060916777654 0.24162868955401895 0.10357386577994367 0
0.13289564826485245 0.24164017482352856 0.10357303747063723 0
0.1328699710843723 0.24165877951885578 0.10357032304252471 0
0.13244212019343105 0.23640608561000617 0.1033986568951847 0
0.13400645632028615 0.2171738148960236 0.10309639188946171 0
0.13720330061287067 0.19978457406175004 0.10255283265861634 0
0.13800538914079372 0.1972843975460677 0.10282818753972198 0
0.13841280712912565 0.19681411575469027 0.10285152162821931 0
0.13980363835733148 0.17914102728297632 0.1029719644058647 0
0.14237172720548236 0.1590187289694277 0.10225810953837002 0
0.14389727642312355 0.14625059022679626 0.10259932618419765 0
0.14433835904591966 0.14587348409032605 0.10262474057194232 0
0.1442127063081093 0.14434308844634589 0.10304758155329694 0
0.14518445393069648 0.1348485474695456 0.10282336039737851 0
0.14584748832354982 0.13407081278001037 0.10281876381838662 0
0.14585950417418292 0.13407836947647966 0.10282464596004684 0
0.14582240258610646 0.1340466509664756 0.1028474346352295 0
0.14746926365664426 0.12331745156301474 0.10310668635144338 0
0.15225402903766735 0.10374319768759523 0.10317680482777361 0
0.15685048784160577 0.08351123590668018 0.10305513527265188 0
0.16101284167043428 0.06331909039407731 0.10315568361124863 0
0.1656186381307278 0.040796049790299854 0.10314214795806903 0
0.16948948396604574 0.0206873584469192 0.10332939749732396 0
0.17342705945261908 -0.001748605151833893 0.10323469624068116 0
0.17736294662095778 -0.02413144183806179 0.10314886579969568 0
0.18077000281627706 -0.04411533699332093 0.10319800411397333 0
0.1842457871588236 -0.06657523937940629 0.10316967387958087 0
0.18779996195381196 -0.0890783387939795 0.10295419952276352 0
0.1911994111236219 -0.10893024953145886 0.10311057560337929 0
0.19516059226214 -0.1314836390382376 0.10295736237766269 0
0.19865681041324953 -0.15395302106296604 0.10308617767525922 0
0.2004924496054079 -0.1666047474286325 0.10319269333535977 0
0.20045168544333494 -0.17151120242101373 0.10305703743478085 0
0.20052905314538583 -0.17144438456314118 0.1029899028760956 0
0.20092149690149586 -0.17118610370440798 0.10251321601918317 0
0.2007442821967063 -0.17098710221280275 0.10264656475328365 0
0.20071371407788383 -0.17096241767330428 0.10267662191788275 0
0.2006518247317329 -0.17088047329147932 0.10271808437165995 0
0.2006451272640189 -0.1708710654777396 0.10273476799105545 0
0.20064795740446137 -0.1708708520421835 0.10276081984654409 0
0.20069209189982046 -0.17092606742724525 0.10293255731852277 0
0.20070004938237024 -0.17091164033497755 0.10292945906822955 0
0.20070503144783552 -0.17090018148839514 0.10292641358910853 0
0.20071491692582755 -0.17088441454489475 0.1029272494542348 0
0.20073644339880653 -0.17086169714524269 0.10292412109608012 0
0.20075837254606405 -0.1708293122703436 0.10292696085350728 0
0.20075851102546233 -0.1708227093622385 0.10292548436148598 0
0.20075743919694333 -0.17082508571286434 0.10292543580027261 0
0.20075976459840544 -0.17082347062050435 0.10292688406972005 0
0.20075820395492605 -0.1708251718232492 0.1029247413958278 0
0.20075439963113378 -0.1708276823658372 0.1029256365742823 0
0.20075854867279583 -0.17082497443903177 0.10292441805390652 0
0.2007545381137955 -0.17082609867815537 0.10292689881811257 0
0.2007476940382256 -0.1708298272198557 0.10293002531207723 0
0.2007488278812254 -0.17082777144113268 0.10293213756906648 0
0.20075393020949844 -0.170828288659652 0.10292732214682816 0
0.20075097894786958 -0.17082943101931444 0.10292973534783942 0
0.20074875166799827 -0.17083096291291391 0.10292832749053935 0
0.20050453917690308 -0.17033639155303582 0.10289657726545419 0
0.20045203733520173 -0.1547742599981649 0.10291975321441009 0
0.20040319223905012 -0.14481278171816683 0.102711108438126 0
0.2004176270707228 -0.14403614690935154 0.10313807563104256 0
0.20047908187838984 -0.14400020733953128 0.10308530659863718 0
0.20034699758515423 -0.14410551469435934 0.10283709742748881 0
0.200784065702579 -0.1444697429642157 0.10354545035340311 0
0.20062879479396692 -0.1442490040664388 0.10314400447071179 0
0.20109170312072683 -0.14371476775230937 0.10295549670015096 0
0.20087928623504248 -0.14410973281506434 0.10307562890476557 0
0.2007966412908435 -0.14423548802514258 0.10301157682935408 0
0.1999517547412536 -0.14465307175987696 0.10272507022102795 0
0.20060705389479602 -0.14477398860042712 0.10270178407230635 0
0.2005334640152253 -0.14495847854859306 0.10287860831378506 0
0.20081013119100066 -0.14453938764972127 0.10319314618416978 0
0.20080200798778422 -0.1442264857136612 0.10292152935949453 0
0.21170228833028393 -0.14203433565698564 0.1031623881344601 0
0.22685184829088145 -0.13916795854182168 0.10289923925056689 0
0.2262351993571481 -0.13999260132817803 0.10302959727581038 0
0.22643817305509534 -0.14016216511401192 0.10274560024956968 0
0.22630748499040684 -0.14034608262753362 0.10278209566942122 0
0.226256086104684 -0.14034597748244687 0.10280383854895025 0
0.22618775412404835 -0.14030656105980444 0.10282866635574756 0
0.2261645377017247 -0.14030938023034478 0.10284221821761877 0
0.22613328024499887 -0.14030994532306768 0.10284394648355945 0
0.22557629978863838 -0.12733131898192543 0.10321866545736932 0
0.22576300373527802 -0.10647491181192564 0.10282018975631217 0
0.22060743558529727 -0.08366027460714186 0.10298970593286418 0
0.21126485811847825 -0.06608010408294522 0.10298796273358149 0
0.21241636864043908 -0.0765621456008505 0.10323400497195673 0
0.21379004766726506 -0.09682285428613531 0.10324484663105107 0
0.21418356114902884 -0.1201300309335731 0.10315823103400781 0
0.21426095606348175 -0.14309794886190386 0.1030830602112312 0
0.21414302328550297 -0.14704009003513024 0.10274884437953813 0
0.21426572557170495 -0.14717594037585147 0.10306030702234917 0
0.21456108252250694 -0.14664614567520257 0.1026021883148233 0
0.21425558426800886 -0.14671942469306704 0.10352313796927239 0
0.21450610068097126 -0.14622963075057344 0.10307976162257487 0
0.21437965841645018 -0.14597297721955443 0.1081224511646858 0
0.2150530977147008 -0.14609572180449207 0.12680584717602295 0
0.21474405548181374 -0.145877381676644 0.13017293405408703 0
0.21458897873839178 -0.14575874218236978 0.12973863244513914 0
0.2145666041533315 -0.14578095135119518 0.12966311752750623 0
0.21459584073906796 -0.1458375798272869 0.12965301977658808 0
0.21463590696316595 -0.1459065727702467 0.1296437699034015 0
0.21467038796511484 -0.145970049597619 0.12963452102795062 0
0.2146605120753904 -0.1459867549457192 0.1296388803613767 0
0.21464077553322178 -0.1460170466920639 0.12964204473870325 0
0.21396613251856467 -0.14702198538726027 0.130133084263291 0
0.21453310458424016 -0.14654997533345782 0.12986458049863026 0
0.21446461663436928 -0.14640819935167815 0.12970651792482749 0
0.21443819372546913 -0.1462824529016846 0.12974149388354475 0
0.21442872524035766 -0.14628587962223616 0.12979907129093488 0
0.21446401094907783 -0.14619634160527128 0.1298290432797287 0
0.21429083721980335 -0.1460930681305933 0.12992767009158648 0
0.21449230967209132 -0.14610169676188584 0.12973373331886945 0
0.2144793702931761 -0.14619873828943636 0.12986929375942402 0
0.21432464293395503 -0.1463193076589474 0.12986862402455973 0
0.21454305105648158 -0.14623096296014473 0.12963942539562706 0
0.2143863372158739 -0.14620776157593468 0.12974399543000903 0
0.2144561644265603 -0.1461682939660146 0.12968830454697347 0
0.21435590059521714 -0.14601469973505965 0.12983872084639192 0
0.21431321250030116 -0.14616200119535763 0.12982378790231217 0
0.2143583302975262 -0.14621101738728576 0.12972801455586447 0
0.2144218359959435 -0.14624644987968605 0.12973943545855532 0
0.21438547554105247 -0.14622241832561653 0.12999083189591615 0
0.21446665675240315 -0.14781694657235778 0.12974809313599733 0
0.21424642433077018 -0.14982957886458476 0.12986864346104418 0
0.21389068348685247 -0.1515698346091113 0.12984981068594126 0
0.21420514916395356 -0.15129932689692163 0.12980020231139053 0
0.21425801563360147 -0.1512937629314996 0.12986143297318561 0
0.2144707656322447 -0.15135721552675885 0.12990444551027275 0
0.21529938283117267 -0.15708374990326285 0.12964137841229972 0
0.21423268213517468 -0.17658605881461154 0.1294891661317794 0
0.21426367353231981 -0.1993276429322963 0.12945980063042833 0
0.2151582254083254 -0.2128065246864205 0.1297695921695125 0
0.21604962318497847 -0.21358802529880483 0.12988954490756174 0
0.21609323907802164 -0.21357632858174125 0.12986297540333583 0
0.21600115445638107 -0.21349107185694094 0.12980029639249108 0
0.2158055947986885 -0.2133243409418126 0.12971261629977515 0
0.21589100589724075 -0.21333716751952245 0.12968724437273765 0
0.21542345684894013 -0.21286597906064453 0.12957492151713107 0
0.21512296717632617 -0.21292021230743285 0.1294120633648484 0
0.21559656955537088 -0.2132108651208645 0.12938226364957545 0
0.21560842035893757 -0.21321395029492823 0.1293370079038227 0
0.21558374516521822 -0.21319398459275546 0.12935072496647493 0
0.2155549714518647 -0.2131655790927986 0.12936229023296722 0
0.21554447369836854 -0.21314180859317194 0.12936696516206517 0
0.2155426263366525 -0.21312364893903607 0.12937393496706454 0
0.21554084049159178 -0.21311247803015715 0.12938442518617088 0
0.21556010221823813 -0.21310730976536463 0.12942771086906335 0
0.215565478573762 -0.2130923458117066 0.12943061822420107 0
0.21632294156127574 -0.212608904274015 0.13006965009788723 0
0.21584055626686494 -0.21325975929912958 0.12985152665686975 0
0.21584578314958927 -0.2128032413020723 0.1296963696640473 0
0.2158764344996485 -0.21280704083161006 0.12910183273766443 0
0.21582896695369996 -0.213068281176999 0.1295101911330836 0
0.21583593926981762 -0.21300256192928307 0.1296007751490228 0
0.21569735416773042 -0.21304417323593866 0.12969901959857516 0
0.21556823833915642 -0.21311431529973118 0.12966793874399796 0
0.21573095194828315 -0.2130945278316348 0.1296641178152744 0
0.21570697290926644 -0.212949170548837 0.12958741007192603 0
0.21548997103025078 -0.21300605376791615 0.12970052318599495 0
0.21567346495846298 -0.21304335786117307 0.12970847704387511 0
0.2153352430010419 -0.21338062147576678 0.12960463047863707 0
0.21574367782647735 -0.2130616699648384 0.1293086935055289 0
0.21569612694726098 -0.21306401632766786 0.12934649117381272 0
0.21565627452955877 -0.2130340720227468 0.1294066119061445 0
0.21531632271797715 -0.212854523761804 0.12984440508465994 0
0.21551591855255442 -0.21279609903639352 0.12981241754487083 0
0.229281515644343 -0.20876129421454653 0.12927184879187775 0
0.24967699576261448 -0.20157155724724954 0.1293028170803276 0
0.2605011083189255 -0.19753977460058608 0.12973352938959867 0
0.260379428853368 -0.19768070382721098 0.1299698668220755 0
0.2603898173787815 -0.1977586684914871 0.12991699138581175 0
0.26074591698997746 -0.1980314553778231 0.12947226951872823 0
0.2605054069662449 -0.19823095208151692 0.12950710959163994 0
0.2603444492591912 -0.19812931410943893 0.129500209285503 0
0.260291040641873 -0.19809605053777793 0.12951054627292105 0
0.25988035214374566 -0.19756877024334107 0.1312476488896499 0
0.25981799044074055 -0.197597342019786 0.14819890301568625 0
0.25995725244405943 -0.19752091954813888 0.15200176975466095 0
0.26021510948432647 -0.1978163726283878 0.15219938258961963 0
0.26022537177237465 -0.19783149736193517 0.15219726254309385 0
0.26021860656052836 -0.19785030453708422 0.15218473311397088 0
0.2602185153903743 -0.19785478559691438 0.1521777270311152 0
0.2602169611534977 -0.1978607285996119 0.1521729259676549 0
0.26021566184960565 -0.19786719213528303 0.15217106851178547 0
0.2602109529866071 -0.19787299287129995 0.15216720251080346 0
0.2602100642147004 -0.1978754584438483 0.15216422214899797 0
0.26020877927106734 -0.1978774493478967 0.15216190598215787 0
0.2602064088819218 -0.19788035607031462 0.1521596903447741 0
0.2602080481885446 -0.19787802131716875 0.15216178014759196 0
0.26020289392420537 -0.1978824189430929 0.15215851738818104 0
0.26019941182657763 -0.19788411116683835 0.15215952766238733 0
0.2602006620881067 -0.1978828703039272 0.15215895621145611 0
0.2602002064834593 -0.19788529107552336 0.15215666313347248 0
0.26020070073119783 -0.1978793618439425 0.15215801181756006 0
0.26019869638467796 -0.19788456072598296 0.15215792486921154 0
0.26019833570010276 -0.19788235226810405 0.1521580641276673 0
0.26019997675751394 -0.19788352812083282 0.1521553538139866 0
0.2602004538492284 -0.19788191938437022 0.1521569696391783 0
0.2602016087659409 -0.1978816570269734 0.15215690816700625 0
0.26019915164789215 -0.19788327714807452 0.15215542040704397 0
0.26019615006448665 -0.19788513968803323 0.15215672617309645 0
0.2602012154513776 -0.19787939197429222 0.15215904286085158 0
0.2602015274981464 -0.19788172386370081 0.15215668760276266 0
0.2602018426985237 -0.19788062482869584 0.15215462938683427 0
0.2601995252002569 -0.1978801276175477 0.15215651067200986 0
0.2602033986389132 -0.19787771592879963 0.15215458548535488 0
0.2595511738000712 -0.1899417738934364 0.15282032000161555 0
0.26061007513222195 -0.17943365600862687 0.15210981102958615 0
0.2605440275892208 -0.1784218499654351 0.15219756119921377 0
0.26052118889183357 -0.17846125424008952 0.152200643201567 0
0.26049475300792646 -0.17851562572639973 0.1522030759900815 0
0.2604806508748961 -0.17860365382168408 0.1522042805776648 0
0.2602664538025032 -0.17901964666983933 0.15214955930264523 0
0.2603522939606984 -0.17896365633745778 0.15217692873812727 0
0.26069966450271587 -0.17864186734289308 0.15228861071497474 0
0.2606784035007992 -0.178694918525571 0.1522865345574535 0
0.2606760446828386 -0.17877614150888843 0.1522905288211 0
0.26065801608856587 -0.17894563718757822 0.15228837969524484 0
0.2604216028135246 -0.1791844801085084 0.15221297945967754 0
0.2608368519386179 -0.17875142915803136 0.15234428843954684 0
0.2609128435078872 -0.1790858487659389 0.15236511182031226 0
0.26017089203114013 -0.17940881178305662 0.1520446178167062 0
0.26041917483939725 -0.17914669490631693 0.15216343834879714 0
0.2604828335435287 -0.17907226468466692 0.152170794378628 0
0.2627481197557086 -0.17854377469829386 0.1524073623652686 0
0.2694247307042026 -0.17440978192307613 0.1521679591750129 0
0.26916763794272874 -0.17436079697952916 0.1525218374507106 0
0.2691681332201662 -0.1744429232682032 0.15248357744783084 0
0.2693105554177475 -0.1746064203136669 0.15251946245138287 0
0.2693039835341159 -0.1746529912724595 0.15249970951161385 0
0.26929024693187453 -0.174683992255051 0.152477498996286 0
0.26926336102481047 -0.17472207599542858 0.152457717320079 0
0.2689831122904764 -0.1750341039899307 0.1523517458657425 0
0.26935827045277205 -0.17461628671454285 0.15247430225543576 0
0.26933102288315597 -0.1746366470638451 0.15246322301361268 0
0.2693036884704959 -0.17465650028107343 0.15245525915924463 0
0.269283223025383 -0.17467374211756065 0.15244306340460423 0
0.2692615804105464 -0.1746940944456492 0.1524368039619164 0
0.2689235254997968 -0.17505466920387602 0.15232460136690767 0
0.2689859624790658 -0.17498157969050482 0.1523440724307462 0
0.26930852477060324 -0.17461178721331694 0.152453646367729 0
0.26928766354397193 -0.174634811887457 0.1524451874980895 0
0.26926587338807983 -0.17464985201176061 0.15243847762670693 0
0.26923357396964126 -0.17468248910878187 0.1524285036191141 0
0.2692097714939156 -0.1747050119706754 0.1524179310263076 0
0.2689195551420095 -0.17502090191362768 0.15232239009999549 0
0.2691840586962112 -0.17473437703543454 0.15240720561011173 0
0.2692813747003286 -0.1746157494112331 0.15244451931935266 0
0.269258574171107 -0.17464274790910767 0.15243441970186497 0
0.26923858601933387 -0.17466342635387389 0.1524380555076458 0
0.26889825512312593 -0.17427940756272903 0.15152354922286232 0
0.26908855198518006 -0.1741872101174951 0.15222840553016936 0
0.26913529138125913 -0.1747350955051835 0.1522351657779366 0
0.2728981152885232 -0.17001459119952772 0.15213583464857527 0
0.2793453756800669 -0.16232815353233523 0.15205213012493526 0
0.2824757154349631 -0.16291257978762935 0.1527353622723664 0
0.2931303661633681 -0.17066984889577996 0.15121189035473634 0
0.29625849470228033 -0.17362123729219706 0.15215513019841154 0
0.2959858445136458 -0.17410680447001797 0.15256622956455484 0
0.2964898544359112 -0.17418627908641288 0.15214547771486492 0
0.29632289322328303 -0.17411287231688605 0.15213344935611411 0
0.29615229873846105 -0.17401967691107967 0.15214117783762218 0
0.296103267465865 -0.1740147313049577 0.1521282389132255 0
0.2960539464736821 -0.1739834421987398 0.15211106487018045 0
0.29591064974820314 -0.17388863851354647 0.1520479133395242 0
0.29589720120740115 -0.17388927044545865 0.15204209542030736 0
0.2958991309879738 -0.1738920111485404 0.15204230098747118 0
0.29589737606875927 -0.1738963224694659 0.15204918843802023 0
0.2958984175579226 -0.1738974550094602 0.15204743335198279 0
0.295900226848219 -0.17389598925951694 0.15204808805663556 0
0.2959000962769414 -0.17389976730152107 0.1520513992909309 0
0.29590055614499083 -0.1739016117648472 0.15205131873055994 0
0.29556272847555154 -0.1773326284780546 0.15253663793257807 0
0.2846210566338661 -0.19037200574261254 0.1522451238405915 0
0.27829762277100856 -0.1955797722463316 0.1526555637151315 0
0.2709062507210458 -0.18670407984154766 0.15324577408999684 0
0.26962739905987343 -0.180071254195246 0.15207399788448833 0
0.2750370727980562 -0.1752444957028171 0.1527563763154539 0
0.2835099894621391 -0.1710551648862659 0.15252384838719063 0
0.2976276521246124 -0.1624669482257378 0.15186422539930153 0
0.2990300471684775 -0.16282975368400027 0.1526405992645634 0
0.3052608027174938 -0.16396883057156567 0.1520111091916969 0
0.3088321271553736 -0.16336351609875763 0.15282705562284205 0
0.3091183569797482 -0.16245017414696866 0.15245531210097799 0
0.30753537286362465 -0.16129176994601074 0.15206391029845637 0
0.3069004525760164 -0.1612957432167882 0.15231312204685943 0
0.3069706826281708 -0.16123012552418253 0.15236227244273243 0
0.3066475691898295 -0.16172148583061724 0.15217777141454802 0
0.3060069720279539 -0.16048276539245113 0.15199244154636882 0
0.3050553736509995 -0.15996251018521052 0.15158885852469622 0
0.3047476670948256 -0.159982324350952 0.15187696415484658 0
0.30476146373999113 -0.16002566482627975 0.15184292852819442 0
0.30477585793712847 -0.16003819677460557 0.15182079780726326 0
0.30480004768710145 -0.16004636615305906 0.15180057684166326 0
0.3045342296734941 -0.16041835396302057 0.1515579573546882 0
0.29831381803709234 -0.1613010192673423 0.15273134272313227 0
0.2957821391287492 -0.1612634815268016 0.15173662082962602 0
0.29792525227125055 -0.16056613111659065 0.15244219593902264 0
0.3114215128612617 -0.15222029691012645 0.1510873447865282 0
0.3125508725165576 -0.15238163273756833 0.15170373332710174 0
0.31321828232363047 -0.15224583724480895 0.1513638740857371 0
0.3139165119547239 -0.15217871308235967 0.15198310787486913 0
0.3146616187307997 -0.15199943214061096 0.151784208837875 0
0.31459685286395744 -0.1520656622532469 0.15172210172989287 0
0.31445868086006973 -0.1521854717254656 0.15156385455144786 0
0.31449400210912337 -0.15210526975397667 0.15158128478671717 0
0.3145053133829212 -0.15207016322973665 0.15159645837424485 0
0.31468879329973914 -0.15179676735982436 0.15175685654169188 0
0.3138724610594897 -0.15222450346858954 0.14828406201348762 0
0.314896251359279 -0.15216730543077536 0.12682690734290286 0
0.3155100053527242 -0.15222015636594854 0.12350326031884522 0
0.31569117824830256 -0.15211627187740004 0.11982133185921413 0
0.3158473636071381 -0.15204264545652507 0.11095586487693922 0
0.31741933500852104 -0.15211692540081367 0.10991045277153282 0
0.31866176695337695 -0.1514666062830612 0.11028769570626745 0
0.3179575130225526 -0.15160495813934144 0.10892801368483117 0
0.3179753309169671 -0.15175778198478895 0.10952388809709399 0
0.3176109324506505 -0.15191087571743495 0.1092969710928278 0
0.3182524541574196 -0.15155443633102522 0.1100016793789466 0
0.3191423526437201 -0.1513537899349426 0.11070629582565869 0
0.3197787478814886 -0.15128016829303575 0.11189914562829824 0
0.32080491103453135 -0.15119691779901392 0.11270733648861153 0
0.3223146046478153 -0.1506390006134788 0.11384052014613548 0
0.3232274863026662 -0.14972435121770689 0.11479431700096686 0
0.3233559714097176 -0.14944058489324757 0.1149093138156172 0
0.3236461880944702 -0.14986037373579053 0.12590121187954179 0
0.32283141046018354 -0.1494075098292268 0.14486152951587558 0
0.3216697231641401 -0.1492793943298176 0.15894827689958757 0
0.32119693430095325 -0.14953073798596794 0.1588234932011818 0
0.32139942547965594 -0.1501814586202852 0.1412871424055856 0
0.3224753789414937 -0.15034030618111605 0.12197972936972394 0
0.3228788189420091 -0.14925940928136494 0.10121861080761299 0
0.3232616542826504 -0.14858196752002714 0.09463319280481883 0
0.3240873402605356 -0.14878551585311725 0.1022690128746052 0
0.32379958687879196 -0.14928246327863592 0.12129109374184982 0
0.32283637693013456 -0.14983434530916018 0.1401976144692736 0
0.3216676433103722 -0.14978851491762674 0.1543900915281113 0
0.32137660571380067 -0.1497822704440784 0.14153918987621897 0
0.3222626760702044 -0.15004901246713745 0.12171573115403599 0
0.32315399815068685 -0.14967015489372074 0.12065976319758134 0
0.32321732024442473 -0.14965139069461308 0.12069790643705823 0
0.3232166349896769 -0.14964321902721528 0.1207142077986827 0
0.32322062928626516 -0.1496327761021246 0.12072479584690439 0
0.323215127782527 -0.14963690965812118 0.12073110158976946 0
0.3232159471921877 -0.1496297434672322 0.12073576290826618 0
0.3232189672642185 -0.14962571423814391 0.12073798392665883 0
0.32321715819017394 -0.14962276478173758 0.12074093129124727 0
0.32321393000001103 -0.14962051795352405 0.1207440214407938 0
0.32321786598370583 -0.1496182533095684 0.12074433756098349 0
0.32321711035272244 -0.1496133491026661 0.12074304807224606 0
0.3232185189309232 -0.14961059701000318 0.12074443990960798 0
0.3232144518919849 -0.1496141863045497 0.1207420988592779 0
0.3232155000805405 -0.1496077682237028 0.1207449823033092 0
0.32321741279726807 -0.14960427190300493 0.12074429761677605 0
0.3232114316823412 -0.14959651862826082 0.1207402314257223 0
