0.4389704208015526 0.19325813586213286 0.43148575054282096 1
0.43879986103425195 0.19323688004377831 0.4253101046147741 1
0.43878960660999256 0.19325549462484476 0.4247655422344455 1
0.4387974649527869 0.19326658986730672 0.4246910883965619 1
0.43878178806997625 0.19328477261675062 0.42470616218593765 1
0.43877390210430334 0.19328826317979786 0.42472549667633996 1
0.43876257879862796 0.19330285782916246 0.42474718128297134 1
0.4388236960748646 0.19328905805359525 0.4254806610975712 1
0.438738429317272 0.19275844830370215 0.4405044145705746 1
0.43867086498264873 0.19326378238795822 0.4426177835120251 1
0.43836548471414805 0.19380465504708638 0.43936182839151666 1
0.4385371229710388 0.1941748780724915 0.4170616896625731 1
0.4385400725679243 0.1938997275922411 0.39342704065671597 1
0.43857850411609395 0.19360619445566213 0.3729923296589257 1
0.43861543108756607 0.19338993484309447 0.35071008654185654 1
0.4385629900338885 0.19340797730583298 0.33074893169197095 1
0.43850455877941724 0.1934944434579039 0.308180536997282 1
0.4385137318695459 0.1933963186235944 0.28547931826287637 1
0.4384362972392419 0.1934168631836627 0.2633909544824447 1
0.43829141641438835 0.19346802752937833 0.2403951646812275 1
0.43787349895337757 0.1936145597999567 0.22014712524141233 1
0.4377787763272389 0.19358451461177995 0.19995483790407004 1
0.4381764047576301 0.193551448285256 0.1780914235669189 1
0.43857339220668456 0.19327374845881806 0.15825760501081265 1
0.4381197356204255 0.1937909542906162 0.1360048175771246 1
0.4381130031146958 0.19356432571801663 0.11618007608333648 1
0.438900066725316 0.19306535913956996 0.11331440867655317 1
0.438768245156407 0.19310254309018676 0.1131320760553473 1
0.43825031597315905 0.1932522942060935 0.11286648654007865 1
0.4380726451638796 0.19331762585319745 0.1128626240090185 1
0.4379091999137035 0.19329791788359985 0.11279771298931264 1
0.4384498445652035 0.19316417818141524 0.11305032736721629 1
0.43804572623251925 0.19327900469581766 0.11286945874017842 1
0.4323300529282525 0.19287713823768382 0.1130726578760194 1
0.4155894156466057 0.17924061079283088 0.11346633768410916 1
0.4086770274784754 0.1726132518130969 0.11296032597466305 1
0.40854819215657534 0.17220536340587686 0.11306971075006526 1
0.4068043732638523 0.17253238335498788 0.11254824635398987 1
0.3921480743267104 0.17783872598549938 0.11335102422758021 1
0.3896254770050255 0.1785994073875583 0.11330713202952006 1
0.389355414343828 0.17907199688299813 0.11326871279822506 1
0.3893349082199299 0.17909385598285038 0.11325266217670917 1
0.38932662131503515 0.1791028346260372 0.11323722733825207 1
0.38932853701530856 0.17910455232727554 0.11322978890054951 1
0.3893308929582572 0.17910739648827378 0.11322410256955125 1
0.38933671978020223 0.17910628397533424 0.11322418316810309 1
0.3893454275955947 0.1791097662490303 0.11322409208165303 1
0.38935354036482517 0.17910715941978567 0.11322763695454116 1
0.3893526961586091 0.17910822185953096 0.1132232237985362 1
0.389356340013033 0.1791068489822174 0.11322520164744827 1
0.38935441419013594 0.1791121469397312 0.11322796668783697 1
0.38935607469797084 0.1791131295471034 0.1132259185154873 1
0.3892435875331463 0.179100615471811 0.11465705524350171 1
0.38959732556395754 0.1790993954177713 0.13224396725071355 1
0.38940326352721594 0.17919032347419242 0.1471718480778318 1
0.38914378247718284 0.17923724989169904 0.14778752196574924 1
0.3891300348276404 0.17924245247421056 0.14779492569565514 1
0.38879518062051593 0.17936567366156259 0.1422290493106813 1
0.3883638871966772 0.17975867404150495 0.12265617140978193 1
0.38900116756771136 0.17977275755400351 0.11285166207931882 1
0.38984866303899746 0.18062461561554136 0.11291074182180316 1
0.39025520635187716 0.19788655049085402 0.11297577707747698 1
0.38986780794710213 0.22094005365722008 0.11278645938907536 1
0.38908178218673917 0.24359568110634067 0.11278195201360036 1
0.38858228307513787 0.2663591285222846 0.11235979017941998 1
0.3880442389961461 0.2807731636195472 0.11218357165927567 1
0.38856823950000974 0.2815276705398445 0.1122985752449595 1
0.38859868126914654 0.2814985170825619 0.11232311781918941 1
0.38877350526034954 0.281449530654827 0.11243285963306737 1
0.38882559529531757 0.28136148410659356 0.11243382144745635 1
0.3890530359201282 0.2810328871379969 0.11243523222323765 1
0.38913609899996626 0.2809145815454517 0.11243971843993734 1
0.3891399162903935 0.2808990042470516 0.1124390903493479 1
0.38914729077125654 0.28088679069079603 0.1124377854734993 1
0.3891480786646904 0.28088146725746793 0.1124401683177609 1
0.3891536064519373 0.280873758064716 0.11244068290596541 1
0.3891544372735386 0.28087265740465345 0.11244016988112893 1
0.389158362092898 0.28086641732479267 0.11243906729881144 1
0.3891567578967325 0.2808682133363306 0.11244011667711676 1
0.3891608497097803 0.280864850383571 0.11244355084955335 1
0.3891574939232819 0.2808632301571061 0.11243936530416852 1
0.38915401880291023 0.28086517842126246 0.11244111924453089 1
0.389156357283152 0.28086357337728474 0.11243734041149343 1
0.38915903404291685 0.28086174995984736 0.11244239205404728 1
0.3891625543811458 0.2808559831185359 0.11243998151933639 1
0.3891638130196598 0.2808544539581449 0.11244044109351586 1
0.38916334204192804 0.2808573375543686 0.11243984192962522 1
0.3891619667446047 0.280849706455594 0.11243705560365433 1
0.38915846539282034 0.2808576462204278 0.1124411767747592 0
0.3891429744102321 0.28086507223257673 0.11244683837404766 0
0.3891366585245615 0.2808697893946541 0.11244678093406746 0
0.3891957006094652 0.28084107064533437 0.11249282393940377 0
0.3891930888319834 0.2808521843527727 0.11251655354063626 0
0.3891918169354064 0.28086003677103244 0.11252554940629304 0
0.38918612298244876 0.2808639811595248 0.11253095084992155 0
0.3891817079476781 0.28086767403976665 0.11253000976950392 0
0.38918431771668205 0.28086783431318146 0.1125295860727049 0
0.3891892716053043 0.2808632071579078 0.11252955378030306 0
0.38918450709822006 0.28086318973248803 0.11251611122319811 0
0.3891834203908107 0.280869008721643 0.11251684046407638 0
0.3891773039311638 0.28087582192016947 0.11253041052526626 0
0.38916881288732885 0.2809464545658627 0.11242710237316642 0
0.3899829607659333 0.2807312047189321 0.11296451667872189 0
0.3898681108858497 0.2805671745925847 0.11266012614215937 0
0.38954078881364995 0.2805169146171247 0.11256736521093202 0
0.38952097078709313 0.2805338357555279 0.11257193964631382 0
0.3895049194099046 0.28055200327080126 0.1125717512179083 0
0.3894812970491837 0.28058268660077823 0.11257215800175166 0
0.3895362303559109 0.2806599784179395 0.1125590823686048 0
0.389122866244934 0.2807600918236862 0.1123366839954393 0
0.3891125215868336 0.28075703946476244 0.11232016299742073 0
0.3891342530478857 0.2807556464398873 0.11237389453292057 0
0.3892181494095708 0.28075615404008153 0.11255400091260749 0
0.38922852474239233 0.28074913564889553 0.1125105887220238 0
0.38923241384285745 0.2807432005337702 0.11247880070915789 0
0.38844029963438087 0.2812113666477275 0.1121452571386569 0
0.3882918835227662 0.2812805165609115 0.11207824610382883 0
0.3883364343168967 0.2811758263442901 0.11208026202076152 0
0.3887915622247725 0.2809808954138815 0.1118970613535141 0
0.38887701120265333 0.28104171185269194 0.11234098562713746 0
0.38859643346686795 0.28091769382892906 0.11220017998730243 0
0.3762778915993319 0.28259976010752474 0.11274479484121204 0
0.36376189258415975 0.28790540705542683 0.11269573328577417 0
0.3623273609546963 0.2882587411560064 0.11214814260059536 0
0.36224696088843766 0.2882808676457864 0.11212154510358818 0
0.3619035589879931 0.2883246908520945 0.11696007263389338 0
0.3625193851125038 0.28838222564590976 0.13684965018328293 0
0.3622440085937151 0.2882912471628723 0.1567894534860301 0
0.361964488537926 0.28827246119442235 0.17891225345566888 0
0.3618011541130577 0.2884380333669694 0.18639210114564453 0
0.3622215006624394 0.2883309728525524 0.19693114370820328 0
0.36120562789531424 0.28816818025772617 0.21807067085566556 0
0.3616258450124762 0.28818657586882657 0.225666381968076 0
0.3618753793504177 0.2883432392163495 0.22632547509738185 0
0.361979625663476 0.28837058957163264 0.22645707726651484 0
0.36223902621525805 0.288436273833523 0.22675333504072254 0
0.36229301496144795 0.2884433616712909 0.2268080191233498 0
0.3623063098020409 0.288450514316663 0.2268283522802708 0
0.36230880246801944 0.2884467894150539 0.2268255689962338 0
0.3623498383551262 0.2882191817717165 0.23399237668645134 0
0.36249326275658195 0.2879375192199846 0.2364194146839812 0
0.36212176565455306 0.2888245317893305 0.22777578406625443 0
0.3623989280077197 0.2892148944144327 0.22772070583649046 0
0.36243188769606965 0.28884532952299746 0.2274665334500762 0
0.36239400593866483 0.28878533567222786 0.2273847207610139 0
0.36207256749107664 0.2886908324927606 0.22703557903612503 0
0.3621508452604474 0.2886295174590239 0.22705869692748837 0
0.3634504733630769 0.2846164195755481 0.22709555712187326 0
0.37077590492936285 0.26750354252999126 0.22647495163625478 0
0.37969797800065147 0.24508211646388436 0.22675630140072991 0
0.3869422910464383 0.22517721744858282 0.22688664458951463 0
0.39528724614976835 0.2025205356019771 0.2269737277260652 0
0.4023422830485332 0.18272542781480822 0.22696969269954242 0
0.41033777389990916 0.16050304191485962 0.22713622229581418 0
0.41767751553073873 0.14045463816068812 0.227038642726729 0
0.424818456651485 0.1205235687243543 0.22720536649431325 0
0.4326039503888309 0.09804455907852357 0.22670650167863143 0
0.4407659936852352 0.07573048709123228 0.22704396743381527 0
0.44807466625732917 0.0535191841656046 0.2270582541810928 0
0.45528196924023445 0.031079471707929948 0.22707913254308867 0
0.46214503511031907 0.008470153071270109 0.22668440699111977 0
0.4687777133006875 -0.011446206895967925 0.22701115421834356 0
0.4757228522613717 -0.03393348431838446 0.22670616896157234 0
0.48275544208232946 -0.05658527547369485 0.22654948086975563 0
0.48970144610629696 -0.07881491375062112 0.2261916053856697 0
0.4964047742026124 -0.09992547795639159 0.22598223426035013 0
0.5000795864328125 -0.11286585608093136 0.22548659329769216 0
0.49939898703008495 -0.11872508588042152 0.22669781408772538 0
0.4988840973799969 -0.12077053908988179 0.2270866200857085 0
0.49896212535289697 -0.12132846854651351 0.2266162001178953 0
0.49952343657734977 -0.12177716869636972 0.2264952511712258 0
0.49888089165404165 -0.12081961698032949 0.23764050143434137 0
0.497707863376352 -0.12006195264478887 0.25777714215900416 0
0.4970879175757191 -0.11989316328620664 0.259116610138185 0
0.49691519161908637 -0.1204173023943892 0.2591373255895807 0
0.49342944451130666 -0.12627229581699023 0.2576342498022099 0
0.4886030714831409 -0.13314718203772696 0.25702143903721275 0
0.481737040237927 -0.14116387856841078 0.2571919440121331 0
0.4732605841481233 -0.15040611203030602 0.2570381862273855 0
0.4649449333413619 -0.15777691220462528 0.25777117543484857 0
0.4556053323774898 -0.16566231117381897 0.25873118161531633 0
0.4463094828667188 -0.17339612979156144 0.2591637422318787 0
0.43659670337882434 -0.17981616954690585 0.2597495958794708 0
0.4288553119934514 -0.18262746524468537 0.2608560183222271 0
0.433337186772783 -0.18328199390854857 0.2583836092848167 0
0.4408146106118068 -0.1794439579498459 0.257992569808607 0
0.44874092659673737 -0.17378578405745035 0.2577164293114881 0
0.45481098923432933 -0.16886700018897075 0.25704366030980574 0
0.45597685896959705 -0.16814920128857833 0.25720395162488635 0
0.45594377677856085 -0.16812279852172346 0.25719288072323176 0
0.4560296744373368 -0.1683911884618362 0.25128789046347105 0
0.45664486123818104 -0.17029396596606092 0.22930803303163713 0
0.4576102610600101 -0.17086587159765348 0.21085271509615988 0
0.45750962962451197 -0.17063513401633906 0.1899986792199395 0
0.4570451421753038 -0.17050065891321314 0.17138661844684047 0
0.45602870568918796 -0.1692037287035 0.15047371953069089 0
0.4554283574861541 -0.16873490614488001 0.14130514116312637 0
0.45555325431425936 -0.1687815910554995 0.14133989310976683 0
0.4549733680420573 -0.16871508126979948 0.140803246763308 0
0.4524804113959092 -0.16991822957327218 0.1402419434556449 0
0.4503652428281457 -0.17083761772464415 0.13933442706164043 0
0.44985014336951207 -0.17145405948585085 0.13908892592664152 0
0.44980501838877723 -0.17152801781929594 0.13907709893415388 0
0.45015779972926384 -0.17189643780815111 0.14250237475134916 0
0.45114444538485976 -0.17261198802516636 0.16343024600797088 0
0.4520767514846835 -0.17304694692441858 0.1796230133392422 0
0.4514063269010183 -0.1737489227524231 0.18009716673702938 0
0.4514312441824088 -0.1737437964166863 0.18010235012901268 0
0.45148139587278613 -0.1737450368770711 0.18009508568818522 0
0.45152589763229883 -0.17372975865029688 0.18009582703116114 0
0.45155431040288796 -0.17370999664063452 0.18008911240265274 0
0.45346179114081325 -0.1724516897673552 0.18020735570561885 0
0.45883144251840546 -0.16788889488622594 0.18012539802984254 0
0.4603300455246318 -0.16676017107237462 0.18012291115478601 0
0.4604320274875402 -0.16651893436641066 0.1801807744997778 0
0.45934091467372723 -0.16622861412819645 0.16704471977181728 0
0.45841740790308505 -0.16557602366513896 0.14617124547764887 0
0.45852904885906015 -0.16546254472598035 0.14436956571920462 0
0.4585224284117154 -0.16543737837285555 0.144273926756001 0
0.45647414791185426 -0.16614108692943852 0.14364949677782304 0
0.4531488146274592 -0.16881997653070477 0.1435214269959288 0
0.45269621418143313 -0.169522049980752 0.14338022461575553 0
0.4508920282581272 -0.1706303250099035 0.14324012338010894 0
0.44552426663066735 -0.1747074858590772 0.14260644561756716 0
0.4378435864044523 -0.1802508963050784 0.14216161056948917 0
0.4296934505283618 -0.18521297399646164 0.14124501902689512 0
0.42500021148907385 -0.1862687613554599 0.14126815809097035 0
0.42306845949385047 -0.1791055249015363 0.14338061643959313 0
0.4226870279815147 -0.17496619264099988 0.1412752027580423 0
0.4224340280563364 -0.17463533299578515 0.1408860109999047 0
0.4224807633488326 -0.17470201809284686 0.14080249136685088 0
0.42255642185288056 -0.17482619018844717 0.1409315058536104 0
0.4226637549169457 -0.17492690462184873 0.1410724707430204 0
0.42266381093134303 -0.17493443457866412 0.1410865041605475 0
0.4226658198657422 -0.17492855677863428 0.14108407196339962 0
0.42266245987970585 -0.17492779848230455 0.14106263383025952 0
0.42265326719865204 -0.17491907713130606 0.14101491264210878 0
0.42265327888195386 -0.17492697394331674 0.14102011379581497 0
0.4226541565745686 -0.17492918793125414 0.14102835416794243 0
0.4226568292498634 -0.17493323285393406 0.1410320062333607 0
0.4226563081421848 -0.1749343424586154 0.1410317840543784 0
0.42265804335944396 -0.17493863525258502 0.14103787540859203 0
0.42266139097206784 -0.17494055631772257 0.14104263724291385 0
0.42266251413602823 -0.17494387847693094 0.1410476864686117 0
0.42266461782642484 -0.17493767037253072 0.1410656176353328 0
0.4230879225381445 -0.1749629536202385 0.15893694524012772 0
0.4228061246795531 -0.17478364019837866 0.16624228859665668 0
0.42258935527481295 -0.1747341283914307 0.16619311843208015 0
0.42258228489959077 -0.17473948141610374 0.16615800162046887 0
0.42258926688246606 -0.17476553691983077 0.16615757146397087 0
0.4186400930755397 -0.17210847497796372 0.16551840053319894 0
0.4016948269563803 -0.16457339008712937 0.16662370622111305 0
0.39193838476329806 -0.1602132035406571 0.1657492652067139 0
0.3913730867248494 -0.1598347986680661 0.16602879252308328 0
0.39721978516225714 -0.1633586885313891 0.16631383344241485 0
0.4170495407265318 -0.17107062991859162 0.1649535140803852 0
0.42140956602171564 -0.17228552098697214 0.1661941650858112 0
0.42166290298414627 -0.17243752990877725 0.16632010573579062 0
0.4198661724013676 -0.17108517508075033 0.16636598183608647 0
0.4107819599797978 -0.16568878946552762 0.1665595938616603 0
0.4088584970045564 -0.16464741168340186 0.16597527556574165 0
0.397856766564562 -0.1633919260016674 0.1669442935315633 0
0.39476080705680516 -0.16278772082757173 0.16628152767268958 0
0.39466065656127897 -0.16266371408281077 0.1663266826166797 0
0.3946800915881456 -0.16266101008813416 0.16632497474677874 0
0.3947028091080316 -0.16266931051351446 0.16633733134099604 0
0.39472805495075697 -0.16267906977527605 0.16643012088554937 0
0.3954882112917205 -0.1631215140625108 0.18321230868696123 0
0.39565189924028915 -0.16270588125382923 0.20069966877731188 0
0.3951205472753069 -0.16267701542692276 0.20190877947397362 0
0.39488802411729756 -0.16322830032402946 0.2018597101264502 0
0.39483692164449574 -0.16316227552825713 0.201506897208398 0
0.39438117789635413 -0.16316575566786629 0.18250328740130736 0
0.3946455115665676 -0.16298308680505252 0.17404064882935175 0
0.39482332076881366 -0.16296848031658995 0.1738844970589617 0
0.3875773524852782 -0.1590107478748782 0.17422220822165782 0
0.36749402496855343 -0.14940905739062596 0.1751104505352584 0
0.35689571994453007 -0.1439014836050791 0.17439381970183984 0
0.35644562328946844 -0.14354473066153517 0.1738478060566292 0
0.3564517264757203 -0.14355786642278817 0.17387932639423892 0
0.35842186475039434 -0.14479350283621117 0.1744349673153389 0
0.37592069414509366 -0.14717556826032369 0.17396521886157185 0
0.39656474795028246 -0.15067088408466256 0.17356047183438536 0
0.41708617140996224 -0.15407271466346134 0.17335473245487712 0
0.41998789422259175 -0.15519758961681954 0.17443881869400052 0
0.42069185063018877 -0.15466946153128272 0.17420185206796665 0
0.42023594664137215 -0.1547100634578729 0.1740994442074701 0
0.42031036796491344 -0.1552469102009628 0.17455791400381537 0
0.42021548392708763 -0.15507142044822486 0.17444515802602095 0
0.4198306818459684 -0.1550842870770543 0.1733900011769898 0
0.4197193429709405 -0.15501079168931853 0.17360107023122348 0
0.4197054268193547 -0.15499704057621683 0.1736347857024954 0
0.4196757878592456 -0.15511178013740642 0.1835032449842644 0
0.4197150935682047 -0.15520659351099153 0.20040986922260676 0
0.41983077560884974 -0.15529410835960572 0.20148127482576095 0
0.41961068183780975 -0.15539057203447032 0.20114325537298128 0
0.4196804248114565 -0.15543094738301133 0.2012392676385044 0
0.41971052508990714 -0.15542941526930817 0.20126443560493598 0
0.4197316221106543 -0.155424880987312 0.20128775532874257 0
0.41974784704953605 -0.15541641122520636 0.20130361027556903 0
0.4197692197790522 -0.15541189951130807 0.20132525793792977 0
0.4197823600904189 -0.15541320249488877 0.20134076988017685 0
0.419804931542253 -0.1551870461642902 0.20857209377240007 0
0.4201279089537245 -0.15506495761388345 0.2212451225497735 0
0.420120260111915 -0.15509653467248036 0.22160300267229271 0
0.4201014498567001 -0.1551275551452052 0.22158621540940604 0
0.4126912872042275 -0.1491147548138015 0.22302282468773377 0
0.4048783858915469 -0.14460617370727968 0.22175854485371962 0
0.4043514089951299 -0.1440058313791578 0.22133765124109572 0
0.40436197765804915 -0.14402941767527538 0.22134302840777806 0
0.4043731696750501 -0.1440441993957488 0.22135773511159973 0
0.4045305528350171 -0.1444810874279153 0.22173605106418448 0
0.4046555275065261 -0.15872397506577146 0.22121015931556937 0
0.40436376027802734 -0.16548650520820046 0.22137701001747678 0
0.4049595462939336 -0.16564281162725708 0.22219909960451822 0
0.40489209683442967 -0.1656013764267601 0.22198692322287403 0
0.40453758785173577 -0.1545765572393681 0.22288700328158245 0
0.4042792454717224 -0.1505712132372219 0.22129591159707293 0
0.4041712565955591 -0.15033801648579456 0.22121328756589237 0
0.4041663013604193 -0.15033464921181738 0.2212463890885856 0
0.4041361968421322 -0.14992643983866602 0.2305580366688012 0
0.40420960875742734 -0.14976988908467187 0.25222026595982766 0
0.40434869585456895 -0.14994102902425643 0.25627755364436033 0
0.40429994646989215 -0.1503206014541426 0.25636019338777805 0
0.40428602454460477 -0.150367181911155 0.25632432027911595 0
0.4042468724127936 -0.15094746548580662 0.2427158282126349 0
0.40389647522031935 -0.1512820856699736 0.22235177833640257 0
0.40425099483919363 -0.1510752293346745 0.21182067291948095 0
0.40417751998484325 -0.15093095385856986 0.21137137007487333 0
0.40412478661456297 -0.15076523283304621 0.21129254822700644 0
0.40421051328748875 -0.15050398337864598 0.21129305565282097 0
0.4042043793005057 -0.15049719039443782 0.21129740056903182 0
0.4041993748341994 -0.15049370036908427 0.2112977219439785 0
0.40419673906660947 -0.15050117366116797 0.21130437269960697 0
0.4041929707624705 -0.15049516354913972 0.2113069292560014 0
0.404194408205226 -0.15049637320946974 0.2113087666210241 0
0.4041945299665781 -0.15049845914627294 0.21130498452401117 0
0.40419934057495505 -0.15050111956116247 0.21131141113266047 0
0.404198898548051 -0.15050225951043986 0.21131709533246204 0
0.40419603300624596 -0.15050284693683014 0.21131361203249038 0
0.40419559100526037 -0.15050310472346515 0.21131388935494036 0
0.39937050636554816 -0.1492642755585033 0.21049279230369083 0
0.391879521188447 -0.14952048130794837 0.2117020234464617 0
0.39182146522402006 -0.14928810974246687 0.2112113128087987 0
0.3918694516226558 -0.1492265741495264 0.21119922857100812 0
0.3918862351100585 -0.14921665743826085 0.2109436866317641 0
0.3919041024882864 -0.14923149595448418 0.21098001352383014 0
0.39193844782779974 -0.14926841277184305 0.21102492267154488 0
0.39199293384128553 -0.1493282171798632 0.21109322258281868 0
0.39201306323010915 -0.14934386719316356 0.21111673375002957 0
0.3920167223655802 -0.14934725662219048 0.21112393892066872 0
0.3920251064397344 -0.14934138305469477 0.2111292197231047 0
0.3920261231446185 -0.149335843446523 0.21113219443905987 0
0.3920226358747695 -0.14934295952738602 0.2111333325876133 0
0.3920205899756216 -0.14934276434243232 0.21113347782282277 0
0.3920245876328023 -0.1493334616473283 0.2111339180944757 0
0.3920234123065465 -0.14933288418598517 0.21113191603334086 0
0.392022497929114 -0.14933884677529077 0.21113112976977594 0
0.39202341792831147 -0.14933899997844077 0.21113477698231362 0
0.3920258264941744 -0.14933971009869007 0.21113723131102383 0
0.3920265007927556 -0.1493300161767218 0.21113573462057134 0
0.39202421920050934 -0.14933628040919864 0.21113689810786887 0
0.3920221821921875 -0.14934226708299553 0.2111353042766978 0
0.39202742887238695 -0.149335093510966 0.21113336388832993 0
0.3964593861331568 -0.15327483338914932 0.21215766449320805 0
0.4021604336107715 -0.15833146784349117 0.21165274276524457 0
0.4027488924506281 -0.15877861006342475 0.21142963910596413 0
0.40279343704840775 -0.15877876539866637 0.21145510411033494 0
0.4027866320236189 -0.1587569350203763 0.21143549592030444 0
0.40278294001381393 -0.15871255194840256 0.2114082709311407 0
0.40277239485905453 -0.15864830282189152 0.21137564463048156 0
0.40276769142935814 -0.15858663100931286 0.21134671918891854 0
0.40277235478860385 -0.15850743444003276 0.21132280727411082 0
0.40287371357131685 -0.15821382520445643 0.21131511519283422 0
0.4028648094676781 -0.15821855922888262 0.2113009545931832 0
0.4028592420474567 -0.15822549109889777 0.21130099075393685 0
0.4028541234275353 -0.1582360506169661 0.21129906120790048 0
0.4028448545327282 -0.15824479101217995 0.2112947550745294 0
0.4028382684239817 -0.1582626184743271 0.21129065539746836 0
0.4028295904854683 -0.1582699319978991 0.21128660862201823 0
0.4028286317382076 -0.15828208501889957 0.21128760246875836 0
0.4028169083300849 -0.15829395931176635 0.21128324177421878 0
0.40546067820545867 -0.159653070161154 0.21034959032970907 0
0.42368673586440797 -0.15307572022992 0.214966439327418 0
0.4442546161312969 -0.12730864551048016 0.22536227607711978 0
0.46339404967217696 -0.0905012835334622 0.24307054380692594 0
0.4756596534904103 -0.05203358981344468 0.2680981260551747 0
0.48127487260685475 -0.016092124337039534 0.2980075839339721 0
0.48124896039562326 0.020452649754814353 0.33153915757305596 0
0.4745350962035479 0.0614768358070627 0.3683469710865517 0
0.46284654497424776 0.1005268900249641 0.39852301159494624 0
0.4495539863802635 0.13656266953769444 0.4181443044476869 0
0.4379448592105187 0.16952235600725923 0.4325941648286177 0
0.4325817767167006 0.19221766651700922 0.442827330816627 0
0.43853973713163613 0.1946020580977052 0.4473035388127278 0
0.43841955226454465 0.19445668765431165 0.4471845886905482 0
0.4382890730489282 0.19439650271907033 0.447356303573758 0
0.4383670398536532 0.19407366886584515 0.4469843948383168 0
0.43856557751199 0.19376026701700158 0.44726770283648776 0
0.43861182615334293 0.1938142879822029 0.4477584232033645 1
0.43867639401417263 0.19364094411262725 0.4477275692856391 1
0.4387982343097949 0.19318234832853698 0.4471838915483956 1
0.4387969442696885 0.19319944196926236 0.4472192459165303 1
0.4388063166838188 0.19321933318063822 0.44730224988578055 1
0.43880442959696975 0.1932257443565405 0.4473188284024615 1
0.438801742186321 0.1932364224387383 0.447316657125628 1
0.4387951846846444 0.19324823425415363 0.4473289655903273 1
0.43879289484114525 0.1932534787728329 0.4473298879645785 1
0.43878665729364963 0.19326633312081198 0.4473275237353254 1
0.4387831128567595 0.19328044690926888 0.4473317911419548 1
0.43878089928516983 0.1932846202369081 0.4473297895070091 1
0.4387765293087939 0.19329452255396012 0.4473314486837775 1
0.43877482584877703 0.193300194837276 0.44733152194429865 1
0.43877576293997034 0.1933028971976513 0.4473376528163511 1
0.4387713507780012 0.19331041390029194 0.44733905390905077 1
0.4387694553400241 0.19331622284126637 0.4473450027551635 1
0.43876469540006624 0.1933233710801996 0.44734266815329243 1
0.4387646173542459 0.19332465071292287 0.44734419302054435 1
