0.4386520455848819 0.19333566566754015 0.44744390394403916 1
0.4386514011822906 0.19335434112888214 0.4474980459066678 1
0.43866400026468366 0.19351668117693893 0.44807261630803463 1
0.4386614309347343 0.19350190113195906 0.44800611899685994 1
0.43866132334083935 0.19347085296169278 0.44791612034681194 1
0.438632523198039 0.19351025217259465 0.4479148115783618 1
0.43865915776903125 0.19396344980624003 0.448373066246676 1
0.43844926156061415 0.1938655573340896 0.448004056977914 1
0.4387651886774313 0.19363158251675816 0.4477980282903745 1
0.43879755467910786 0.19339153941995202 0.44801225533465355 1
0.43881485492910693 0.1933615160671749 0.4479824489179574 1
0.43893654692755196 0.19326706218853348 0.44771475764285396 1
0.4386804377535708 0.19343901488070583 0.4477128336115108 1
0.4387759369710267 0.19354828565966234 0.4475314970787467 1
0.43875100188418864 0.19367497236894599 0.44757017512588926 1
0.4509504056488293 0.1973279293960565 0.4466324284512608 1
0.4703751787149212 0.20629091854936285 0.4462533239382205 1
0.48033710144137565 0.21125580699504565 0.44774821641970297 1
0.48065442837918637 0.2115410118328894 0.44789033760792496 1
0.4795015955196644 0.2117553953486846 0.446855270629982 1
0.45941397674688045 0.20970130866039893 0.44892134960557334 1
0.44209160796343805 0.20470723539843544 0.44841280996822763 1
0.44091289528063204 0.20376498387201453 0.44706721246692777 1
0.44137913275302476 0.2033255127995972 0.44800420345180086 1
0.44180272591111047 0.2028587260857454 0.44776762758596433 1
0.44180383498201486 0.20300498962301491 0.4478603822678283 1
0.4417109021923189 0.20316851096908378 0.44798009034865643 1
0.4417268387234059 0.203303973222222 0.44780521838894927 1
0.44162522745528704 0.20342195645232197 0.4478551738335385 1
0.4417192604494246 0.20386715873417954 0.4467912364624705 1
0.4411014650529419 0.2037489148414039 0.4471322202319688 1
0.44169550325579476 0.20380345222697585 0.42916605171209493 1
0.4417318312592203 0.20358092580678147 0.4066553149582976 1
0.44175399543380234 0.20343996830943634 0.38389663454006445 1
0.441347469187303 0.20353527040089553 0.36042032671285157 1
0.44146565227038204 0.20339009362986882 0.33830444307927215 1
0.44121085359335194 0.2034515798081572 0.3307383339512627 1
0.44130897522037205 0.2034724237781884 0.3305389013226711 1
0.4413219976932248 0.20350411774682808 0.3305182599254163 1
0.44133849901277666 0.2035125721995743 0.330513163199302 1
0.44181902462432054 0.20356919827152498 0.33094868773813557 1
0.4570854063686375 0.20412553279502393 0.3299945961235272 1
0.4739284604490356 0.20436342469798158 0.32968899423376585 1
0.46503803412374445 0.2038234828531766 0.33172554829187095 1
0.4426702939667594 0.2042617561472816 0.33210889960941653 1
0.4369071273680941 0.2045077954313369 0.33097887052760483 1
0.43644363625623406 0.20443582269551244 0.3299029309297149 1
0.43698168339253984 0.20431815043548351 0.33043916976428667 1
0.43657260867688535 0.20446780378876198 0.3306075723730709 1
0.43650255202492266 0.2057810899906187 0.33135417628747266 1
0.43669532830989294 0.20538993308211514 0.3307920008947196 1
0.436559615992027 0.2049359824579338 0.3305537636197883 1
0.43646331649492515 0.20511586294218997 0.3307337229804973 1
0.4366091943108456 0.20480084521537484 0.33004324410665614 1
0.4367287743972526 0.20473448831903107 0.33018350887623443 1
0.43698053843140244 0.20467140839779668 0.33047203111347095 1
0.43729109153498696 0.2040367293186237 0.33023593884423635 1
0.4376508052149533 0.20365236111519572 0.3308199798080369 1
0.4377605105652037 0.20376116636017333 0.3306838164850613 1
0.4371366297072414 0.20433814421233715 0.3307388405413432 1
0.4370358384602937 0.2045422774896839 0.33051020418525334 1
0.43662227515481833 0.2043195256010015 0.33082238369031064 1
0.4367501041045158 0.2043095747359484 0.3300555016579103 1
0.4366725741168356 0.20465748011141982 0.3299265889964104 1
0.4369797999936474 0.204538426066799 0.33100853488073545 1
0.43652604895171504 0.20577830032533373 0.3297672687458648 1
0.436294684814841 0.205277887446864 0.3303887331895581 1
0.4363713064708427 0.20520115635159114 0.330394400437365 1
0.446627362221125 0.20510235081041167 0.33016998945727993 1
0.4693928779284766 0.20466562261864052 0.32948488572286305 1
0.4862963307578486 0.20462512302336394 0.3298674697710836 1
0.4884870502319619 0.20659364953065879 0.3309673702106608 1
0.4875514993579972 0.226428338407241 0.33071320423634704 1
0.4874317988894841 0.247763777127871 0.33046624360275134 1
0.48797163625292356 0.25092894347586286 0.33071598597984 1
0.4936753789446456 0.2353958168250685 0.3299801552319734 1
0.499732176007299 0.21230828725618314 0.3303542927453534 1
0.5038195186149269 0.19813500963599912 0.33021474808785284 1
0.5040086308695563 0.19811551577637843 0.32040257222902907 1
0.5040918442953354 0.19825972261027663 0.30055483136850664 1
0.5039257175735746 0.19838738183502097 0.278374295477632 1
0.5040068241922646 0.198231951775657 0.2583472638403518 1
0.5037595805665621 0.1987077308302229 0.24825728413396597 1
0.5035278222782927 0.1987785169679696 0.24961329066485294 1
0.5036415152714306 0.19881369680018918 0.2724893014603041 1
0.5034659706244431 0.1989944159190908 0.28276972144471024 1
0.5037690084638037 0.19901140479616303 0.28266930972801807 1
0.5029016986782137 0.19991171103256333 0.28297848698313566 1
0.5030984010807811 0.19940885095692384 0.28267961051538926 1
0.5032275506863262 0.19903083877217798 0.28302713976882765 1
0.503435916367332 0.1993245997266483 0.2828995803933078 1
0.5037141412276328 0.19885171157072584 0.28360778332052716 1
0.5033538522562911 0.19902413711116965 0.2831238985166042 1
0.5034080224778335 0.19895301220712816 0.28289577299194546 1
0.5037201507704718 0.1987342773426639 0.2823892984238372 1
0.5035494061267971 0.19902826263774853 0.2829393991389891 1
0.5031833695865179 0.19902810435823598 0.28270550460834987 1
0.5036919120887814 0.19877704122571255 0.28263291710438787 1
0.503534552309884 0.19887285854298004 0.2828993037657087 1
0.5034665335817543 0.19899743089779848 0.2827307724681439 1
0.5034639801197374 0.19901501098025517 0.28354099867825605 1
0.5037057126111842 0.19872616730421708 0.2826896916245742 1
0.5037508574703038 0.19848412628769188 0.28266004279568074 1
0.5037659390829664 0.1980793305106781 0.28260840865509707 1
0.4928960673227671 0.19701166914029636 0.28516155159090373 1
0.47336761554614293 0.18987916729400328 0.2851112831279745 1
0.4510332082795145 0.18132567579147016 0.28400258929678496 1
0.43492315096191153 0.17497078820430073 0.28385794921448143 1
0.43395690779559026 0.17434436721038743 0.2829362319748998 1
0.4511987137799548 0.17607284923944636 0.2819553380942297 1
0.4719137216491424 0.18147912580667047 0.28150011982259343 1
0.4698696614540678 0.1828059111734831 0.28271546733308933 1
0.4473031076876464 0.18349152563549329 0.28474189067517575 1
0.4267902447066119 0.18370369650828622 0.28451314148898643 1
0.4099593102741398 0.18332214253998533 0.2839388125665071 1
0.4080494739500802 0.1829347851395323 0.28292362060895204 1
0.4080137185452691 0.1829044557847399 0.282856805987235 1
0.4080218414625707 0.18290274979135057 0.28288721474654915 1
0.40813324466286066 0.18289203994225228 0.28304310395352617 1
0.4080832373453038 0.1827499269286286 0.2812314819731748 1
0.4087180201320903 0.18237620151312448 0.2594731802729987 1
0.4083311414806193 0.1822780320977674 0.2392008750238605 1
0.40833095964527316 0.18263670584790578 0.21640042742475799 1
0.40807997270235896 0.1825209654208073 0.19667867984842996 1
0.4084638392172555 0.18254725701720648 0.1743287411120505 1
0.4083167933737432 0.18303823340756864 0.16603750197881767 1
0.4084064449753495 0.1830133019043267 0.16571143480151085 1
0.40850674531451603 0.18294957148406726 0.16338103153951497 1
0.407936151958834 0.18275091993798367 0.1444393973446603 1
0.40795962205476877 0.18262259771912281 0.13341870363466893 1
0.4085608822190129 0.1825939700264682 0.13036806441963744 1
0.4078990800543934 0.18259513948056819 0.11586220025297078 1
0.4081703996962869 0.18258830120641678 0.11498873556125774 1
0.40807324983321697 0.1825986569354871 0.11508491806322335 1
0.40568663182482523 0.18291782796871225 0.11441771465743575 1
0.3910788401198054 0.18339491352304577 0.11510844367006637 1
0.3752662274727303 0.18358402789415884 0.11529013778231514 1
0.3739806681390319 0.18360263581920883 0.11503639015718488 1
0.3874189734533302 0.18309435868949175 0.11483225139603467 1
0.4050718977973099 0.18249299165881377 0.11458269713964403 1
0.4072072049962775 0.18245919264752647 0.115242107884835 1
0.40725012939127986 0.183369185771678 0.11519096048626319 1
0.4071537271572407 0.18305552154415938 0.11520668530772693 1
0.40701578675484396 0.18304132288327696 0.11498865217864938 1
0.406820271990877 0.18303090105705286 0.1149824116653917 1
0.4064830594166082 0.18292466632653867 0.1146994399916353 1
0.4069199127874023 0.18299729753149097 0.11489052426355548 1
0.40732172735271244 0.18303270225321433 0.11515302450211704 1
0.40729010586436876 0.18364805597016992 0.11480550631604793 1
0.40721051253900886 0.20361633787244526 0.11475854994679978 1
0.40733351850963734 0.22376208569634048 0.11510028104812058 1
0.40677721314773874 0.23733402202702247 0.11482128240755939 1
0.40658482557201153 0.23898155523921366 0.11516953896105458 1
0.406508733895798 0.2525422450262197 0.11526197038047167 1
0.4068902184841734 0.2563972839642966 0.11479468825913489 1
0.4068669328186172 0.2564764625486041 0.1148617983050452 1
0.4069550426779846 0.2563450884983035 0.11493448939613103 1
0.4070421026679081 0.25613953016414837 0.11503444247782428 1
0.40694182786254396 0.25617547189985496 0.11524913708608077 1
0.4068838703465873 0.25620099593115586 0.11516712653369293 1
0.4072617665288772 0.26664834314173447 0.11553735233010197 1
0.4067728651195643 0.2822087059933144 0.11524209359235849 1
0.40714037008843007 0.28314587675553815 0.11483892840125441 1
0.4071096412022363 0.28312334582871157 0.11485830233728296 1
0.40706459805332257 0.28311690722709487 0.1148857299378257 1
0.40691167799084355 0.28347539410012923 0.11491677980831662 1
0.4065514413054745 0.29055752595163503 0.11515385766138789 1
0.40686618538130986 0.29257990440963855 0.11519121660114352 1
0.40709998073537795 0.2926315862566684 0.11530140101432068 1
0.4071001022474399 0.2926329798968357 0.11522521301908917 1
0.4070463985705402 0.2926335629876356 0.11517427539812998 1
0.40653206631526084 0.2926353789697682 0.11479567058046214 1
0.406629891302602 0.29262846801192344 0.11487023274033033 1
0.4071611679467643 0.29261889148561027 0.11525329038577177 1
0.40710343278436045 0.2926225101562123 0.11521579043104092 1
0.40707162041274847 0.2926129057021899 0.11518540095937065 1
0.40694870054825566 0.29261226043501853 0.11509371236683216 1
0.4065667517765901 0.29261604783841166 0.11481436797921796 1
0.4069094677624441 0.29260453178146706 0.1150606194678905 1
0.40712600226096207 0.29260105354801114 0.11522288892867413 1
0.40708935095506 0.29260069014963047 0.11519554839498017 1
0.4070298822053516 0.2926021624913079 0.11514879789099708 1
0.4065481329841669 0.29260485250459345 0.11479930937268741 1
0.406606266585492 0.2926007664705953 0.11483935923116004 0
0.4071571702264719 0.2925937177880217 0.11524378022301926 0
0.40710170039652116 0.29259802054916834 0.11520571111380166 0
0.4071001601727738 0.29259395739934424 0.11513534513377592 0
0.4070569623041247 0.2926015083459441 0.11517492699085063 0
0.406992029021412 0.2925943544714046 0.1153527621382402 0
0.4070328132084823 0.2925880621193049 0.11543476703218879 0
0.4070364085502614 0.29258409877079394 0.11541015568124616 0
0.4070384877829057 0.2925818741452065 0.11539877304846066 0
0.40704513751236376 0.2925844302139058 0.11538868526798712 0
0.40704806025957363 0.29258546378829453 0.11537327916755948 0
0.4070469902809967 0.29258696677891394 0.11536878700356824 0
0.40704414686701956 0.2925891617369262 0.11536410923151795 0
0.4070439825734646 0.2925890248610121 0.11536257979286293 0
0.40704410015597464 0.2925893971128293 0.11535874038933588 0
0.4070437823078486 0.2925861143929642 0.11535416869552648 0
0.40704856015580293 0.2925858650645849 0.11535397995803785 0
0.40704131882515965 0.29259125672124475 0.11535843599188726 0
0.40704169864188694 0.2925896175765702 0.11535090089331872 0
0.406383651702097 0.2889502028104357 0.11516264477658393 0
0.4088733490450231 0.267611130955527 0.11525439790297688 0
0.41225555356179866 0.24492106493580112 0.1156109432631745 0
0.4160919129235123 0.2217546118981678 0.11557655640763113 0
0.4180989518693384 0.21149601629890935 0.11558453678978048 0
0.4180416365101536 0.21126215211339128 0.1153710717280053 0
0.4179074696927329 0.21130161862315247 0.11527568807742852 0
0.4181932034227078 0.21160070283205173 0.11560509905570712 0
0.41807991205921247 0.21178035766654613 0.11558656827352601 0
0.4180354302307512 0.2118335168555096 0.11557622394436617 0
0.41800762359972243 0.2118634781140728 0.11556265410868236 0
0.4179899944780582 0.2118811310070408 0.1155541148924206 0
0.417958820455003 0.2119131285991394 0.11554113300749358 0
0.41791315973120835 0.21195017224869897 0.11552086851168238 0
0.4179089912202435 0.21196377439699468 0.11552001361354808 0
0.41790734285052 0.2119645167472759 0.11552176815946003 0
0.417907857319556 0.21196542701933124 0.11552390796061648 0
0.41790547486540924 0.2119727852260626 0.11551992147214496 0
0.4179007956195744 0.211972724085981 0.1155196809394673 0
0.41789873768364316 0.21197489461612412 0.11552039145404791 0
0.4178993425736971 0.21197805198326772 0.11552134588492725 0
0.41789574693741766 0.21198097924224568 0.11551949937745246 0
0.4178962443491535 0.21198417539219355 0.11552024521205893 0
0.41789458505171906 0.21198114116808375 0.1155180601857326 0
0.41789406700637965 0.21198723923470897 0.11551747361257539 0
0.4178933872983224 0.21198539101481992 0.11551819083775786 0
0.417892681517037 0.21198336477511676 0.11551454604843489 0
0.41789296086485334 0.21198443988409885 0.11551517985485216 0
0.41789117505695533 0.21198120366213824 0.11551592539439758 0
0.41788769627521977 0.2119896787604188 0.11551284383777854 0
0.4174107077813145 0.21156815526434533 0.1151524106694992 0
0.4210102643096211 0.19858369029997947 0.1147960484140948 0
0.43028004786598273 0.1764385768261813 0.1140980563089087 0
0.4398204848368024 0.15422313712733154 0.11459293657556142 0
0.4490927761722634 0.1323216496931586 0.11435550824335615 0
0.4528695949078953 0.12384818253045414 0.1150970237807808 0
0.45300777613596094 0.12385053067669073 0.1150089076743297 0
0.45288963908908747 0.12431160424541028 0.11500114123136077 0
0.45284963917930465 0.12442927999847375 0.11498026371567009 0
0.45281495900104507 0.12450069559577165 0.11495791239390088 0
0.45267743580460074 0.12457271641456116 0.11482439176351131 0
0.45247429373577197 0.12474773820695703 0.11418004498120132 0
0.45280518683299886 0.12490480000089892 0.11486515732516628 0
0.4526055980295096 0.12479016895601978 0.11492948394500183 0
0.45248449983113875 0.12456078508189183 0.11468731179666775 0
0.4522522429267192 0.12444938243655605 0.11476857383287835 0
0.4523107441391495 0.12444918083234974 0.11468154850705325 0
0.45253568561180935 0.12462329386743752 0.11480453928946978 0
0.45249899488574097 0.12478331945341356 0.11479752061102302 0
0.45245028739472554 0.12459925137210219 0.11482081532230287 0
0.4522382855507821 0.12453537802936594 0.11479849062267442 0
0.45248841392014194 0.1243249774794983 0.1148498629422992 0
0.45192702851987054 0.10753439884030706 0.11453210568291688 0
0.45203027733236545 0.0844957281179737 0.11439363574368132 0
0.45268464124919877 0.06103540416413265 0.11488617392855419 0
0.4525560441910098 0.03855788280658572 0.11482226744613264 0
0.452789784853843 0.01851434908011282 0.11479609342021341 0
0.4527884256107063 -0.0042564989286653365 0.11472162740595034 0
0.45266239669861197 -0.024103771672063012 0.11460755260059532 0
0.4528654435213211 -0.046489441923179525 0.11474982326615274 0
0.4525187821029168 -0.06926917071804137 0.11438511917474704 0
0.45246809980450986 -0.08858288227215544 0.11418611706253096 0
0.4493626420283062 -0.10322863005183533 0.11500154835756483 0
0.44252425255170436 -0.11548104396422547 0.11736384361881903 0
0.43570585000786816 -0.12538924957388242 0.11875250540222564 0
0.4280546026266248 -0.13496881763224416 0.11965907102410821 0
0.41964337694054493 -0.14488134120051488 0.12104428093284579 0
0.41215177721460167 -0.1536026111215037 0.1223062619487586 0
0.40339602930683716 -0.16276029639255432 0.1239272147455867 0
0.3959543478866934 -0.17085850733619296 0.12540703773174613 0
0.38864166286609836 -0.17799872847598797 0.12686708645849976 0
0.3799106734375664 -0.18616714566612705 0.12817703184467336 0
0.3726146790293862 -0.19303416514032834 0.12945743874170867 0
0.3653550751979818 -0.19933073596614714 0.13090975242500608 0
0.35691477624695156 -0.20647610569771502 0.13218114229817493 0
0.34894965524829497 -0.21281554425425633 0.13356869543091757 0
0.34167646930203605 -0.21808872420109313 0.13470346994300672 0
0.33581471499518123 -0.22275223689822238 0.13573732548442924 0
0.33509047173609796 -0.22316294373158577 0.13626882916490568 0
0.3351159326924149 -0.2232053939916695 0.13629541183789626 0
0.33515700346318406 -0.22319845598937063 0.1362895411517634 0
0.3344656266969044 -0.22396727027075997 0.13635513678080535 0
0.3291874476513314 -0.227709429851967 0.137186889272823 0
0.32916262735759183 -0.22842595972248708 0.13757210362857777 0
0.33191547472043303 -0.2333478524174785 0.13756328025023537 0
0.3342099480384318 -0.23697692361183245 0.13692366993446525 0
0.3368999864105235 -0.2415700276269295 0.13595591745820942 0
0.3389874447402499 -0.2458698501089854 0.13544607067421918 0
0.3398618395538015 -0.24770112386021548 0.13538277592532083 0
0.3399797285407381 -0.2477401648031417 0.13506439583138785 0
0.3397715016920966 -0.24820269314477172 0.13468166207283533 0
0.34153848314345037 -0.25149074238196006 0.13426748623815118 0
0.3443071717932496 -0.256932200273778 0.13454376840591462 0
0.3470084970679451 -0.2616818202604952 0.13394444863470847 0
0.34958736969549364 -0.26718710575875293 0.13277516884824037 0
0.3523704795853053 -0.2728480212711162 0.13194745054481583 0
0.35623249868211937 -0.2757200355925599 0.1304856951399212 0
0.35878510027336535 -0.2738212379075071 0.12984305211265568 0
0.3598347558488612 -0.27319799187086713 0.12952456853584438 0
0.3650559242629777 -0.2692951072361287 0.12745205393054138 0
0.3719676193967445 -0.26384615954452906 0.12463078394020256 0
0.3780341150686154 -0.25932689189866825 0.12486054372197647 0
0.38129714875318205 -0.26008200518028257 0.14026387335647467 0
0.3821290659408244 -0.26096687709213745 0.15714014327650533 0
0.3828558628575044 -0.2623128459118054 0.1789722986179589 0
0.3829172338012591 -0.2627311229793259 0.19997179627872266 0
0.382794660496704 -0.26301472763269107 0.21937976358904204 0
0.3829073891270451 -0.2627978434506403 0.22319467060429984 0
0.3832633634229034 -0.26406953030139907 0.22375910896910794 0
0.3838890288326888 -0.26434088888560137 0.22533468812632357 0
0.383879042928443 -0.2645558071236582 0.22659518941302556 0
0.3838903608162928 -0.2645884459596959 0.22667072322622978 0
0.3839061672176489 -0.2645987980053125 0.22676467076877382 0
0.38391753638819215 -0.26460799745380176 0.22675757715980804 0
0.3839244849879825 -0.26460002518107867 0.2267484421748448 0
0.38506421915942957 -0.26454640643247795 0.22683832483507269 0
0.39502785793146766 -0.2592472572255901 0.22717756911630613 0
0.40896087096928807 -0.2508789668958391 0.22646438430230337 0
0.42086380388468414 -0.24349628545555166 0.22626367880781928 0
0.4322588901429875 -0.23613764788132385 0.22587930054643718 0
0.44470755901465614 -0.22782418862272946 0.22513331673905979 0
0.4551526337774961 -0.22020593889486662 0.22479248918151667 0
0.4673594898533927 -0.21074979297112267 0.22461528108972473 0
0.4783301332417077 -0.20215036423352362 0.22390393042344853 0
0.4909210782718044 -0.19125307167950734 0.22377536859876107 0
0.5016833822608243 -0.18127137276562727 0.22366121625609214 0
0.5125990625251468 -0.17096731939949528 0.22321310368040206 0
0.5169572182858941 -0.16639516205538502 0.22227833911337597 0
0.5176221060146114 -0.16903458844875968 0.22214022565542263 0
0.5192388338263398 -0.1701661844290113 0.22230322350835977 0
0.5217570178585074 -0.17290834427338386 0.2223908414463663 0
0.5237560145306617 -0.17495215658650315 0.2225622846786965 0
0.5234618126705651 -0.17574694416432265 0.2219899024104565 0
0.5168909463732327 -0.1816824468509063 0.2235927902366428 0
0.5062286508381703 -0.19177082322111527 0.2246294026147602 0
0.49525094973591993 -0.20205424493673108 0.22544902045768267 0
0.4826799395747347 -0.21286715936375822 0.22593730183043048 0
0.46969965761166843 -0.22328786264595202 0.22699360238688243 0
0.45586270994753963 -0.23400771450132185 0.22717638332084533 0
0.4489401432573506 -0.23964738898358476 0.2215102411229137 0
0.44931092114502846 -0.24083830906922962 0.20020726550517376 0
0.4497933274109322 -0.24148991361890546 0.17931862814687788 0
0.4493953486378702 -0.24089882506981714 0.15893570891849174 0
0.44897610548154543 -0.24024242687473063 0.13978149862866898 0
0.4481034300074661 -0.23858594523573723 0.12120978658185032 0
0.4446442858093078 -0.23903644827264187 0.11216734628413161 0
0.4360860769444584 -0.24405359586444686 0.11035006059043667 0
0.4265020959723687 -0.24962740496776908 0.10843101587819748 0
0.4223389255963463 -0.25217695257963924 0.10704954028187941 0
0.42238821536641996 -0.2521189669770194 0.10708779926615063 0
0.4224665972701435 -0.25203637150581243 0.10721177803203533 0
0.42263606055371444 -0.25186775833308384 0.10760273357295472 0
0.4213836126987127 -0.2515635245070871 0.10649100981993245 0
0.4261835301854205 -0.24912946169731104 0.10566636400017641 0
0.4270558185077947 -0.24777556591439298 0.10548780082701485 0
0.41867420357416557 -0.25160836653846275 0.10366607026006622 0
0.4109365940042673 -0.2560815026696861 0.10223310446936293 0
0.4035556988328789 -0.25966911096152 0.10064324365184164 0
0.3937472293728815 -0.26487993297266244 0.09917758881955593 0
0.3861365765720294 -0.2685837372077957 0.09759978730046419 0
0.3851766591340279 -0.26866556840569944 0.09711002138764512 0
0.38516068648834684 -0.26872177526686125 0.09708297884400593 0
0.38068981898646403 -0.27109693543084923 0.0964473208861691 0
0.3791772334332618 -0.2717448721699816 0.09616120227165337 0
0.38053093914574443 -0.2741313313549245 0.0959679300796564 0
0.3826407421238439 -0.2777948859857548 0.09508996169185902 0
0.3851108083382854 -0.2822185544537914 0.09410083866337687 0
0.3871492518161349 -0.2866293280524065 0.09318304468012581 0
0.38862366807433707 -0.28911358810812365 0.09236000267792004 0
0.39123026149822004 -0.2874397524880533 0.09070487985684132 0
0.39147375850704463 -0.2868103030065995 0.09028699554969973 0
0.3931125805421487 -0.2854118825548607 0.08955643560593782 0
0.396473263441228 -0.281720821889306 0.08696445342732907 0
0.3993379669662064 -0.2786374625834174 0.08424737873872272 0
0.39990666334400726 -0.2780251041919487 0.08304477175685394 0
0.4007038372681088 -0.2769037394327623 0.08244728970490953 0
0.4046618291091132 -0.2726786808955784 0.07925560934513333 0
0.40623335736993116 -0.2714132018200711 0.07797569513334919 0
0.4063221708071128 -0.27105006318685154 0.07763686616767695 0
0.40818924482528895 -0.27433527614062936 0.07519317906357176 0
0.4112716904477046 -0.27965374823535427 0.07476132262953207 0
0.413286520131995 -0.28334000570952755 0.07432293012015015 0
0.41504677361777326 -0.2864833672175772 0.0872823612536075 0
0.4162705000128748 -0.28876005860520787 0.10571915224517839 0
0.4174457417497954 -0.29036636554427864 0.12192272227718882 0
0.41796777732858137 -0.29200595246464905 0.14152135653294579 0
0.4185882226761812 -0.2933145976875506 0.16048259257172293 0
0.41900480388732186 -0.2936866034773622 0.17891085963412093 0
0.41927597834962166 -0.2934208892554875 0.20038427570844436 0
0.4189321442319385 -0.29263090038454753 0.2205536190988688 0
0.41905014244995276 -0.2926425112607791 0.22506878644530692 0
0.4191340921976214 -0.292415596614818 0.2253665777213467 0
0.419491005878923 -0.29249175894707086 0.22687658198148322 0
0.41931627198120847 -0.2923729658024402 0.22836146958889658 0
0.41946723132679714 -0.2922449627462439 0.2291355593223128 0
0.4194921806100061 -0.292261070617182 0.22914913298594294 0
0.4195244113906104 -0.2922923837619903 0.2293742927202014 0
0.419949320847277 -0.29241156094879833 0.22945621110715667 0
0.4248891307211723 -0.28884594203793024 0.23001863390709462 0
0.4321535248432512 -0.2831463026948576 0.23107944637153902 0
0.4390403420443732 -0.27782033284867635 0.23205293457030393 0
0.44702088346974383 -0.271483838505363 0.2334821577637646 0
0.4539980872047016 -0.2658762843132325 0.23490126538613043 0
0.46082659280286764 -0.25994249943212416 0.2362355892018076 0
0.4669695534045071 -0.25439562531932397 0.2373144969855955 0
0.4730616578185934 -0.24874712425832482 0.2388556381772024 0
0.4792297309559907 -0.2426857986602915 0.2403587360061987 0
0.48488412345014476 -0.24267765744074066 0.24204445943795894 0
0.4896542853167051 -0.24761665023951693 0.24255641620089574 0
0.49435440486590654 -0.25509840528996475 0.24310162715204797 0
0.49881551863566054 -0.26108085047074564 0.24371882801248845 0
0.5036344069632549 -0.2680376229534364 0.2445962416507582 0
0.505480226132462 -0.27076271991350004 0.24511970206356148 0
0.5054354796277228 -0.27083678355581886 0.24542273950722465 0
0.5054213339784608 -0.27086185534907953 0.24535382585109106 0
0.5053349477687588 -0.2711564224774297 0.2448347408545228 0
0.5053452061291802 -0.27110869857689057 0.24489446460163916 0
0.5010293101625305 -0.27345957952635974 0.24496917935536797 0
0.4886008350237013 -0.28256629980838743 0.24588261189195407 0
0.47568937024405644 -0.2907008019940633 0.24660318198665257 0
0.4627273098781224 -0.29846681826805027 0.24781629633541058 0
0.4489075405668749 -0.30649257165048965 0.24909878905687766 0
0.4348864168004704 -0.31386604554453723 0.2502829383519221 0
0.42067363362363863 -0.32102610940216275 0.2511548626012827 0
0.40547983183364805 -0.32792200818705886 0.2518980290730699 0
0.39033566606511655 -0.33456568773387735 0.25239338036355946 0
0.3746824078318451 -0.3408446459290222 0.2533455321651379 0
0.3607150573769695 -0.34598711561038675 0.2536748666133621 0
0.35687768754348015 -0.34747146295711717 0.25407320043627774 0
0.360045234274703 -0.34544087760064124 0.2554862852482042 0
0.3640435746221547 -0.3424847928222807 0.2571789082125334 0
0.3666958760100681 -0.3407661430461204 0.2591568483995176 0
0.3669069175600874 -0.34041894761336056 0.2593670427879958 0
0.35581590819933934 -0.3436422144554355 0.25973000153979575 0
0.3387282470435563 -0.3497070033340791 0.2603698339725843 0
0.3243533479577695 -0.3544648911671382 0.26111780391461203 0
0.3228816851730787 -0.35489729706518985 0.2611213636420361 0
0.3246594044932366 -0.3585401215355653 0.2617938034433701 0
0.32585499069931806 -0.362948643811676 0.26223401173448113 0
0.3274477977976029 -0.36792399062308456 0.2627788092068506 0
0.328571630125622 -0.3721739060569066 0.2632805167317275 0
0.3296703412627012 -0.3770775043835708 0.2633295912483805 0
0.32975122281496416 -0.3785837129117393 0.264014887358886 0
0.3307364715932447 -0.38075853037037516 0.26443921332005954 0
0.331444838422912 -0.38407937620488014 0.2644493752360549 0
0.3320415044090965 -0.3866919619374819 0.2641551752531861 0
0.33147676779828705 -0.3853216842787144 0.26504812396616956 0
0.32920732188221086 -0.3791560864904075 0.26516565725479535 0
0.3276217643184124 -0.3723856949676443 0.26466783173340097 0
0.3274274892732095 -0.36847069442389235 0.2646733016351837 0
0.3271430611243945 -0.36772340107818036 0.26475432177452934 0
0.32763377995538195 -0.36737986331990824 0.26470720398754677 0
0.3276762605526256 -0.3674582480689522 0.2645996860331686 0
0.32801205659458343 -0.368058631062148 0.2642362631491222 0
0.3280192659017854 -0.3677526104078279 0.2686953535769613 0
0.32818027394548166 -0.3666002627230819 0.28909045589806803 0
0.32800920607032025 -0.36567128494976064 0.3083686664563722 0
0.327773435669153 -0.3639830971874596 0.32728347719989603 0
0.32717752113150655 -0.3614779836615689 0.3435197136519441 0
0.32638152229279394 -0.35895370394996656 0.3611611307526152 0
0.3252890001100355 -0.35591958712947147 0.3785628101610082 0
0.3247394328130744 -0.35228078156853154 0.3943850856835911 0
0.32387877406142707 -0.3507945097307448 0.40386006815132747 0
0.3238400559235338 -0.35085579068655715 0.4037259031201946 0
0.32437248889514736 -0.35366619088287166 0.3928864790547001 0
0.3251485184805224 -0.35714662697032706 0.3752110045084408 0
0.3256934110733779 -0.3578673271368127 0.3709707949685215 0
0.32511554461539244 -0.35521200717744317 0.38044873860731604 0
0.3247416796420819 -0.3517876537985477 0.3960151056659069 0
0.32449485656615173 -0.3503931046712253 0.40191727093564655 0
0.32469621574958585 -0.3511310594386787 0.4014064340966987 0
0.3246269645123449 -0.3506153861922705 0.3997968604458417 0
0.3253657653695224 -0.3500770827281261 0.39800030744592557 0
0.3255211908148438 -0.34926773732865624 0.3966157839406466 0
0.3257029998788914 -0.3480740422174228 0.39462101581206666 0
0.3255933663643629 -0.346735466169182 0.39355363360000273 0
0.32547929802854547 -0.34577876631298904 0.3924372628358404 0
0.32311816684891354 -0.3319914823396659 0.395374337325214 0
0.3200460093482126 -0.31500295296843905 0.39463312260611927 0
0.3155773990253727 -0.29200571536417025 0.3935416412385029 0
0.3120239195167227 -0.27209369126696736 0.3933194614246601 0
0.3076154521521887 -0.24933536106684562 0.3935702505224405 0
0.30381146273663184 -0.22686825242077302 0.3937517229251593 0
0.2999342413856515 -0.2068832476633916 0.39358539062866904 0
0.2961930854297307 -0.18680330912780424 0.3938096211779822 0
0.29238025720895633 -0.1644846987896182 0.39351014325009187 0
0.28884268968486093 -0.14524370158112604 0.3938430285972785 0
0.28815615475514433 -0.1408731735704634 0.3937911195386655 0
0.29283241930725745 -0.14096730834999507 0.3930745265504398 0
0.31468669259011084 -0.14168131253715227 0.39310158314996874 0
0.33504168335849216 -0.14144072201931485 0.3932083050299764 0
0.35378184223291415 -0.14147370567172998 0.3933854984210732 0
0.35724976740503817 -0.14127932969417867 0.3933239129168609 0
0.35395051528444477 -0.14047958357361862 0.39411104986392764 0
0.3356821418483126 -0.1383955142126321 0.39425225528143587 0
0.3126983587193167 -0.1354108700942243 0.39392427609079544 0
0.29255898239079803 -0.1330765525196677 0.39422427708717195 0
0.26980883458297 -0.13261794253736026 0.39391760619905464 0
0.2475961539380922 -0.1328140453862552 0.39404383755438693 0
0.24122417828887738 -0.1324826093132813 0.3941553793149688 0
0.24144090850101305 -0.13348733050892364 0.39392751950209 0
0.24148498513023817 -0.13364765464069103 0.39406981975618266 0
0.24155075850429072 -0.13323498188136249 0.39422453616368314 0
0.24187167740558385 -0.1329767165732116 0.3937832589529181 0
0.24166294159084595 -0.1328029154321871 0.3941655647878665 0
0.24203182937071788 -0.13180991059286065 0.3937056831429994 0
0.24173485771613096 -0.13189216310403282 0.3937106462755584 0
0.2416732025843331 -0.1327721450020266 0.3942619213359415 0
0.24160728223397226 -0.1334765014940022 0.39412646445561106 0
0.2418358376590275 -0.13340980650905404 0.3940639371301185 0
0.24182464514617374 -0.13313889546680183 0.3942435591526214 0
0.241733150706253 -0.13273309418776702 0.39391997206415497 0
0.24192904692423772 -0.13300767082128667 0.39386705664835464 0
0.24190442979122062 -0.13266454375659326 0.3942495528134263 0
0.24190710770525006 -0.13309398767714392 0.39415993010878897 0
0.24212529731546856 -0.13309694158602203 0.3943268434798276 0
0.24200713857676942 -0.13326565878989322 0.38090492771558 0
0.24177327980944 -0.13290759635708937 0.3582998698771834 0
0.24188972584248308 -0.13286673854697206 0.3357323521705374 0
0.24171124181254594 -0.13253829477720974 0.31564424942417835 0
0.24163360392656374 -0.13247456376789438 0.29577818737264294 0
0.24192790557386018 -0.13292611775699173 0.2730876629371202 0
0.24188043857492872 -0.13282880616538673 0.2505824191804528 0
0.24191660261235523 -0.13295269387397268 0.22818135216642793 0
0.24184328962138812 -0.1327193023290097 0.20550807443691604 0
0.24192651194052778 -0.13282283515890808 0.18299992534350532 0
0.24185719191439037 -0.1325113600060585 0.1628369299823765 0
0.2417902855136319 -0.13272699294704893 0.14046217650531212 0
0.24184759321600577 -0.13247464779856444 0.11819007236832112 0
0.24188760217067767 -0.13224666188975331 0.09625879461373837 0
0.24203934366315522 -0.1327208915738269 0.09275209162142611 0
0.2420263136292331 -0.1327063815151015 0.09275011477919518 0
0.24207562667010912 -0.13271057927378802 0.09279504934834146 0
0.25690419025252104 -0.13381425553681303 0.09376942821312392 0
0.277104168588977 -0.13660269856036575 0.09381840367574931 0
0.29070346957364357 -0.13716705718242178 0.09323410186347639 0
0.2913554248307931 -0.1375499648149708 0.09335889259463526 0
0.2913392896758693 -0.13754375364691862 0.0933289244044947 0
0.2913258268863441 -0.1375465140467868 0.09330822114071534 0
0.29130343209014814 -0.1375611003144059 0.09329655213166774 0
0.2912776467922982 -0.13758968349666872 0.09329078121916198 0
0.2912469837073076 -0.13763176484738482 0.09328586221623428 0
0.2911987682542843 -0.13771905821266217 0.09328608622878708 0
0.29110669783953247 -0.1379249062221932 0.09328903105318445 0
0.29125381200123956 -0.15059610183676314 0.09266576887560529 0
0.2911433712796941 -0.17306925960231306 0.09312873944047113 0
0.29137143388814746 -0.19338348679128248 0.09306835255188955 0
0.29155044337941677 -0.20555084540509333 0.09314711735287609 0
0.2912178054607575 -0.20578934477404448 0.09272031636288855 0
0.2912793486921862 -0.18664983329965848 0.09312068458057945 0
0.2914997901756794 -0.16395361212012216 0.09325990899186384 0
0.2917082556676815 -0.1453108479531145 0.09308996208605905 0
0.291614805718759 -0.12825722798986244 0.0931232843271895 0
0.2917183876291182 -0.12770181900729477 0.09276300234729506 0
0.29152621511482185 -0.12802162314499507 0.09343719473007585 0
0.2914413577360216 -0.12779156177090673 0.09326985970922963 0
0.2915788690944603 -0.12834230369031463 0.09331199144975441 0
0.29183553342132323 -0.12817569593991002 0.09308234158081921 0
0.2915918355818463 -0.128375061581103 0.09316361583046276 0
0.29157090338767594 -0.12863410260622532 0.09395546000633226 0
0.29120201101449106 -0.12944783352452405 0.09410027792994098 0
0.2915077917826726 -0.12965263937546814 0.09394017806275029 0
0.2915950957850497 -0.1293136657608862 0.09379680143373959 0
0.2916901425536242 -0.12900694145892705 0.0937055966444083 0
0.29170942686366286 -0.1289421974661607 0.09369875191768096 0
0.2917120753758472 -0.12890576671249793 0.09369261367244591 0
0.2916731983957685 -0.1288266269501514 0.09370261204545305 0
0.2916362353027887 -0.1284739727704251 0.09630713510555558 0
0.2923523416845269 -0.12665891444849436 0.11830042005002153 0
0.29195432756370776 -0.12668319522252403 0.13840269202962574 0
0.29171809639820856 -0.1280737466770695 0.15900091009295517 0
0.29153147145168307 -0.12790003171074935 0.15917888698878285 0
0.29168356354076086 -0.12792966063085998 0.13761270321734145 0
0.2915772792070372 -0.12812298776565256 0.13022852854118297 0
0.29170453260505563 -0.12835548578425612 0.13017606911030616 0
0.2917005275881395 -0.12835847405118145 0.13019590721186763 0
0.29169807508406664 -0.12834313688140825 0.1302117923647656 0
0.29169305935785067 -0.12833469714191786 0.1302291372192555 0
0.2916866427059318 -0.12832403077334303 0.13024270275651817 0
0.29168547133550704 -0.12831066037367478 0.13024483262545222 0
0.29167908669687354 -0.12829395613891642 0.13025666458041973 0
0.29166970617311755 -0.12827407959815312 0.13026075816085944 0
0.2916568200864019 -0.1282533256200794 0.13026984378677142 0
0.2916357248959527 -0.12820490555218866 0.13027677315060215 0
0.2916268885245841 -0.12820271015246512 0.1302803684749691 0
0.2916305222210846 -0.12819917645445483 0.130280206322966 0
0.29163042450488663 -0.12819915431758155 0.1302821704847228 0
0.29162525065695055 -0.12819890090222155 0.13028545286225646 0
0.2916313887668159 -0.12820007348950702 0.13028419880073244 0
0.29163360859162457 -0.12820037140572046 0.1302811008308924 0
0.291631061600648 -0.12820321975162147 0.13028639043056434 0
0.2916313236336109 -0.12820405362049375 0.13028714206566255 0
0.2916372599804725 -0.12819981118867296 0.1302828341019407 0
0.2916339669745537 -0.12820464505046097 0.13028791126001857 0
0.2916300105184856 -0.1282047779653664 0.13029087993338428 0
0.2916300355869276 -0.12820228219173402 0.13029556561790892 0
0.29162747764183294 -0.12820423636860884 0.13030040649234087 0
0.29162660881282043 -0.12820742862032966 0.13030019714520988 0
0.29163234837257385 -0.12820139973297012 0.1302984350765412 0
0.2916419782541255 -0.12818571295359937 0.13029734061153636 0
0.291636498220539 -0.12819824612001182 0.1302979359780836 0
0.2916342594635624 -0.12819477779405308 0.1303008813265759 0
0.29163670448791235 -0.1281951081599264 0.13029797190301662 0
0.2916378496304649 -0.12819224335519452 0.13029666425405162 0
0.29163556167463106 -0.12819757903768947 0.13029743803548316 0
0.2916343964141548 -0.12819640864999438 0.13029824188103156 0
0.2916394676984395 -0.1281978971880236 0.13029691916584088 0
0.29163847245399416 -0.12819519774615523 0.13029647972099034 0
0.2916374748270179 -0.1281991753765157 0.13030047539885548 0
0.29163609397977364 -0.1281964496129891 0.13029665936174473 0
0.29163541083484246 -0.12819813715861683 0.1303001654773264 0
0.291630437570507 -0.1282113335994701 0.13031770789518038 0
0.2913191125393827 -0.12831421522867587 0.13077207572721686 0
0.2913750924871821 -0.1283201464384786 0.13070254600418868 0
0.2913892975825415 -0.12825384265471101 0.1305105070703026 0
0.2914515127521541 -0.12820996952405012 0.13033964304451262 0
0.2916171195286408 -0.12802269776821057 0.1303798780158425 0
0.2918574429363222 -0.12826527092603995 0.13039159910355813 0
0.2920043134217496 -0.12841797888869078 0.13042798221154867 0
