0.43867348001462675 0.19351893152629696 0.4478270062626693 1
0.4386785951330088 0.19351479681526784 0.44782675652902315 1
0.4386757401942926 0.19351833106741956 0.4478332625222664 1
0.4386777528123622 0.19351656438115977 0.44782671598546886 1
0.4385620684689651 0.19350750780592374 0.44530961747947195 1
0.43888132161208643 0.1934585878713253 0.4277139759649537 1
0.438690494260063 0.19350046464620374 0.40486562193465114 1
0.4386099664294305 0.19348990640590216 0.3844696382964857 1
0.43846786598444215 0.1934148491817413 0.38232152570221 1
0.43802364857194903 0.1936469225337749 0.38234494241325867 1
0.4380890517716518 0.19361528634517977 0.3823500697385325 1
0.43868203532961086 0.1933111286708909 0.3823409328272848 1
0.43870658640516286 0.19331351118028278 0.3824287587655203 1
0.4386497182736546 0.19335351737606293 0.3824972536015451 1
0.43821685140011113 0.19366264722531157 0.3829478959338061 1
0.43827211242415476 0.19363111452105652 0.3829396274310472 1
0.43904096172992524 0.193535319731304 0.3721521775537967 1
0.4388099024277058 0.19343671721981517 0.3500852053135628 1
0.4386145141840671 0.1934560987818585 0.32714412518167474 1
0.43851118659610117 0.19335222017627296 0.3046583762850014 1
0.4385646957194785 0.1936833452200042 0.2820764162716578 1
0.4385919245911202 0.1933913860735563 0.25953455736547343 1
0.4384227666759844 0.19351398890262295 0.23698102059647053 1
0.43797923053789684 0.19363837559669886 0.2167517610780341 1
0.43777990260442223 0.19359549743303855 0.1937250081342067 1
0.43807084731900436 0.19366547784388327 0.17454188209697769 1
0.43821837422971954 0.19356019438295397 0.15182110928782896 1
0.43829666594194977 0.19365064210484764 0.1321601860562315 1
0.4383853666117835 0.19350386178923124 0.11181413699524922 1
0.4383783250504688 0.19342399690823353 0.096226407788611 1
0.438590874855707 0.19351168435381222 0.09601582615264459 1
0.43857860405578897 0.19350464004350582 0.09597091826533544 1
0.43856602378456266 0.19350093910884525 0.09590408079298926 1
0.43842089514252897 0.1934864087303187 0.09564688453190244 1
0.4384722550200378 0.19340359394647913 0.09519189410750327 1
0.4381618201980555 0.19344466115164788 0.09506741714446058 1
0.4379526183107636 0.19356751978199266 0.0955798281414351 1
0.43794526186824806 0.19357514756043384 0.09564484551352448 1
0.4379632354192725 0.1935697047959543 0.0955820449634484 1
0.4379971753040496 0.19355419546923208 0.09551494811777851 1
0.4381928312861049 0.19344087947737043 0.09501220799601544 1
0.4381748744653942 0.19344952731905604 0.09505865966392797 1
0.43814270231062413 0.19347311260953903 0.09514012164364459 1
0.4382308027262508 0.19384691862642894 0.09616971340710025 1
0.43773968046204187 0.19387534236908405 0.0953787069312318 1
0.4377587387254133 0.19377068607266623 0.09504951432343832 1
0.43791697037168104 0.19354954810794672 0.0953591507116467 1
0.4394051258280862 0.19255207115135461 0.09606376326221122 1
0.439024305636203 0.19264239878014655 0.09597242679978231 1
0.43883539428023294 0.19284094157437187 0.09552957353863192 1
0.4386642860075468 0.19313700801154288 0.09532516259017441 1
0.43867504589634887 0.19309402553625 0.09528292444264722 1
0.4414943744708175 0.19373365711344526 0.0963987232989591 1
0.4594096086578818 0.1934387038853787 0.09519704450064163 1
0.47965066553602903 0.19323565965481507 0.09483176564953716 1
0.5013886075323648 0.20083218434516986 0.09483066116992153 1
0.5191848574628604 0.21284410036235735 0.09512492690651304 1
0.533627169708534 0.23142129736826295 0.09480184690390002 1
0.5347790494725914 0.2532290497613198 0.09589733918538752 1
0.5343083006226065 0.2580395250896984 0.09562936397415718 1
0.5342029007255888 0.2581607309191276 0.09563786255871151 1
0.5326778043711728 0.2639460585893372 0.09550372927233194 1
0.5314511968397997 0.26508824934577985 0.09423143143078233 1
0.5313428265611692 0.26513336094690804 0.0946293001933873 1
0.5311340567283248 0.26528145185104574 0.09503680773250935 1
0.5311554491360718 0.2652506572893578 0.09500858849221765 1
0.5311899717490389 0.2652015728892609 0.09498597013212642 1
0.5312275830935819 0.2651343780223291 0.09496163837816424 1
0.5313040166858964 0.2649937044856917 0.09494848385595815 1
0.5313184441918376 0.2649634975143385 0.09493516653528647 1
0.5313311284961354 0.2649455872991945 0.094927596790182 1
0.5313329125482354 0.2649382217055816 0.09492192722498437 1
0.5313355609824252 0.26493774970289874 0.09492039459742142 1
0.5313396319221569 0.2649317445763337 0.09491657876911036 1
0.5313403425598756 0.26493185282360954 0.09491961253565083 1
0.5313436247974526 0.26492761481620486 0.09491807265764396 1
0.5313415570529741 0.264927814286121 0.09491968729109768 1
0.5313413473164165 0.2649347189250042 0.0949236287075571 1
0.5313473365317042 0.2649194459055015 0.09491622223865698 1
0.5313480219325418 0.264918815023204 0.09491821235269474 1
0.531347218405175 0.2649201861068605 0.09491389184937317 0
0.5313183902489579 0.26495762979246434 0.09491166016965276 0
0.5313426989791317 0.2649449212833548 0.0949363892776992 0
0.5314541486855404 0.26487436664955466 0.09513771472326668 0
0.5314257712898469 0.26487062258225624 0.09504898549117875 0
0.5315307078350627 0.264763916923612 0.09474689988999536 0
0.5315666935388166 0.2647350474665032 0.0945417741060921 0
0.5315053065695035 0.2647836705858596 0.09465608842040016 0
0.5313448058027306 0.2648902088029598 0.09498126181739655 0
0.5313455414794291 0.2648943095438028 0.09496703327096952 0
0.5313536704569927 0.26489247980969555 0.09494977637670267 0
0.5313653981879372 0.26487832034856096 0.09493861548343974 0
0.5313777792392479 0.26487173246919155 0.09491952967080007 0
0.5313736015821928 0.26487812907954356 0.09491877968641246 0
0.5313763186874555 0.2648796358607969 0.09491985071780414 0
0.5313849048612295 0.2648725025878607 0.09492698650421484 0
0.531386166010842 0.26487084759589646 0.0949239271969927 0
0.5314587925640148 0.2645855857382395 0.094908674725949 1
0.5338884212493467 0.24974929880933966 0.09401714611828624 1
0.5369585953439394 0.22998928480616598 0.09444290592719357 1
0.5382831583912868 0.2225705233260835 0.09478619267967243 1
0.5385227173197165 0.2225334740708638 0.0950301834728165 1
0.5385287269007467 0.2225814166740429 0.09502997234588645 1
0.5384096509456512 0.22288177304925766 0.09503210937860429 1
0.5383166127909159 0.22314013698482354 0.09503437830053378 1
0.53829656878099 0.22320771504938486 0.09502479555296957 0
0.5382971835534133 0.22322289138743728 0.095018502637999 0
0.5383558847833364 0.2232009327148426 0.09507462204123719 0
0.5387810592839881 0.22303536811549396 0.09547904291549197 0
0.5386531684608549 0.22307954821348014 0.09539074173475975 0
0.5383654827596875 0.22319947112022182 0.0951781482475737 0
0.5383899879456092 0.2231950682891406 0.09519796603395488 0
0.5384155498416967 0.22318132520026368 0.0952142638128517 0
0.5384348621035882 0.2231769423922918 0.09523329696352852 0
0.5384854397393392 0.2231589735663984 0.09527755672901692 0
0.5387258835474945 0.22307613553052394 0.09548440905009316 0
0.5386736930930136 0.22308710935155307 0.09543758785482949 0
0.5383787590685486 0.22324547653884103 0.09543954456840269 0
0.5390692893171594 0.22302115309605902 0.09613033717869365 0
0.5388592839637896 0.2230373271681127 0.09590611029162023 0
0.5386274825137053 0.22308125624957637 0.09580688797864377 0
0.5375371454973747 0.22248186991764565 0.1026337375726752 0
0.5379468140943346 0.22301867121267333 0.12661958135580054 0
0.5377491051049794 0.22308370024557175 0.13125774081572097 0
0.5378238988875125 0.22310234609276738 0.13159652213053735 0
0.538874462275563 0.22284474071904758 0.14400532983880543 0
0.5386274544949032 0.22303770073758739 0.1569685978703979 0
0.5382799063328502 0.22305998465879776 0.15725945488521814 0
0.5382840817564416 0.22306111980309737 0.1572544329505782 0
0.5382876424203146 0.22307257261054436 0.15712980279740457 0
0.5375609127953733 0.22371415631608088 0.13810310365819237 0
0.5374957185114969 0.2239872821514466 0.11842234382511126 0
0.5381869305177958 0.2237875920049193 0.11518094848716588 0
0.538369709473136 0.22370643143489471 0.1152365601907569 0
0.5383848447936641 0.22364175792993962 0.11520660967932426 0
0.5385085746471645 0.22333643760241512 0.11520269680841501 0
0.5386020662848763 0.2231924769849819 0.11524438677236139 0
0.5389194810369662 0.22329876758268125 0.11294701229006363 0
0.5398609012986746 0.22363614518836014 0.09836513231570773 0
0.5400016324537931 0.22351959360343315 0.09540523298415539 0
0.5400292327579119 0.22325288723869796 0.09438583488218491 0
0.5385921080932033 0.22241628611927017 0.10089738537786946 0
0.5380651879974644 0.22263987576537944 0.10238284637589755 0
0.538132130500876 0.22270811257338566 0.10270459274526829 0
0.5379916605030519 0.22278539026750763 0.10297501200722879 0
0.5205407957999089 0.22292823412727858 0.10156375885626144 0
0.5107678691222308 0.22083457626962563 0.10248774563970926 0
0.5204671567931584 0.22029296164422943 0.10223126125659625 0
0.5235785723598991 0.2201537788444797 0.10251031639788918 0
0.5239740298328486 0.2202599083703061 0.10304397959844773 0
0.5241073139686713 0.22041500288073007 0.10329868325135358 0
0.5239803522501483 0.22073255969148353 0.10331875190575239 0
0.523955410390694 0.22079595394616525 0.10333228977055581 0
0.5239541400934375 0.22079830292331926 0.103342566303353 0
0.5239545488898674 0.2207950419787844 0.10334698583659352 0
0.523954107182912 0.2207916166010225 0.10334888592399448 0
0.5239562688143298 0.22079965480381822 0.10335820453034911 0
0.5239551161295786 0.22079323117225202 0.1033524282553209 0
0.5239541152899853 0.2207961567042203 0.10335496679666778 0
0.5239581796265759 0.220791152207222 0.10335807114230011 0
0.5239609566468387 0.22078577834298674 0.10336012077982454 0
0.523954675509146 0.22078569440426177 0.1033545329743275 0
0.5239589501497222 0.2207860230011237 0.10335893982483838 0
0.5239569354331426 0.22078499083424596 0.10335733116778402 0
0.523956514220636 0.22077979922476404 0.10335647767519479 0
0.5239593894079682 0.22078368103638718 0.10336008932555972 0
0.5239565480967674 0.22078165035111497 0.10335667918297299 0
0.5239540376090511 0.22078240135281701 0.10335432435553779 0
0.5239188349713664 0.22077768120097746 0.10928905962472857 0
0.5249057583080006 0.22038834455608075 0.1323754857923224 0
0.5248019190960439 0.22031197043561523 0.14850954372979946 0
0.52395363145688 0.2202134311634948 0.1481477377949877 0
0.5238601917970506 0.22048811530153112 0.14821037998354794 0
0.5237569856522343 0.22077776630813586 0.1483510684996794 0
0.5239026520727388 0.22087180908184217 0.1491335658674258 0
0.5238843166456943 0.22086174573693818 0.14905280851645905 0
0.5235277678206947 0.2209600831800178 0.148630330754989 0
0.5238553616695012 0.22070169950503846 0.1481816698637167 0
0.5239228691572357 0.22071512511068203 0.14833410554013735 0
