0.4386529311338418 0.19350126947491714 0.44775529079510373 1
0.4386507090238275 0.1935002255871911 0.4477509803643344 1
0.4386491796645809 0.19366865795370836 0.4483382263964484 1
0.4383875711189926 0.19421606249987966 0.44853271975059084 1
0.4386884001414517 0.1937633647750241 0.44802845802843916 1
0.4387724768424757 0.19363200502682362 0.4481666448109222 1
0.43870981809304466 0.19363836903617676 0.44788971638580993 1
0.43884161947929606 0.19338220390545918 0.4478926060883485 1
0.4386182578983964 0.19377828763078503 0.4479064548818263 1
0.4388045477291682 0.19352136322443447 0.4477775768200726 1
0.4389769773257825 0.1933665963434103 0.44794385679081006 1
0.43902595754563256 0.1932192593814199 0.44779012972203336 1
0.43917456066750754 0.19274508762613307 0.4480012352908013 1
0.43907426114966663 0.19296390765570828 0.44791014456003764 1
0.4389888144789019 0.19299565921660783 0.44757056864921907 1
0.43890287643255993 0.19338861520662304 0.4470867867767685 1
0.4389062097826047 0.1934329397932656 0.44757689747068224 1
0.43885674100796196 0.19350906714495975 0.4476466941266035 1
0.43880615322414107 0.19349055096791296 0.4477994905062497 1
0.43892663829554757 0.19374681961158427 0.4477531310796393 1
0.4388215403983927 0.19362527645823474 0.44784131374471636 1
0.4389830146164604 0.19353236597647838 0.4478141128769306 1
0.43912434449619986 0.1935748172602294 0.4474828404481628 1
0.4389266258537159 0.19387623269608806 0.4482394358992191 1
0.43889226261087705 0.19387595910010275 0.4482611489861139 1
0.4389008233211422 0.19386962995929752 0.44824000950102044 1
0.43890128540734363 0.19386933514295307 0.4482076274223772 1
0.4389039774737026 0.193863455533747 0.4481598952284534 1
0.4393446416433025 0.1936909962755548 0.43595610873416907 1
0.4391412695164906 0.19321954514077372 0.4140217665654128 1
0.4389112257745995 0.19307365275628727 0.3909447071527275 1
0.43888204823591975 0.1936254765989197 0.3684330663696859 1
0.43886179865100755 0.19349639060490875 0.34656897554043653 1
0.43905708606864563 0.193436174405187 0.323645834083547 1
0.4389207375515267 0.1934441548002621 0.30405976838909404 1
0.43845435757413015 0.19367715479386283 0.2937043339050887 1
0.43849888951234134 0.19395243910012938 0.2930190880003079 1
0.4381899578711266 0.19489468924876374 0.29359555942113813 1
0.43836294037352386 0.19444221048908916 0.2931458268470796 1
0.4385319801073984 0.19370109099131316 0.2932737092455048 1
0.4386476662400933 0.193947114396774 0.2931822457904088 1
0.43874537055524365 0.1934575029911308 0.2931752169121223 1
0.43855729713739755 0.19369673516835986 0.29288152157060754 1
0.4384623190702458 0.19373608532524086 0.2929394138284953 1
0.43852887831085635 0.19360321143578613 0.2928343072360314 1
0.4384618463514076 0.19374988070471125 0.2929714886197481 1
0.43837040317822834 0.19365399660058155 0.2927941985007333 1
0.43844765289908144 0.19369497237066965 0.2929783606301327 1
0.43872346048524563 0.19343648265586016 0.2930088057672804 1
0.4383943998278915 0.19366809571323101 0.29309630426452166 1
0.4382975000492315 0.19376996471642075 0.29294633567811224 1
0.4385039806446288 0.19325114382502087 0.29282640665181814 1
0.43874269884161926 0.19245353287770817 0.2928133811114513 1
0.43854171711457823 0.192672645348623 0.2926287412128772 1
0.4386145864899649 0.19286289722267352 0.29305345364088237 1
0.43839764502696293 0.1932678623423723 0.29267913751023666 1
0.4383235101953323 0.19322856587178067 0.2921898321668482 1
0.43816905227602554 0.19337128573583623 0.2924802483259707 1
0.4384567376543592 0.19360609406236393 0.29212338709238816 1
0.4381734318367097 0.19455907990977075 0.27467896776310174 1
0.43810317295027046 0.19413205892168983 0.2512630292214889 1
0.43769251953017085 0.19389837609909255 0.22828262206645658 1
0.43763409141370957 0.19374929815993855 0.20817569003124267 1
0.43805564453255 0.19371378700218758 0.18632627650284186 1
0.43805870956131704 0.19360177294961547 0.1663304607977782 1
0.4380507933115051 0.1936284572715067 0.1438181395068306 1
0.43812032622510455 0.19353763943077873 0.1238919874371284 1
0.43798166814936057 0.19372577678820674 0.10367682930301758 1
0.438539730923716 0.19365225168878408 0.09575364879349044 1
0.43846507394838397 0.1936602468766685 0.09549563627213255 1
0.4384489993216905 0.19365860858461031 0.09546548541788642 1
0.43842439961247226 0.19365722812252062 0.09544582366820617 1
0.4384006330022566 0.19365510069196867 0.0954440462901212 1
0.4384124903965621 0.19365043245892727 0.095534933829016 1
0.43837825873996167 0.19365265697865186 0.09550860346153692 1
0.43832121642592226 0.19365263522062437 0.09546349675518928 1
0.43813628480247474 0.19365804477962473 0.09533531890822129 1
0.43813347844909467 0.1936518474904042 0.095327283587196 1
0.43833027390594864 0.19430958854075606 0.09534144558748883 1
0.4390190375119363 0.2126216086983868 0.09584072696072282 1
0.43801936752498616 0.22617934968592865 0.09531372074906573 1
0.4383326302588395 0.22665267585004256 0.09522444502891377 1
0.4382855828153335 0.2266432034630354 0.09524586286318514 1
0.437453576257451 0.21937350316980386 0.09503067817639442 1
0.43718498410190626 0.1994894216816832 0.094270983745252 1
0.4374684354223109 0.1901743140700066 0.09461802527027528 1
0.43796723570310453 0.18959131934741935 0.09492131570030932 1
0.43840015423693407 0.18904272809965592 0.09513240372020212 1
0.4382231633566183 0.17509512578227115 0.09476580735758781 1
0.4378307829197783 0.17271098313009553 0.09569108487050709 1
0.43832641965219254 0.17202243179651677 0.0950657735755592 1
0.4383237718409894 0.17202868902606028 0.09508670473914589 1
0.43842602868575076 0.17216212835963757 0.09570650950888726 1
0.43791306041304534 0.17276458799396094 0.09522501174755481 1
0.43805076738805315 0.1726268862601711 0.09503697640109177 1
0.43836713514062775 0.1726136024134772 0.095832469628085 1
0.4380684167072436 0.172719006570147 0.09538940219081127 1
0.43833368055388383 0.17264743799420845 0.09581707523822838 1
0.4377664969181261 0.17254036914447782 0.09543195506770501 1
0.43789228618999393 0.17254254248010834 0.09519475308225103 1
0.43827606128486324 0.17235619819217235 0.09519860583388967 1
0.43845724213006465 0.17232473818582197 0.09486000247025973 1
0.4384333536635391 0.1723329566813787 0.09493572975535183 1
0.4382960621476756 0.17240968269663154 0.095856451867741 1
0.438467617544722 0.1718001750428414 0.09545079375686655 1
0.43864346822934264 0.17165815809598273 0.09535952030940692 1
0.43869129477358415 0.17178964082322387 0.09514331594750589 1
0.43842471188806464 0.1720548548695998 0.09491531640643135 1
0.4383605799629707 0.1720454966365626 0.09487770863194561 1
0.4383060664823766 0.17229325505545295 0.0951212420323864 1
0.43837481641061 0.17222815447008755 0.0953299279687308 1
0.43772058852786155 0.1726773532289429 0.09474745164880559 1
0.437673787475679 0.17270837748640916 0.09477079008612696 1
0.43769519543927965 0.17269946884226164 0.0948045557470648 1
0.4377288741549856 0.17269243986330754 0.09482618609483544 1
0.43802561485433056 0.1735663325097595 0.09502474153250527 1
0.43846564338369304 0.17358133527299532 0.09515963568307617 1
0.43841436572047693 0.1736328550023848 0.09515154603168945 1
0.43788664013251616 0.17399784635637147 0.09506216870810183 1
0.43795917811505514 0.1739552438324376 0.09508028743853304 1
0.43802313726680064 0.17391972777884726 0.09509296797204815 1
0.4385845558714009 0.1735880468236386 0.09522385385218177 1
0.43851130684960365 0.1736347061225487 0.09520841622949476 1
0.43790069167125895 0.17398754106774295 0.0950565859112153 1
0.4387218765928271 0.1746136780925288 0.09535789453378773 1
0.43897052928990987 0.1909249390316191 0.09664746633583993 1
0.43863339055570333 0.21310827241485586 0.09597581223754482 1
0.4381878321953048 0.21927806628293506 0.09548258968985503 1
0.438110275257814 0.21938886212249858 0.09547840505413299 1
0.4381049988725384 0.2193707509176329 0.09547385645977667 1
0.4381111769110671 0.21933701134556519 0.09547382060957128 1
0.4381190369447537 0.21930898669661583 0.0954769041968683 1
0.4381454796202648 0.21926261548648557 0.09547988013647601 1
0.43816572529099557 0.2192270854873255 0.09548163732726753 1
0.43821207386950206 0.21913675045785513 0.09548552937122767 1
0.4383086277760703 0.21894953081645796 0.09548552703938994 1
0.4383087993622431 0.2189496867382472 0.0954924524776127 1
0.43830771437134136 0.2189495398173818 0.09549032973668108 1
0.43832212467032283 0.21895815695689208 0.09549699723166412 1
0.43861943585060076 0.21964540427209955 0.09556092066318617 1
0.4384306116467787 0.2201754264123508 0.09502154704619925 1
0.43827522788731665 0.22049147712093967 0.09509080777202791 1
0.4382511509903593 0.22053129785986117 0.09517047375831218 1
0.43818239150594973 0.22058259293166155 0.09572743646287403 1
0.43818900446560444 0.2205797640647776 0.09566578779316814 1
0.43819949585054363 0.2205741519250298 0.09560277157598929 1
0.4382117748811562 0.2205675921512461 0.0955145010796069 1
0.43821007195636624 0.2205313839541292 0.09497525415732151 1
0.4388964454084673 0.22027894977250168 0.11403232657457692 1
0.43889381217437956 0.22023235742955743 0.13422144742362008 1
0.4384884895502666 0.2201098655750209 0.13748404952454418 1
0.4381595120727606 0.22052351847502122 0.1375606299282184 1
0.4373331185695596 0.22070271986528045 0.12797484654247754 1
0.4372041135658314 0.22105446292495762 0.10665012389145355 1
0.4379270472127866 0.2209925762821316 0.09592518787479615 1
0.4381413146898019 0.22097707254223697 0.09611969831745987 1
0.43815191266214926 0.22094810014317176 0.09616395594555159 1
0.4381641678914746 0.22091229428553916 0.09612298265824123 1
0.4381656038448061 0.2208793831080618 0.09607798659759036 1
0.43851462451148154 0.2202336490781801 0.09663774018769043 1
0.4396873518230663 0.21916481307944508 0.09705119327421333 1
0.43972179581205173 0.21912239444047715 0.09702985063083222 1
0.4393418699256651 0.2193835116767111 0.09690917904842954 1
0.43905411269399475 0.21959017769946965 0.09681769159999305 1
0.4384648841651347 0.22033391898506216 0.09592194703643 1
0.4378666473839837 0.22122460697909496 0.0956735452624567 1
0.4378958215724618 0.22119342597386732 0.09573046306449481 1
0.43794255322721554 0.22111300953073648 0.09579430484232661 1
0.4379955646494497 0.2210186707307532 0.0958520010405429 1
0.43801452472491137 0.2209678630869379 0.09589120297596444 1
0.4380052591320394 0.22096475598650328 0.09586454603135208 1
0.4380185122428467 0.22093707665209694 0.0958724843186871 1
0.4380440024308076 0.2208954103810306 0.09587999390774968 1
0.43806767815216674 0.22084781187720243 0.09588288314171851 1
0.4381160185385504 0.220760940796222 0.09589162388240018 1
0.43822336341338947 0.22054623056339462 0.0959052408817716 1
0.43822843642531345 0.2205398195450664 0.09591954060947702 1
0.43822836502288093 0.22054654841065902 0.09592245844555455 1
0.4382271099140577 0.2205524662309604 0.09592130051902005 1
0.43822579619359664 0.22055309800219844 0.09591691961030414 1
0.4382269394816024 0.22055491273493122 0.09591849497493438 1
0.4382282721496356 0.2205572113871172 0.09591944892533331 1
0.4382133790779623 0.22058528582803066 0.09593676232337457 1
0.43746769385425505 0.2211650644531928 0.09563791887375304 1
0.43763473808836006 0.22101757237066177 0.09553192820154716 1
0.4386046379880375 0.2204086192857787 0.09602299042499685 1
0.43788185991674 0.22106091812458445 0.09672818113037912 1
0.4377089196042031 0.22090228987278468 0.09602949616777182 1
0.43780363926949095 0.2207133697545155 0.0957042052298716 1
0.4379719729854601 0.22085630711987997 0.09557539492641873 1
0.4380119422960773 0.22062779301272262 0.09557912850080537 1
0.4380918022323934 0.22057506045274236 0.09583296376297315 1
0.4380279707281223 0.22060346079302418 0.09597845468717861 1
0.43796975834109175 0.2207147546609928 0.09568361685192187 1
0.43790212221824276 0.22072962004385577 0.09588708443242933 1
0.43793139422210725 0.22097144911398103 0.09577408883265204 1
0.43831649907977915 0.22028517100504186 0.0961752722135393 1
0.43835589739892733 0.22025539665973348 0.09613102827860928 1
0.4389098523802536 0.22022595865130362 0.09652504266900164 1
0.4384243905676294 0.22010618828772277 0.0956448807250619 1
0.4380911351311498 0.2202714858605575 0.09551832346555209 1
0.4380942726467523 0.220243906386277 0.09564899799270529 1
0.438400908803629 0.22053785884538335 0.09597190393674382 1
0.438355627935381 0.22056625846966466 0.09586905601776322 1
0.4383529874483667 0.220571278097619 0.09587311078332422 1
0.4383379025393055 0.22057071194126926 0.09585180284733355 1
0.43798655081107774 0.22657789972619985 0.09610239452617474 1
0.43458416504097924 0.2512242068790398 0.09568167848018538 1
0.43196246817123407 0.2634215059851723 0.09581332807054777 1
0.43208222116740197 0.263859008401521 0.09534201480554322 1
0.43209764211045815 0.26377985892066014 0.0953690146435967 1
0.4321405758705431 0.2636659716204055 0.09540264043602731 1
0.4322750679542987 0.26343894657345623 0.09587244993087318 1
0.43222916331961925 0.26349748936482936 0.09612390529098577 1
0.43247826234995396 0.26319277136586 0.09594205234086148 1
0.4325218962180502 0.263009202849267 0.09587239258406074 1
0.43203536101991674 0.26278342990985254 0.09525550079670854 1
0.4314624042267332 0.2627555510483751 0.09522956976835105 1
0.4213264016846442 0.262166963973633 0.09575538404141322 1
0.4015594031808926 0.2605119521798468 0.09648534972455726 1
0.39203493004806816 0.2573541260984878 0.09624665172873118 1
0.39108904319501336 0.25726637587064316 0.09564860464307158 1
0.39118513273966615 0.2572602420509416 0.09565943192391274 1
0.39217571209991886 0.2658711565602858 0.09610067841487088 1
0.38805862306016936 0.2886095772574837 0.09623116700896046 1
0.38568000478976106 0.29613167844591914 0.096132715916811 1
0.38528712417856437 0.29679991901355873 0.09602694017160732 1
0.38449214953463356 0.31467782362347657 0.09558115031697723 1
0.38272499873077986 0.33196265680756576 0.09571784268346507 1
0.3818954739251659 0.3412049226194027 0.09632331298957161 1
0.38266732444491136 0.3412612043352796 0.09610111388978435 1
0.38255891766686034 0.3412569663541172 0.0960291676934159 1
0.38224369529841096 0.3412390537429184 0.09593176237459079 1
0.38225242472310766 0.3412091457899001 0.09597748531493219 1
0.38225780905494244 0.3411831568636913 0.09601162573195973 1
0.3822507630668455 0.3411433946729373 0.09607465480183826 1
0.38210051891973207 0.3410858003255858 0.09633545633323183 1
0.3821412528144488 0.3410680528897126 0.09628341156122373 1
0.3821762143425438 0.3410579857610596 0.09622723240793203 1
0.382517620781763 0.34098388591490963 0.09582985837608095 1
0.382536423694488 0.3409382268346809 0.09587500071409018 1
0.38253711996120165 0.340907019918606 0.09590994378996973 1
0.3825132515142678 0.3409047996063882 0.09595053415969124 0
0.38250502216300203 0.3409028009114232 0.0959699394438909 0
0.38248582205377796 0.3409042975318284 0.09599053184389633 0
0.3822500433949802 0.3408738003441494 0.09633294507330697 0
0.38229636139587586 0.3408736523268505 0.09629627108963887 0
0.3823374267281301 0.34088120196255456 0.0962908584632797 0
0.38236101859101285 0.34087798989610857 0.0962524351029674 0
0.38237138363896217 0.3408925636759885 0.09621028425136613 0
0.38238691303548605 0.34089100481831797 0.09619034802103776 0
0.3824066700095333 0.34089248107187303 0.09615972636446837 0
0.3823897840594114 0.3408967627096515 0.09612933029425147 0
0.38245897293830516 0.34098148592514743 0.09630513691955281 0
0.38165023271910237 0.341439646512863 0.09569139325267831 0
0.3818376549869554 0.34108880203133973 0.09631151670034707 0
0.382528066374278 0.34089398863175324 0.09672877450538378 0
0.38259469860879675 0.3408989861027574 0.0967258100474657 0
0.38261600743632435 0.3408992086722309 0.09669813214974267 0
0.3826172870624444 0.34090481652487037 0.09667886173768825 0
0.3832208185609732 0.3390460818820652 0.09622641831157948 0
0.38652891255549526 0.3202530706335448 0.09560515004976167 0
0.3889159022721909 0.31451557479855974 0.09544206206859761 0
0.3906368735727444 0.30635365986666974 0.09592140567824461 0
0.39780944552180714 0.2838861179150311 0.0967200950008889 0
0.40362679754826963 0.26336385132670426 0.09658877706212597 0
0.4093652427612103 0.24098246322216488 0.09658532199840968 0
0.41425857995088033 0.22081242676534824 0.09615829993956243 0
0.41932095048644014 0.19820333945226812 0.09529058928558334 0
0.42288537618184413 0.17873224817018135 0.0953932184502056 0
0.42384687723518666 0.1739589603600118 0.09555917314691892 0
0.4240803678916943 0.16959821501642566 0.09583137664491191 0
0.42447155677660836 0.16907952574255602 0.09580195791194397 0
0.4244701033916707 0.16909737003041472 0.09580235027460848 0
0.4244673216431092 0.16912168995093813 0.09580872934279122 0
0.42298947989222824 0.16934193224212918 0.09526571724129652 0
0.40763337866872695 0.1704695232593707 0.09569437244715868 0
0.3854200429742484 0.16966602750300602 0.09630416366769659 0
0.3726774486608621 0.16775859759564432 0.09611493966983466 0
0.37227095403156396 0.16769594970957613 0.09591294185036749 0
0.3724323157872744 0.16741209102110413 0.09590051976351688 0
0.3724932795555634 0.16740694805967238 0.09591140912749763 0
0.37273962776647657 0.16737629562663653 0.09598775019291539 0
0.37278168594706246 0.16737417524675735 0.09599091524265865 0
0.37356669644613183 0.16689368758842765 0.09594127520321208 0
0.3732958416764584 0.1666420487931205 0.09589004172048504 0
0.3730485880838009 0.16699302712801062 0.09604452271448494 0
0.37298046327796236 0.1672266451326705 0.09584776595495455 0
0.3729973653788346 0.16717837348573966 0.0960780988592636 0
0.37302570158511084 0.16736744425317335 0.0959072254515916 0
0.37306445831014573 0.16736883344537384 0.09580043853311258 0
0.37309105615978555 0.16723861610911084 0.09645218094616212 0
0.3730603390018079 0.16726253790205803 0.09620764126782892 0
0.37307235468556765 0.16727046128966128 0.09618837385842222 0
0.3729205906143795 0.16722695591844605 0.09539973145891376 0
0.37253395460075256 0.1672422460151884 0.09564207986186987 0
0.3726657740619917 0.167287299491014 0.09567675267279109 0
0.37292447951764296 0.1674318695114086 0.09592405616078137 0
0.3732038400202263 0.16734687514287266 0.0961520126992356 0
0.3730638288048189 0.1673597793306421 0.095831667702475 0
0.37306017856939366 0.16736571418910112 0.09582716585495035 0
0.3728207428145213 0.16755191919245363 0.09641547784634685 0
0.37308169681241377 0.16821566647519187 0.09649928747550267 0
0.37300784946879534 0.16770856370063292 0.09616052481551433 0
0.3727078748957297 0.16764273047864645 0.0959868311584395 0
0.37291581546506924 0.16743308962398445 0.0960969548681527 0
0.37267781875407735 0.1675611823898035 0.09578437462050257 0
0.37259216917997584 0.16734541099583086 0.09583231632539534 0
0.37292746513471037 0.1667327600076126 0.09583120428337139 0
0.37305738497776453 0.1665619172241688 0.09586085955090766 0
0.37294532575014616 0.1667087940454014 0.09582134333374237 0
0.3727688452857739 0.16705159410289044 0.09563336971077319 0
0.3729834116183982 0.16705503978263297 0.09549833277919957 0
0.37294401916460995 0.1670758872597396 0.09555833639213279 0
0.3725198025306805 0.1671072217453437 0.09602418941911504 0
0.3729271317345473 0.16728602848396235 0.09673517527789294 0
0.3725862140976918 0.16724055360032594 0.09588498189004521 0
0.37244286689086065 0.1675191540582783 0.09611888605891394 0
0.3728648904293471 0.16731013601405148 0.09654516886240314 0
0.372786261460861 0.16732480697044239 0.09614759230357116 0
0.3728805802618048 0.1670713241491501 0.09563097596022116 0
0.3728174553102931 0.16694164487540047 0.09590225378099054 0
0.3728647694089561 0.16755460106032866 0.09603963274413213 0
0.372697955194152 0.16712775107138594 0.09586482004081379 0
0.3727370827351581 0.16713418186967555 0.09583142910916348 0
0.3731691089988923 0.16699396313863185 0.096017730410939 0
0.37336473564688455 0.1670275982602345 0.09615981921157027 0
0.37322987277358316 0.16709335465397201 0.09602368024494463 0
0.3730545251061794 0.1672027035976673 0.09606102826424581 0
0.3729057378391822 0.16703682679565618 0.09612480640117967 0
0.37291132988081277 0.1671841692616693 0.09574313629857123 0
0.3722564186334433 0.16812897056004797 0.09579117338101384 0
0.3727204192580668 0.16780635489785625 0.09589604400177064 0
0.3725225708315833 0.16773015274354025 0.09596563729848595 0
0.37270653152516425 0.16731693005830595 0.09579626060824731 0
0.37269060145914634 0.1674400082012952 0.0959244421354355 0
0.37271876087602923 0.16727375809404 0.09592757683956299 0
0.3725695852702221 0.16733191767763725 0.09601460971251967 0
0.3727963402406394 0.16730668548259806 0.09589888309273585 0
0.37266304714294435 0.16723461133894885 0.09587974819571396 0
0.3728505496454067 0.16735928709961978 0.09611583174416116 0
0.37291903425987494 0.16738493032770302 0.09605075167230859 0
0.37273528898491076 0.1672766847476768 0.09605308418055776 0
0.37315901677112373 0.16721423240515895 0.096101192125379 0
0.3729366638089008 0.16716176238951613 0.09584906631278908 0
0.37329859115860714 0.16704567708938614 0.09629310680300836 0
0.3731556198685566 0.16719081512250134 0.09571741155749701 0
0.37322766722469036 0.16722731825452503 0.0958656373332888 0
0.37310224390304025 0.16711613932660718 0.09605989489329604 0
0.3731333017598605 0.16736424990224028 0.09625889567423812 0
0.3732614796199994 0.16713384942229167 0.09611532734221863 0
0.37375256967858617 0.16641760643447118 0.09622402384787959 0
0.37361019442803967 0.16636586421904212 0.0960019868389879 0
0.37348848480913177 0.1667376185810489 0.09611017113923473 0
0.3735026716360456 0.16694341072094898 0.09621193193466004 0
0.37351088704259794 0.16696828327541646 0.09630370276345199 0
0.3735046879429723 0.16702705063739337 0.09622500001462046 0
0.3736060225288039 0.1669328423597642 0.09628745508671875 0
0.3734222283469255 0.1670571129903179 0.09613666426662236 0
0.37345968881415303 0.16704438055458182 0.09614057632038815 0
0.37337120587598327 0.16723637045786824 0.09623529666357603 0
0.3733427991757063 0.16709743955295112 0.09612663644597978 0
0.37341109399945543 0.16714018500250877 0.09617058504516084 0
0.37341023548185115 0.1671562323117902 0.09615727679554462 0
0.3733750394614849 0.16706974739629488 0.0961703372474616 0
0.37342663320152114 0.16712807137696545 0.09626956893426723 0
0.3733631036338478 0.16713145426858023 0.09617812895065744 0
0.3732807435080843 0.16728016581158872 0.0962671234541024 0
0.37324455255233074 0.16729330977877518 0.09615904402531678 0
0.37234649735132497 0.16826260700066809 0.096007478702552 0
0.37254890871150736 0.1678469774223495 0.09616931725877342 0
0.37278650152621273 0.16778324801927802 0.09605928749047302 0
0.37315381748260457 0.16731328337958196 0.09630698900848064 0
0.3731863006578982 0.16729148767065583 0.09620004307118878 0
0.3731305188591718 0.16697278879058908 0.09594408755006784 0
0.3733571419690909 0.16712635642174284 0.095927434817523 0
0.37345031108242904 0.1669436697796334 0.09594693595232374 0
0.37346318058732275 0.16694064200174802 0.09597751346774948 0
0.37317125052423605 0.1590103539924031 0.09687643084968475 0
0.37283260653162126 0.13725258436452736 0.09637831699877782 0
0.3727101293153696 0.11417557345678574 0.09556822119416458 0
0.372930530847233 0.08886407019922782 0.09604426151648929 0
0.3730000998359355 0.07125077849353507 0.09609034351153364 0
0.3735146331594298 0.04854090773388503 0.0961616430684291 0
0.3760602805517315 0.026077899544397307 0.09601909293517787 0
0.37879931561000596 0.00621782254308037 0.09601826223719082 0
0.38167379798230966 -0.013655195601837242 0.09611746399535698 0
0.3850715239614662 -0.036140069245513634 0.09593914987037605 0
0.38841095144883275 -0.05613820727848352 0.0959635279082636 0
0.3917661160659863 -0.07615444827994142 0.09595888265819752 0
0.39554543905952483 -0.09871137937221068 0.09675831628468028 0
0.3994915282931015 -0.12099177130490987 0.09633142711849065 0
0.40347504453262334 -0.14327889883366474 0.09596525415967214 0
0.4074696908476048 -0.16457604079624044 0.09603854369754258 0
0.40816840410849387 -0.16815005203690503 0.09636934191158704 0
0.40812181461198205 -0.16806775497447451 0.09604525551265762 0
0.40948969838790683 -0.17356575155150084 0.096051872496084 0
0.4095171491580425 -0.1743928596349596 0.09503142544819843 0
0.4094099252032529 -0.17464630528876002 0.09541140910179749 0
0.40918689538226644 -0.17527349225307964 0.09551902563370854 0
0.4089782604969969 -0.17560962738268326 0.09561777272530142 0
0.409233689224123 -0.1752701545615346 0.09558169123147982 0
0.4090285071507238 -0.17476203015731218 0.09573107965300537 0
0.40932860099221985 -0.17474276455054227 0.09547389684923732 0
0.4093376919113326 -0.17505462151708095 0.09532463413347679 0
0.4094613433392162 -0.17510522757900837 0.09639306737971509 0
0.40923689454479073 -0.17442514237422582 0.09598374890963424 0
0.4100996769631032 -0.17386293703865263 0.09547238452865538 0
0.4100533622049918 -0.1745312221872729 0.09609808306284315 0
0.40975022037096875 -0.174609019663843 0.0959644788530855 0
0.409557339765165 -0.17491843158337572 0.09554247919174383 0
0.40913271414354563 -0.17445150502380857 0.09557306186168135 0
0.40883901825794666 -0.17503653554488627 0.09572062729069238 0
0.40879134291677427 -0.1752957681822927 0.095579873231922 0
0.40875118721867465 -0.1749439313806656 0.09564645433665953 0
0.40914900023994377 -0.1749986249076833 0.09546221894502932 0
0.4091020068822353 -0.17510149558828259 0.09539049016145008 0
0.40925741997374065 -0.17481134660413017 0.09570917008535718 0
0.4093761080534326 -0.17508511220589798 0.09568983206787898 0
0.40921944198094085 -0.17485399828530546 0.09532621411061787 0
0.40907793261450454 -0.17465666504603355 0.09561927819324698 0
0.40916398114266994 -0.17482010687538674 0.09562792896508607 0
0.40917192363976007 -0.17507603448265394 0.09621904504186082 0
0.40962492317637494 -0.17495860996851753 0.09600600502918216 0
0.4093294920108562 -0.17493402336638608 0.09611804780311607 0
0.40932593094445335 -0.1749223338095754 0.09596502131982783 0
0.4088334896222693 -0.17534624725369044 0.09588698746191854 0
0.3928376159032564 -0.18523582981546044 0.09613111701063475 0
0.3765707606113266 -0.1947253142025134 0.09634167741261151 0
0.3555341627613751 -0.20837178450473615 0.09605308229961854 0
0.3373518134998943 -0.2190200355146149 0.0964303137464046 0
0.317108782221754 -0.23171003135357862 0.09597572054491418 0
0.30163513415018545 -0.2421674234566445 0.09572224602661468 0
0.30028785338210007 -0.2437274728457291 0.09627856314570593 0
0.3002369318694592 -0.24393860961288888 0.09611794864494 0
0.3004554788694305 -0.2437474433438485 0.0961378797945008 0
0.3006570134391464 -0.24300130653735746 0.09537183104984107 0
0.3013754305253248 -0.24306742856150215 0.0959307628892429 0
0.30127391966251443 -0.2430526666173445 0.09594573230680487 0
0.3008162315542121 -0.24308819184073896 0.09593251164994124 0
0.30050672164360315 -0.24300437711198697 0.09579912863340043 0
0.30076074517376367 -0.2434532015777837 0.09562792144832226 0
0.3009561061295034 -0.24348860671798903 0.09587684779535602 0
0.30085720841132746 -0.24337118812792735 0.09601708734078049 0
0.3009087029694747 -0.24268864540593743 0.0957995239667067 0
0.3009444280089084 -0.24297013924963756 0.095883973146962 0
0.3009180288431935 -0.24349412319682445 0.09603478470317595 0
0.3010739025452163 -0.24366900136614653 0.09615604934903033 0
0.300715554000423 -0.24316747425650664 0.09625021520544963 0
0.30107338230203995 -0.24358563723819296 0.09615180841192053 0
0.3010023403300898 -0.24362821477436009 0.0964761773556411 0
0.30105526169609365 -0.2435175171166432 0.09589433356181279 0
0.30047069856980513 -0.2418734189808291 0.09556361824676911 0
0.2959427954371433 -0.2247496738362737 0.09594122186662411 0
0.2955233369994981 -0.20440360602149715 0.0962680103880573 0
0.2951382589127217 -0.20119120386470915 0.09603923169422893 0
0.2951731968181444 -0.20113070343215955 0.09603853333671877 0
0.29520072964970717 -0.20119785462682754 0.09605405455432654 0
0.29522785585257205 -0.20125832303257357 0.0960648067836083 0
0.2953411548449653 -0.20150392018488203 0.09611482365852937 0
0.2954282445559878 -0.20173446998362843 0.09614603046257233 0
0.2954274663782085 -0.20174422782858187 0.09614840108152964 0
0.29542740887470553 -0.20174107496167498 0.09614775181665394 0
0.2954260540057662 -0.20174049175334108 0.09614789339761921 0
0.2954253027038774 -0.20173996636917474 0.09614695066525203 0
0.2954249280268948 -0.20174324914892022 0.09614791263818376 0
0.2954221496941736 -0.2017399585506488 0.09614740537792343 0
0.2954212974535571 -0.20173682902267992 0.096147078578406 0
0.29555103564237883 -0.2017825930689301 0.0961765872163504 0
0.3091406839321744 -0.20198444339900684 0.0960624277979258 0
0.32953865109826325 -0.19940147852570134 0.09580632451965604 0
0.3495044840200059 -0.1976775136390454 0.09601519301858165 0
0.3547828070526496 -0.19747377117438358 0.095875060169566 0
0.3548867369625451 -0.19763029624574963 0.09597748009208555 0
0.3548068464782454 -0.19764079783488336 0.0959964250075736 0
0.35472154491229824 -0.19767363664617865 0.09600582327799168 0
0.35455813635330724 -0.1978730064738456 0.09601697099108569 0
0.3545137729728582 -0.19786933903259293 0.09603022887159054 0
0.3544723224983736 -0.1978483648159835 0.09604911062353551 0
0.3544381039713434 -0.19782958258746594 0.09605756099401855 0
0.3544154087891005 -0.19781097240211393 0.09604995922871562 0
0.3543670241354766 -0.19774678132925094 0.09601404174605022 0
0.3543199830732075 -0.19768096560339216 0.09598116019782978 0
0.35431064252302863 -0.19768957043920973 0.09597498682577205 0
0.3543151417607885 -0.19769547811136978 0.09597567580044601 0
0.3543150190005854 -0.19770586670633794 0.09597506313654461 0
0.354317137627601 -0.1977133778282752 0.0959775237397631 0
0.3543177862128999 -0.1977190949654098 0.09598042894700407 0
0.3543164255934144 -0.19772430535006408 0.09597785060961103 0
0.3543182613502903 -0.1977298193599123 0.09598124360413231 0
0.3543178756273344 -0.19773338031221835 0.09598172847418884 0
0.3543195693827582 -0.1977332098314598 0.09598154719340335 0
0.35431740527985994 -0.19773908519211825 0.09598139446653721 0
0.3543192790903979 -0.19773627281809608 0.09598221365627295 0
0.35432125537378784 -0.19773995209940165 0.09598540345670478 0
0.35431902989066955 -0.1977370359067147 0.09598291648136796 0
0.3543183982060532 -0.19773970240882133 0.09598151697103939 0
0.35432226012120493 -0.1977398113570077 0.0959828123990262 0
0.35432099933889377 -0.19773930052201272 0.09598373398066555 0
0.35432086352469194 -0.19774117708253464 0.0959816451932154 0
0.35432059362065804 -0.19773750495393683 0.09598127383907572 0
0.35432018548402655 -0.19774019550270217 0.09598236455307857 0
0.3543230478860209 -0.1977434776704102 0.09598768507133035 0
0.3543208682812341 -0.19774072507565055 0.0959837688414186 0
0.3543200883586474 -0.1977450080883303 0.09598221080214771 0
0.35431919810560353 -0.19774256930253337 0.09598406720604205 0
0.3543218996920501 -0.19774337144778864 0.09598481587557288 0
0.35431879464030436 -0.19774372501218151 0.09598284968363185 0
0.3543187595979102 -0.19774794887963743 0.09598239492130105 0
0.35432102178949304 -0.19774166743764598 0.09598295039217884 0
0.3543223303079486 -0.19774371450881362 0.09598526411190773 0
0.3543210017721553 -0.19774516140804366 0.09598295284057899 0
0.3543214702685225 -0.19774282743837102 0.09598429045210016 0
0.35432144187715686 -0.19774210530869354 0.09598582718850505 0
0.3543249047941582 -0.19774234295509252 0.09598669469258646 0
0.35432502749506617 -0.19774255890346903 0.09598630767007554 0
0.3543187237051731 -0.19774697176907424 0.09598555614247586 0
0.3543206912303598 -0.19774249575684338 0.09598489273899348 0
0.35432381326248674 -0.19774528511934664 0.09598704689204497 0
0.3543217522091657 -0.19774228083306916 0.09598470337041368 0
0.354323629140594 -0.19774600053843583 0.09598696232104367 0
0.35432145551041117 -0.19774745643878555 0.09598372351226492 0
0.35431938861253354 -0.19774672852854785 0.09598300421297859 0
0.3543205734747653 -0.19774436206611987 0.09598352292714148 0
0.35432162513604915 -0.19774995205423132 0.09598845926142681 0
0.35432093875768383 -0.19775054190744643 0.09598632167068177 0
0.3543199391309637 -0.19774645364363863 0.09598296509835169 0
0.3543211097259464 -0.19774447484886726 0.09598436238152784 0
0.3543200773475029 -0.19774801146744597 0.09597992128220338 0
0.3543188966302641 -0.19775160535368147 0.09598195273737016 0
0.35431869858010057 -0.19775033190213165 0.09598545379349202 0
0.35432048462812127 -0.19774270588462836 0.0959853789383357 0
0.3543206835254521 -0.19774967989358663 0.09598203943939727 0
0.35431906670880997 -0.1977444156796056 0.09598360397058157 0
0.3543203605156822 -0.19774715111231167 0.09598585170680617 0
0.3543194397423034 -0.19775376435070724 0.09598603557361607 0
0.3543218285302707 -0.19774702930775284 0.0959855858616791 0
0.35432097545016733 -0.19774926888736483 0.09598556844877418 0
0.3543194673558925 -0.19774599395566528 0.09598429112876045 0
0.35432392328536894 -0.19774464772119985 0.09598585348843322 0
0.35432040210260174 -0.1977473831853862 0.09598713133839028 0
0.3543215501653884 -0.1977455073743906 0.0959845221614156 0
0.3543223500233306 -0.19774944705894548 0.09598482126740826 0
0.3543174822499747 -0.19774575420519208 0.09598610205032261 0
0.35432034444346305 -0.1977460833567099 0.09598595368818413 0
0.354319888658638 -0.19774523906736108 0.09598429112876045 0
0.35432129237280685 -0.1977443848525593 0.09598595368818413 0
0.3543208772714853 -0.19774325103301169 0.09598511759381305 0
0.3543215929669128 -0.1977430433857974 0.09598390342713801 0
0.3543223444012279 -0.19774964895758013 0.09598522337729835 0
0.35432264427816473 -0.19774556256501225 0.09598491971525462 0
0.35418001302201885 -0.1986955113229415 0.09662445453648175 0
0.35518693858568395 -0.19906189993033635 0.09619273676202965 0
0.3709296686027812 -0.20666758236481328 0.09507979059899135 0
0.38286634126085517 -0.21250731311718696 0.09546245344763105 0
0.3835736936755484 -0.2129105618067399 0.0955706273936469 0
0.38607440197693027 -0.21531740421982595 0.09662061587236756 0
0.3874284862674656 -0.21623589858433873 0.09611784946390094 0
0.3874777414367117 -0.21618862768325553 0.09639965097018002 0
0.38734962204684886 -0.21602545865914602 0.09610221845338243 0
0.3870368203661962 -0.2157073304291124 0.09594273329430067 0
0.3868680739865318 -0.21564633934802496 0.09579883975208006 0
0.38696991421686033 -0.21565520952077155 0.09595237079678078 0
0.3868426469171339 -0.21553487346838313 0.09571876027758364 0
0.38682165945354197 -0.21563039811610668 0.09579611399745938 0
0.3869251460223299 -0.21549317060997109 0.09585024575206917 0
0.3867945953198557 -0.21517649272664635 0.0960136824341185 0
0.38676829316462524 -0.2153289612572868 0.09536726712813083 0
0.3865731205818365 -0.2150422356737089 0.0956032840783712 0
0.3876833619768414 -0.21472350339689036 0.09604888322822377 0
0.38736704532852617 -0.21514143761064414 0.09579733579384896 0
0.38738555523995005 -0.21525090848968095 0.09593885990470667 0
0.3872419349864379 -0.21544241960483035 0.09624732892704646 0
0.38693770611599293 -0.2150915593804889 0.09601746919611263 0
0.38198731035403577 -0.20683372121767873 0.09682334928679698 0
0.3812538735125106 -0.20708194044038208 0.09578552394492514 0
0.38119677093212656 -0.20689927541928993 0.0955344348057463 0
0.381335757545488 -0.2070200456827591 0.0956285647674387 0
0.3813732289350368 -0.20692539160425613 0.09577167015002253 0
0.381407301536459 -0.20671896742000323 0.09597336744848957 0
0.38160169827155976 -0.20698915436290016 0.0960836946416799 0
0.38169988536992094 -0.20742199850003065 0.0957685396995756 0
0.3817395163918258 -0.20730974897548146 0.09579647098920402 0
0.38187042746240624 -0.20702231573748864 0.09582062822142098 0
0.3818736171685317 -0.20697754238484056 0.09584040917406215 0
0.3818646204913383 -0.20696112081152299 0.09585796310481487 0
0.3818540707994855 -0.20693985634332804 0.09587143351724679 0
0.38185274826510646 -0.2069350137763441 0.0958779505654812 0
0.3818406069843754 -0.20693290770515935 0.09587830257216663 0
0.381833340825599 -0.2069323791836153 0.09587492883867185 0
0.38182754593668483 -0.20694303323917518 0.09587771823233068 0
0.38181815326986773 -0.20694372772715827 0.09587438675072829 0
0.3818179351979252 -0.20695211240979577 0.09587262971635191 0
0.38181422070758414 -0.20695490513424983 0.09587537810343374 0
0.381808790975272 -0.20696514480395317 0.09587438186822228 0
0.3818062068267589 -0.20696531410319885 0.0958751834933218 0
0.38195693183206403 -0.20675105541354052 0.0957917931517119 0
0.3821538024824475 -0.20705393212597106 0.09607860021092857 0
0.38188429920688927 -0.206889669968988 0.09595299061635275 0
0.38151148117770917 -0.20644678176642772 0.09549340103451734 0
0.3815581720882781 -0.20677604421191734 0.09582320219869901 0
0.38165186313337185 -0.20685760111906767 0.09601420233451036 0
0.37536787202374977 -0.20739367215808124 0.09544088198637957 0
0.3568029305213206 -0.2164858867822005 0.09612178405769825 0
0.33771492563628386 -0.2264871327417011 0.09614145831727727 0
0.31838814911236746 -0.23653917678159717 0.09607850400542588 0
0.29982716622759237 -0.2459526796252869 0.0958325478565448 0
0.2958129325488673 -0.24918901492739604 0.09621320172747388 0
0.29588390235086104 -0.24915844511483987 0.09619594578293092 0
0.2958526748703123 -0.2490891883092694 0.09587215529976095 0
0.29621781638642863 -0.24852211916315387 0.09598754243629312 0
0.2962697070907367 -0.2487465273649043 0.09613158185978346 0
0.2964898753783737 -0.24908284214431087 0.09620170022425618 0
0.2963416192960724 -0.24777453889831952 0.09601171713796011 0
0.2904872389427715 -0.23003250018708682 0.09634012147932193 0
0.28299571342510654 -0.20732866461932065 0.09617721444827858 0
0.27981417938324404 -0.1948257580029633 0.09649410784460363 0
0.279688623276089 -0.19460713005153257 0.09637966681451463 0
0.27969095314773834 -0.19465400239058056 0.0962878893196829 0
0.2798366041184078 -0.19511749899719408 0.09625501005538532 0
0.2798624154557051 -0.19523301392137482 0.09625709205311561 0
0.27985660414997265 -0.19522542901279794 0.09618550676319872 0
0.2798632972499786 -0.19529614555479563 0.09616773337075227 0
0.27990962672557995 -0.1954332412203822 0.0961813041317807 0
0.2798992294450875 -0.19544746708958785 0.09618278820723078 0
0.2798960436181759 -0.19544760397735877 0.09618485201523222 0
0.27989008502545065 -0.19543779503264175 0.09617981340904866 0
0.279663796857587 -0.1961947491598806 0.09646759238387989 0
0.27969297798332926 -0.1959244901407361 0.09627631932397042 0
0.27968577222696756 -0.19537014326999635 0.09634463758672913 0
0.2795919107997671 -0.19492320884601566 0.09616948779369823 0
0.2794506903094137 -0.19503211651028737 0.09609502346782375 0
0.2795473981078986 -0.19509770341954888 0.09608934060423631 0
0.2795064199973176 -0.19494631654544606 0.0961736429713021 0
0.27939114013856264 -0.1948561840380276 0.09617602415987617 0
0.27959596360612693 -0.1951830931359985 0.09632304640581257 0
0.27929545466441086 -0.19477659062406297 0.09598063668583992 0
0.27968342310467115 -0.19509268619419484 0.09640498064378637 0
0.27958056430568035 -0.19509359874584997 0.09637382663531818 0
0.27954311840820867 -0.19486491847204856 0.09629427470821411 0
0.2794192241414261 -0.19476664622053544 0.09630425452915879 0
0.2795939649839952 -0.19480734772580083 0.09622970406149847 0
0.2796355496687751 -0.19499214866284917 0.09634262077293679 0
0.2793200444969107 -0.19465665014679032 0.09615326421521803 0
0.2795884033739113 -0.19501034882029744 0.09637821106602375 0
0.2792362484337644 -0.19458472469149057 0.09607100134616925 0
0.2794775740941358 -0.19469201512843048 0.09628163710316844 0
0.2793800238303031 -0.1947230101350461 0.0962491137883088 0
0.27936103305033394 -0.1945361382862185 0.09618629721097792 0
0.27944991912617206 -0.19181105074403354 0.0963235640837118 0
0.2794165048324572 -0.18826283313122716 0.09622761414325055 0
0.2789664323331267 -0.18707795418983944 0.09591778013459966 0
0.27882392400215567 -0.1868283361488249 0.09586823961315946 0
0.2788592194363687 -0.18694351688384148 0.0963381176568982 0
0.27898435026688717 -0.18695303833163301 0.09621343406501193 0
0.2790193751686936 -0.18719000236061953 0.09618505294954599 0
0.2790126426880503 -0.18719063664445718 0.09612875976102467 0
0.27920401741167633 -0.18733450061078866 0.09621908534448073 0
0.2790843566017197 -0.18740306901475903 0.09624483016184315 0
0.2791059212102625 -0.18735279205950645 0.0962509450900107 0
0.2792673579629283 -0.1873201094230312 0.09627389860588795 0
0.27906381064991737 -0.18738963267007924 0.09623270145924673 0
0.2793758443087349 -0.18736449472654096 0.09623392129388009 0
0.279391057687963 -0.18762195110666632 0.09632044597971753 0
0.2794711714035524 -0.18732690535006516 0.09629011136048171 0
0.2793187509902079 -0.18726031133164053 0.09621375194319826 0
0.2793388341393852 -0.1875343526868318 0.09627380197444481 0
0.2795221091283108 -0.18739398949786598 0.09622705765290858 0
0.2793675927056641 -0.18730011511613762 0.09611868193143146 0
0.27937512809552195 -0.18751668794097753 0.09626391709113322 0
0.2794959297889449 -0.1877455459154194 0.09630448809744531 0
0.2795107195934554 -0.18765537824217185 0.09631367053357402 0
0.27942024406321625 -0.18755398251198951 0.09622796935279236 0
0.27942744804761466 -0.18767414298931934 0.09627308114040017 0
0.27951385390088995 -0.1877170144867792 0.0963015404989551 0
0.2795311235884438 -0.18738097656049202 0.09610624048487942 0
0.2796204232805064 -0.18749208334415307 0.09613612333770054 0
0.2793601959256766 -0.18736680817219645 0.0959132307289224 0
0.27969279008117387 -0.18757380931735063 0.0963056600305938 0
0.27980810604038786 -0.187556811698537 0.09627847904768605 0
0.2798034874951869 -0.18756000392626043 0.09627249219991552 0
0.27977946676384813 -0.1875585073572565 0.09625568836654011 0
0.27975134942815166 -0.187556642958349 0.096240449118258 0
0.27963117968175966 -0.18754722178544397 0.09620987302249293 0
0.279611173709587 -0.18754534762296307 0.09620140331843799 0
0.2795996468331568 -0.18754330011335663 0.09619624324880995 0
0.2795861346692386 -0.18754898560948863 0.09619315525108317 0
0.2795723400494524 -0.18754650331062045 0.09619159096872267 0
0.27957057955207343 -0.1875498406996432 0.09618864973376977 0
0.27955942526773137 -0.18754625701358216 0.09618685181042087 0
0.2795525280794897 -0.1875484456035255 0.0961832207541737 0
0.27954388398306873 -0.1875502129864941 0.09618506450339992 0
0.2795398060315121 -0.18755256368651257 0.09618461065295726 0
0.27953857284445865 -0.1875533164578694 0.09618037027264226 0
0.2792472526581981 -0.18708814149797356 0.09581339081329984 0
0.2787166831464588 -0.1869860078131615 0.09558455743422763 0
0.2795764317472515 -0.18728467186660433 0.09613769616930266 0
0.27922912050655163 -0.18747963421929228 0.09626653668627634 0
0.27942661254131884 -0.18734869465295637 0.09655268166044302 0
0.27906369708021644 -0.1885512852850279 0.09559688530522696 0
0.2795397102199232 -0.1880912576884393 0.09630005410342912 0
0.2798826797093848 -0.18753738594118877 0.09604417687914481 0
0.2794721292166401 -0.18793278223571086 0.09617491360814434 0
0.2795784818634513 -0.18777830560928813 0.09626798099362407 0
0.279618439651343 -0.18758016785846784 0.09635214064167791 0
0.2794201726705662 -0.18774385273456423 0.09640065293836342 0
0.27945819825209867 -0.1875650716881915 0.0961336067690975 0
0.2799460820912994 -0.18756175024720578 0.09657326634220192 0
0.2798499953780803 -0.18759279354750708 0.09610279755997472 0
0.2795736881471528 -0.18751117203658121 0.09612138588268132 0
0.2795321661083459 -0.18751083471393853 0.09614336369334792 0
0.279598451571308 -0.18793858407347855 0.09637656355747226 0
0.27986019136275203 -0.18750699142783683 0.09591579655387053 0
0.2797801191967557 -0.18759111582980625 0.09605261220109514 0
0.27983711921601234 -0.18772458805118936 0.09618050664560142 0
0.27995349396848324 -0.1878038028236339 0.09611339364921062 0
0.27964489382723456 -0.18767253822624375 0.09634136760146937 0
0.2797808496997602 -0.18778350292376209 0.09627721093835595 0
0.27995624284499737 -0.18773881416782084 0.09597453977688458 0
0.2795299274130442 -0.1876865308916342 0.09624564875394143 0
0.2797223663391513 -0.18780129196922193 0.09632258363568388 0
0.2794458258030302 -0.18781277809922853 0.09623310238743493 0
0.27943254384331423 -0.1878065177437663 0.09622703964079773 0
0.27943279447529196 -0.18780154897573448 0.09622066625692408 0
0.2794363111115524 -0.18780146249647725 0.09621734567841395 0
0.2794450332126527 -0.18780388474260826 0.09621961951538875 0
0.2794532036646524 -0.18780067011510834 0.09621837535969188 0
0.2794697486759198 -0.18780119227708203 0.09621825368631537 0
0.2794963035625234 -0.18779988082303078 0.09621930834738103 0
0.27953208125967705 -0.18779951073044387 0.09622043967288002 0
0.2795754350121316 -0.18779430849941361 0.09622063934805525 0
0.2796097597492708 -0.18779333374830176 0.09622428883072004 0
0.2796131607228789 -0.18779199762746746 0.09622365588825563 0
0.27960717781762107 -0.18779537869871282 0.09622409969159619 0
0.2796047563518801 -0.18779725174588213 0.09622343147866264 0
0.27960508077657364 -0.1877990469853263 0.0962241980243492 0
0.2796027730555649 -0.1878002523253352 0.09622407041549175 0
0.27960231023506055 -0.18779995273186528 0.09622452128957174 0
0.2796030406011897 -0.18780166618010313 0.09622411997144639 0
0.27960054205836693 -0.18780142187315157 0.09622579570299247 0
0.2795975857565986 -0.18780143422699935 0.09622349134277472 0
0.27959786501665634 -0.18780378291882144 0.09622478302971565 0
0.2795948601844582 -0.18780423001120808 0.09622149828955084 0
0.27959777991782786 -0.18780387254628 0.09622445047718664 0
0.27958779458028804 -0.18781170749436926 0.0962267045019694 0
0.27958338194994264 -0.18781112818832457 0.09622309223910616 0
0.27958797621191295 -0.18781175770674166 0.09622419764054622 0
0.279585468144421 -0.18781148479877935 0.09622562825013942 0
0.2795838611017655 -0.1878143452606147 0.096223392604242 0
0.27958004756133115 -0.18781153874919923 0.09622466203091756 0
0.2795833984111478 -0.18781289938721513 0.09622388933995377 0
0.279583913257864 -0.18781068859939842 0.09622245296986809 0
0.27958280199440794 -0.18781205294083672 0.09622311053206287 0
0.27958034030449547 -0.18781425896466036 0.09622253234937178 0
0.2795800373278593 -0.1878145126516877 0.09622442822043087 0
0.27957612560041933 -0.18781074945094012 0.09622339131646573 0
0.27957977482715607 -0.18781179845011647 0.09622367226559972 0
0.27958067697079925 -0.18781127740680337 0.09622382461467485 0
0.27958285985866793 -0.1878156436206146 0.09622543868414263 0
0.27958579356424695 -0.1878099598814187 0.09622155470811627 0
0.279584309660237 -0.1878082987467672 0.09622250132580511 0
0.27958191239817265 -0.18781381584416934 0.09622646999336495 0
0.2795847826440445 -0.1878116118084317 0.09622206342289735 0
0.279582869103987 -0.18781188545643657 0.09622382709406305 0
0.2795837698126562 -0.1878114538706684 0.09622190734645153 0
0.2795813254143964 -0.1878112742560084 0.09622213733863307 0
0.27958048359463855 -0.18781097081104928 0.09622332478325948 0
0.2795832016152019 -0.18781331341366012 0.09622316775801892 0
0.27958236430862415 -0.18781287925649165 0.0962254472268965 0
0.27958302101692917 -0.18781266031991845 0.09622156283458874 0
0.2795812617284318 -0.18781118097623214 0.09622333798328461 0
0.2795823773692581 -0.187812000888293 0.09622496238134898 0
0.2795861861672412 -0.1878102691127243 0.0962247293528462 0
0.2795812985097962 -0.18781215377652952 0.09622689437384901 0
0.2795846435829892 -0.18781190180928262 0.09622474463103486 0
0.27971079727481984 -0.18777363015015325 0.0962306427576667 0
0.27939479868064443 -0.18723716420764805 0.09603746189079007 0
0.2794284392635603 -0.18752176367762347 0.09621863628499372 0
0.2792464099896308 -0.18767485854993993 0.09627274137723044 0
0.2797202202013036 -0.18781280168512896 0.09650891020290935 0
0.2797565432111908 -0.1878151932243295 0.09641798736124847 0
0.2798299680766 -0.18787026224473438 0.09565960777160085 0
0.27945166513961883 -0.18808358118204194 0.09602609710788276 0
0.27953313592156304 -0.18796531788203263 0.09620348235697573 0
0.27950255913267763 -0.18783702346660938 0.09621613305180574 0
0.27938555665999576 -0.18788262918768922 0.09619894115400651 0
0.27932460753748656 -0.18772860798147115 0.09620140358576872 0
0.27940021235822354 -0.18793698007723922 0.09629915915718851 0
0.2795044489162538 -0.18780288073505066 0.09633087534692862 0
0.27952960291083545 -0.18766341528759625 0.09630392322026093 0
0.2792251286685502 -0.18781934778350334 0.09618900623734379 0
0.2790622811413754 -0.18784495805538537 0.09620147288867885 0
0.27906072023276274 -0.18784401758567848 0.09620818810087943 0
0.28667367365558283 -0.1874930266295417 0.09631425301660163 0
0.3076682937638223 -0.18717658726911218 0.09599944176737275 0
0.3277770951245049 -0.18731518324416122 0.09577447082099869 0
0.3439197982845107 -0.18754708341475185 0.09638083682634213 0
0.34839134222973345 -0.1876081700021759 0.09642198370127524 0
0.3479447157488418 -0.1880134165667413 0.0961627620764577 0
0.3469970320295946 -0.1884187647136969 0.09559490758224398 0
0.34746115150109125 -0.18815138425526823 0.09592694272311159 0
0.3476713370727713 -0.18783657838713042 0.09638071152504618 0
0.3477899010124275 -0.1876774765530631 0.09625802824884344 0
0.3477970242946866 -0.1876667303313333 0.09622867025276638 0
0.3487841134494406 -0.18767257794289663 0.10415796836988536 0
0.3482785746118535 -0.18789982797852775 0.1267070751403834 0
0.34770841743071057 -0.18795289383755706 0.14247533132670911 0
0.34724308935758846 -0.18800817419680466 0.14390261646200314 0
0.3473039737807062 -0.1879889433012088 0.14385409093503665 0
0.3473894790401244 -0.1879651963017778 0.14377572575771153 0
0.34780076607699023 -0.18786506927318275 0.14333722333479773 0
0.3477834574638561 -0.18786246919077454 0.1433761429622745 0
0.34775520373639285 -0.18786564123834085 0.1434224657100939 0
0.3476253880515273 -0.18788441964919272 0.14358688365435857 0
0.3473927958358368 -0.1879261919653109 0.14386847570005212 0
0.347457200862867 -0.18790857088590557 0.14381431140873702 0
0.34788608808622845 -0.18781749130843717 0.1433232527543589 0
0.34786309961383705 -0.1878241177608524 0.14336199482083783 0
0.3478347551201418 -0.18782551839190287 0.1434016451311849 0
0.34778998461781924 -0.18783192747614352 0.1434542789591086 0
0.3473998448999633 -0.18791026131529134 0.1439033810718519 0
0.34848951491748215 -0.19154899738029432 0.14336637864369428 0
0.3482826306692553 -0.21387914908168434 0.14367299067118075 0
0.34721143272539934 -0.22916948646249924 0.14361036764969592 0
0.3473279573936801 -0.22999267023881909 0.14364818906142288 0
0.3472759911821143 -0.23001158785072273 0.14341146005503888 0
0.347291850803658 -0.22998158176077377 0.14341189891918193 0
0.3477551708082862 -0.23005995303266558 0.15129692666804676 0
0.3474617092495866 -0.22991385624847765 0.1736024739396399 0
0.3472358013169383 -0.22981915782514734 0.1828254590039589 0
0.34725112990273876 -0.22983289902705556 0.18386308653414069 0
0.3481244332579669 -0.2296999161623387 0.1782070052476438 0
0.3482001155367598 -0.22954820896941056 0.15937242642519003 0
0.3477129541587398 -0.22952515620120328 0.15579637555270096 0
0.34775243305386705 -0.22954504397817838 0.1558455283638327 0
0.34775597090226673 -0.22954831469901954 0.155868651974859 0
0.3477448394397212 -0.22954937797724606 0.15587397634745473 0
0.3477387798636852 -0.22955787388618798 0.15588214052902477 0
0.3477330799514767 -0.22956255010670995 0.15588736849306412 0
0.34773125899398805 -0.22955992864494146 0.15589085169656147 0
0.34772668991237665 -0.2295619520402009 0.1558931356602817 0
0.34772445252766676 -0.22956713848127613 0.15589624176629044 0
0.34772001707653577 -0.22957008690858846 0.15589620828442485 0
0.34772042876694587 -0.22956859088639048 0.15589236093398826 0
0.3477145320427018 -0.22956855482722055 0.15589789511470026 0
0.347715695031246 -0.22956883669090794 0.15589570789652493 0
0.34771405993243415 -0.2295694208695676 0.15589487409520247 0
0.3477117934171079 -0.2295705132936099 0.15589391681337228 0
0.3477147092160753 -0.22957081131010276 0.15589562417269756 0
0.34770990368071386 -0.22957181644554142 0.1558945659479753 0
0.3477097121674041 -0.22957331589825697 0.1558944595658382 0
0.3477096465778265 -0.22957182240920285 0.15589589485999483 0
0.34771054695849013 -0.22957098088506078 0.15589493059041526 0
0.3477122276278669 -0.2295726564479723 0.15589808612624353 0
0.3477102227564267 -0.22957217461682639 0.15589684371910445 0
0.34771403306029214 -0.22957344553028178 0.1558960974063343 0
0.3477057474312558 -0.2295738793791233 0.15589113623444756 0
0.3477055475922982 -0.2295777531218971 0.155895165575961 0
0.3477072066040325 -0.22957395893986232 0.15589654401010866 0
0.3477037079022958 -0.2295775764494603 0.155894802813836 0
0.34771004310493936 -0.22957338138836114 0.15589455368720398 0
0.3477067191435224 -0.22956973724140764 0.15589313696220275 0
0.34770831350269416 -0.22957349459980186 0.1558949832550146 0
0.3477080217447883 -0.2295755082362846 0.15589684371910445 0
0.34759518563925357 -0.2295888697828291 0.15585896405656124 0
0.3475854454805325 -0.22958860309319562 0.15585915188637592 0
0.3475865355593428 -0.2295901917862384 0.15586365858792522 0
0.34756323691290403 -0.22959263418723647 0.15584901944265428 0
0.3475703830950102 -0.22958645333320477 0.15584867555733767 0
0.3475737809052906 -0.22958555433193928 0.15585095320850587 0
0.34757418678565055 -0.22958787791422142 0.15585161232909045 0
0.34758061834032195 -0.22958607008861814 0.1558528687491686 0
0.34758226409351295 -0.2295884381740842 0.15585484511417946 0
0.34758743186210816 -0.22958465358412755 0.15585512206727126 0
0.347590410302771 -0.22958846881561384 0.15585795431524813 0
0.3475938627276237 -0.22958601718908903 0.15585670863827647 0
0.3475963408795442 -0.22958647157347128 0.1558608291789231 0
0.34759884482589987 -0.22958768894380321 0.155860844002816 0
0.34760316303484895 -0.22958675223634845 0.15586588622302094 0
0.34760489341278755 -0.22958565433343875 0.1558642681385544 0
