0.43866009656735067 0.19363762710697674 0.4480089360011366 1
0.438629554330777 0.19375131581268357 0.447827169793735 1
0.43882748280259487 0.1935131764061419 0.4479466791944811 1
0.44340200255815765 0.1935383661151792 0.44650395354498856 1
0.4498615061051306 0.1934131033185984 0.4474040631639974 1
0.47047027914759404 0.19005608056786744 0.4463300836951855 1
0.4873536584698929 0.1848815767576154 0.4470644033106739 1
0.49481999270986604 0.1784742401948224 0.44793185784857537 1
0.49512004905618623 0.17612331965915262 0.44836978820376994 1
0.4950915140931413 0.17579857682682468 0.4475096573184379 1
0.494998033989935 0.17585620694690218 0.4479014170968227 1
0.4950290143896244 0.17585211818875532 0.4479667693782403 1
0.4954607656426552 0.1761457917983541 0.4376692935675311 1
0.49496310885574635 0.1765082107768756 0.4151562899852008 1
0.4950225094549621 0.17617595777457137 0.3924918687420962 1
0.4948932654600737 0.17603898471243323 0.36982934562188446 1
0.4947650729398953 0.17609572311310195 0.34741346030391723 1
0.4948019612374788 0.1759820091702825 0.32478873640506956 1
0.494863906787593 0.17617354283696918 0.3051040545727098 1
0.49447534057618625 0.1764059397237224 0.2842665597248364 1
0.49460015845612926 0.17582870347859192 0.262219756047239 1
0.49459039331881216 0.17580430009828113 0.2419273367085416 1
0.49465174454690464 0.17588042688835664 0.22260752744675488 1
0.49457856430372227 0.1759798249352524 0.20222368046240954 1
0.49475007401311066 0.1759277787850404 0.1827210837229294 1
0.4945541707126778 0.17600433295494358 0.16026732649050124 1
0.49446848615716393 0.17603238429433438 0.13779246365001102 1
0.49460245550493004 0.17607926752204411 0.1306889517194665 1
0.49492014882005286 0.17630380499775383 0.1307838362240214 1
0.4946628144634087 0.18536089181252668 0.13091339951687647 1
0.49458511757072915 0.20002950125319657 0.13034883397158556 1
0.49490623933730826 0.21662635474370195 0.1306677321229279 1
0.49432691062755907 0.22685100931304064 0.13071929792205217 1
0.4943194902023112 0.22683388934195997 0.1307053457037843 1
0.4943181169424018 0.226752772926501 0.13058327170962597 1
0.4936082946819289 0.22672173805175572 0.11406603374508165 1
0.49339090843503564 0.2266429729081206 0.09603875495860426 1
0.4943556645272481 0.22638408324400014 0.09582091732748889 1
0.4944559269860185 0.22620754740507476 0.09581899586028497 1
0.49445425486487415 0.2262042998512258 0.09579941732027711 1
0.49445119085319816 0.22621044299337947 0.09579442717309979 1
0.4946161958547011 0.22633054250895768 0.09622376954926928 1
0.494524534626172 0.2263291614160857 0.09535322282821282 1
0.4944927252027819 0.22631878431718583 0.09545349823179855 1
0.49446774065200105 0.22631702731128353 0.09544737743118123 1
0.4944603057141325 0.22631146833276997 0.09546025304515109 1
0.4944535544420548 0.22631057167930815 0.09547490786549637 1
0.49380589682408516 0.22643263113282489 0.0950167807290592 1
0.4942787619202772 0.22657733700536561 0.09563921428734404 1
0.4945191287658079 0.2262762836668747 0.09533809961778118 1
0.49412825598889965 0.226367333663344 0.09509006221456644 1
0.4943226119483083 0.22638737404902043 0.09544132308191589 1
0.4945504087021484 0.2260100717337416 0.09561178132965441 1
0.4943785415184737 0.2260040217232487 0.09558738497608611 1
0.49458184203122685 0.22575970076756458 0.0953929700000468 1
0.4944548550434637 0.2256601647526429 0.09545021950781604 1
0.49410830210088136 0.22594862477600458 0.09538867266387353 1
0.493982456730262 0.2261068080290879 0.09532380627883698 1
0.4945257253755976 0.22658477997042387 0.09557953214629003 1
0.494475013095149 0.23623541475435617 0.09567955831997178 1
0.4937427265381481 0.24805362261007285 0.09543703950483824 1
0.4943104214978382 0.24821620479795992 0.09595238389350115 1
0.4942395036796601 0.24820297462667987 0.09558812250636757 1
0.49427281134906836 0.24820476782880546 0.09555358588006375 1
0.49443846015288434 0.25161757420163716 0.09532867952404281 1
0.4965109991832566 0.2592869991854308 0.0950787448405733 1
0.4981655346938269 0.2630216977109535 0.09534577568137309 1
0.4986232466124155 0.2630522511142074 0.09587683458274464 1
0.49860145098316455 0.2630430535262855 0.09584295591262347 1
0.4985830750802073 0.263023355842282 0.09581037477863205 1
0.49856932968509576 0.263000273999113 0.09578685272755187 1
0.4985651743661811 0.2629635671430262 0.09575970860898184 1
0.49858220551946464 0.2629073731306404 0.09574441820809534 1
0.49860475514123076 0.2628405349215613 0.0957238722587527 1
0.4986062377470305 0.26281250441412074 0.09570885630382875 1
0.49859320046223937 0.2627955237205936 0.09568023899094844 1
0.49857732076387784 0.2627850724919802 0.09565313072585997 1
0.49855862358569925 0.2627787165216086 0.09562552404881235 1
0.49855286466404913 0.26277802807108364 0.09561680040484262 1
0.49855857777284646 0.262769988035378 0.09561524031506519 1
0.4985524663181833 0.2627756300440169 0.09561819136406124 1
0.4985591889783945 0.2627685864564798 0.09561441752649014 1
0.49855701257268853 0.26276880749351933 0.09561898637429739 1
0.4985551156560573 0.26277321435016876 0.09561903253822931 1
0.4985609302776199 0.2627692942131563 0.09561973852357895 1
0.4985588116421042 0.2627707354556919 0.09561873688046864 1
0.49856341782530234 0.2627645780519433 0.09561920368711814 1
0.49856016063114766 0.26276539461559323 0.09561916422227107 1
0.49856588077264863 0.2627590867252598 0.0956236697796137 1
0.49862751044323966 0.2626780427844091 0.09560601851867481 0
0.4986276088303434 0.26267881116070296 0.09560797671488314 0
0.4984682483412022 0.2627176830124076 0.09543931555717627 0
0.49849107763402256 0.26272107320093274 0.09545822094718118 0
0.4985147701233512 0.2627110103075029 0.09547520549440627 0
0.49852510817735635 0.26270770870875615 0.09548812530459305 0
0.4985321799678719 0.2627099825414236 0.09549649811304328 0
0.49853702096590924 0.26271452937784284 0.09550457382132907 0
0.49854106297549916 0.26271270849847816 0.0955043294723161 0
0.49854927839558566 0.26270527290299867 0.09550634586199741 0
0.49863999914386853 0.26264264893447564 0.09518999733910583 0
0.4990850391093703 0.26250801155039605 0.09583801949388628 0
0.4992485058755692 0.26223813100466264 0.09622258533822914 0
0.49861926737200407 0.26235618576303577 0.09574773210157027 0
0.4986322475334637 0.2623935429926211 0.09561301189041475 0
0.4960154202113564 0.262192674881602 0.09526243565544712 0
0.4847327740279863 0.25984752602205846 0.09559835869518715 0
0.47610839633228197 0.25529974534265004 0.09541777816111337 0
0.47417137149316324 0.2546618921543063 0.09537838603581049 0
0.474343881564188 0.2543846375652331 0.09542633519768269 0
0.4744815117296722 0.2541824102265561 0.0954305326122659 0
0.47450554907615283 0.25418656899868397 0.09544158221505275 0
0.47453477502369734 0.25419138047077317 0.09544460185713632 0
0.4751464866358777 0.2540705305361952 0.09555482349400084 0
0.47536287246056014 0.2538192842797417 0.09591223593196338 0
0.47573297600171766 0.2535285909800055 0.0961569437198736 0
0.47554990648882517 0.25382076504223683 0.09646101274785433 0
0.47527562785200395 0.2541409207983808 0.09636338654432557 0
0.474991368452984 0.2542288503643519 0.09607538953727106 0
0.4699875860519694 0.25434513592592906 0.09606830509993057 0
0.468039726670351 0.25433021721684174 0.0959796621427936 0
0.46791588926172833 0.2543191156361585 0.09586211111844584 0
0.4679150912152692 0.25431423267787256 0.0958488964777025 0
0.46792797692434185 0.2543090399830093 0.09585807971167062 0
0.4679421007080457 0.2543114772430285 0.0958706511536584 0
0.4678574747786205 0.2540992719824052 0.09828851306230132 0
0.46822993978876704 0.253843911332807 0.1204106576598556 0
0.4681610446946432 0.25383000057775285 0.13393028141510363 0
0.46761082997170395 0.2538252048174695 0.13491927587523914 0
0.4681376435548056 0.25379803233362497 0.15508803105212524 0
0.4679431151190292 0.25405900651749835 0.1778880473276397 0
0.4677356653998671 0.2539088613559308 0.1976160141078216 0
0.4679082076012929 0.25374876529201973 0.2198353373672837 0
0.4679145644202358 0.2542555039615948 0.23845327406879652 0
0.467993130056422 0.2540643635896416 0.24016175550600766 0
0.468000912540759 0.25407526512198464 0.24019081642461662 0
0.4679299735652697 0.2542615666079916 0.24057815795585033 0
0.4674293495958177 0.255253761040554 0.24047147846937744 0
0.46755136761743205 0.2549681580773799 0.2401841646102828 0
0.46783447752487517 0.25454820464098926 0.24059034056707052 0
0.4678630963810961 0.254502644322701 0.24055132385680095 0
0.467897596283645 0.2544689134947575 0.2404884257838519 0
0.4680775560787007 0.25438287070354976 0.24027638650720431 0
0.4682629733442509 0.25428796562529765 0.24007132105057433 0
0.4682127592980268 0.2543017471995249 0.2401230901639527 0
0.46781341248464026 0.2544755731064715 0.2405712129826461 0
0.46800491595028093 0.25445052173614907 0.24043236813158028 0
0.46789403673375823 0.25426458935441837 0.24016623391538755 0
0.4680903944512322 0.25420522571142457 0.240294594527661 0
0.468032289025129 0.25177275256736636 0.24011965706940888 0
0.4707440817378051 0.23212350729395054 0.2406394270237033 0
0.4732123327952078 0.21281758370223375 0.24041794025723862 0
0.4768344340060909 0.1902637115758718 0.24034702958059728 0
0.48046320827610045 0.16778713354391836 0.2405318962156233 0
0.4841017744819965 0.14543516824186198 0.2404468474572402 0
0.4870960451222253 0.12592120122399986 0.2403532526936748 0
0.4905405132127593 0.10600517301756976 0.24052321171554522 0
0.4936130393834707 0.08663546725120473 0.24049796131505158 0
0.49741555819333616 0.06471794497523603 0.24019997782388433 0
0.5009859241681366 0.04318290006524905 0.2400846964469339 0
0.5048699093644363 0.021420340567909174 0.24023249303247526 0
0.5088732880417681 -0.00010527207881387557 0.23983025105744474 0
0.5128028661874913 -0.01988495720645299 0.23981090998629043 0
0.5152596647137035 -0.03264180507546863 0.24004686311495838 0
0.5147438822587216 -0.036025932355227 0.24106570680925005 0
0.5147864214563304 -0.03623633482891442 0.24125688839566786 0
0.5151635520251533 -0.03710424065146517 0.24047714758666597 0
0.5156031544509734 -0.03715651342487422 0.23891908110058077 0
0.5157212532457781 -0.0373032938478452 0.23850288629754499 0
0.5106193620598567 -0.039449310947512445 0.2391737216440438 0
0.49547576281334377 -0.04882692852557072 0.2401053381634383 0
0.4774377884733306 -0.060367668539347524 0.23924006294129116 0
0.4601875296943596 -0.0727082720637103 0.23900933896801624 0
0.44778570482479685 -0.08325706349287346 0.2388417908624249 0
0.4367845978076929 -0.09505293205592238 0.23915020519296362 0
0.4290334869141996 -0.10523123263510042 0.23959654888627105 0
0.4227042928904282 -0.11594539073510585 0.2390337609058955 0
0.4157023977003714 -0.12769399417607036 0.2390195258563504 0
0.41290916335198735 -0.13961803034622491 0.23885949869665998 0
0.41883949763235423 -0.15121503637615247 0.23831388078805318 0
0.4230043062402922 -0.1553251749469218 0.2386895918011456 0
0.4224301988183401 -0.15796161339078668 0.23944947812501785 0
0.42126049265295545 -0.1591957826910593 0.23897941216255794 0
0.4210423790673372 -0.15974652682680374 0.239083143819792 0
0.42107729281312367 -0.15963452071726653 0.2393831053971746 0
0.4209951679898304 -0.15977703238785443 0.23782718166315958 0
0.4205283134632458 -0.16009371818062482 0.2202002154495304 0
0.42049517825894955 -0.15960379963761925 0.19935253349809598 0
0.41951619903173254 -0.1588032925041687 0.17796915295045418 0
0.4183726416729433 -0.1573143317411811 0.15971270042393063 0
0.416753574300153 -0.15601178343380007 0.14167983270911616 0
0.4151967887321023 -0.15343356430512087 0.12429349933389043 0
0.4128580266290448 -0.1513757392110938 0.10763880841310203 0
0.41066518375335137 -0.14877453630561405 0.09422563229057371 0
0.410665921641201 -0.14869605486413845 0.09357979100754076 0
0.41068674465008015 -0.14872172764991773 0.09357646165295867 0
0.41061361518480194 -0.14877553760127196 0.09362002796750946 0
0.40916286647514793 -0.15093228809004539 0.09473606176845806 0
0.40613110896072613 -0.15609707858452934 0.0986720832187956 0
0.4045036657711587 -0.15930788873743054 0.10024287359698052 0
0.4040555547839483 -0.1591919068448904 0.10126172699993512 0
0.40244410261846536 -0.15684551863967705 0.10180985266851043 0
0.40087082113021655 -0.15522140298427853 0.10212407039516087 0
0.40093235078948253 -0.15508966216057873 0.10239364743610982 0
0.3996276928952208 -0.1559211488102789 0.10243840071429146 0
0.39801122644442716 -0.1584611233221859 0.10330247473573057 0
0.39642539144384986 -0.16154892308982685 0.10645116305679203 0
0.39618072384311565 -0.16339655718837282 0.10829746793212473 0
0.39549498537703354 -0.1636050826221247 0.10868214554107651 0
0.3954535133463684 -0.163666434816945 0.10868273127083733 0
0.3941972610081683 -0.1646039218889271 0.10938561960528115 0
0.3925523582826877 -0.16715897174872352 0.1124995075584255 0
0.391221991991751 -0.16953491687987304 0.11487728401811148 0
0.3886642249810136 -0.170716835866488 0.11711840201851637 0
0.385883208326799 -0.17091454936320524 0.11995121129482725 0
0.38242419999184996 -0.17069228970396136 0.12335763067579623 0
0.3790853697967399 -0.17072460799036818 0.1263473082637209 0
0.37842434399358427 -0.17053040526913982 0.1271659742625287 0
0.37838388681585855 -0.1705119948920751 0.12714237920363372 0
0.3782511745561676 -0.17053824747420185 0.1272745671897577 0
0.37797775880910467 -0.1706826502244142 0.12954772063526673 0
0.3778483219114536 -0.17083739963816025 0.13092944454500388 0
0.3779680879613402 -0.17073247963978297 0.1317403914486741 0
0.377792566477554 -0.17104368691340693 0.13172189508756801 0
0.3757403952206282 -0.16943091223400228 0.12125999481813168 0
0.3730373198000561 -0.16662918909843752 0.10691924448142176 0
0.37115804721840756 -0.16426181542121437 0.09540354911975403 0
0.37143211968385453 -0.16339226132876897 0.09482474744106353 0
0.37145360271349226 -0.16339053519876406 0.09484323279342127 0
0.37153564731291083 -0.1633342148130783 0.0951859309037742 0
0.3716238839202394 -0.16174983342485422 0.09645873504321856 0
0.3709646816913774 -0.16099523528443255 0.09757245537323396 0
0.37078554113655726 -0.16108027082411783 0.09728530112920634 0
0.37076094578811764 -0.16109499881480135 0.09725288803805657 0
0.3707150742097992 -0.16106407325375388 0.09716336665846155 0
0.37070700037873455 -0.16107422817186884 0.09715375572263944 0
0.3707000028462778 -0.1610840036456827 0.09714923479324909 0
0.3706950188709721 -0.16109042329814252 0.09714635786991233 0
0.37069558783224765 -0.16109804918321827 0.09714546421652938 0
0.37069731400686484 -0.1610961832994517 0.09714650122954949 0
0.3706919920577838 -0.16109758199751537 0.09714321108356168 0
0.3706902171606733 -0.16110287669107226 0.09714588934526157 0
0.37068886249821625 -0.16110320766874775 0.09714612666791422 0
0.37080339870123274 -0.1610739661731096 0.09721524268507017 0
0.372852228901539 -0.16193857574856357 0.10075048208396656 0
0.3755762033768065 -0.16222794305438334 0.10591567172742322 0
0.37743164533841567 -0.16308183068395055 0.10931886378183071 0
0.37772176602191376 -0.1631705405604023 0.11034965368145536 0
0.37777459172356315 -0.1654376626094762 0.1143346269224816 0
0.3767962135060287 -0.16888158811248827 0.1187334311945324 0
0.37588283595074207 -0.171775088881162 0.12286593370473112 0
0.3755735347706255 -0.17499831726250528 0.12725374854051258 0
0.37483226512371987 -0.1774487309854414 0.13165843197057464 0
0.3746670588772768 -0.18004762656043252 0.1358551032933954 0
0.3738185205382056 -0.18245787960004384 0.13957287550728764 0
0.3730891768909098 -0.18534318580703787 0.14359723651687678 0
0.3714628489301939 -0.18834983004168543 0.14698046033586612 0
0.3701663628941672 -0.1906689012506051 0.15006981029101737 0
0.3690782883174887 -0.19339824384190926 0.15340930325230223 0
0.36732151150646475 -0.1961695925728278 0.156410972013431 0
0.36500963902845424 -0.1993576768690769 0.15980111127458596 0
0.36319334328203284 -0.20220322653985423 0.16276023755706162 0
0.3609008031142626 -0.2047301635632902 0.16547342067108453 0
0.35923306731871074 -0.20732324133251834 0.16804855155722512 0
0.3571319964056581 -0.20996641351927092 0.17065068833658179 0
0.3553081191265329 -0.2126212113219832 0.17363281064247582 0
0.35351804343625537 -0.21475895604618198 0.17579884536570578 0
0.3532575367239119 -0.21525475600563332 0.17664106808084398 0
0.3525509773594358 -0.21462087091530632 0.17028047148702782 0
0.3501667000062605 -0.2124502204511724 0.15443010308490646 0
0.34853785793952885 -0.20904667867557541 0.1382834387153723 0
0.3463563933119854 -0.2057715791039014 0.1228499707513065 0
0.34488644683267583 -0.20292368222350302 0.11038376617928218 0
0.34477795337499006 -0.20277809678409037 0.10989120928659615 0
0.34469084963314334 -0.20272421987686776 0.10979643827186858 0
0.3446420838659803 -0.20270594077110354 0.1097948511262463 0
0.3446170142798475 -0.2026986736629775 0.10979909176313005 0
0.34461119533916884 -0.20269205597938528 0.10980003817195404 0
0.34460670583562997 -0.20269219687232548 0.10979354493808244 0
0.34460427871484434 -0.2026863148547784 0.10978970483664623 0
0.3446060234665018 -0.20267811483528825 0.10978035273648876 0
0.34649765560324564 -0.201186526041977 0.11022327502424295 0
0.3550695517632438 -0.1975019384434003 0.11337604348747717 0
0.36419320128518184 -0.19317896579770635 0.11719215861451113 0
0.3708571559901884 -0.1897994425856695 0.12001122221054643 0
0.3718309922410139 -0.18928339624130316 0.12068158606579485 0
0.37281162788194544 -0.1893482718624677 0.12143695311037699 0
0.3776346953720506 -0.1873816223251481 0.12431058752732393 0
0.3794779381312612 -0.18655240372833606 0.12583185142052233 0
0.37957890408606587 -0.18684636086707182 0.12719444762895654 0
0.3774199860425801 -0.18691757073035228 0.13175829213399207 0
0.3753681917552637 -0.18716120941112074 0.13590437491663016 0
0.37490622502227894 -0.18795390651660182 0.13973986491192836 0
0.3779143077704893 -0.1881531214478605 0.1433412420341885 0
0.38318075217598446 -0.18590822503387555 0.14663093758253423 0
0.3852979870659792 -0.18448199698060572 0.14768020199043394 0
0.3872751453101674 -0.18309582768611182 0.14875073701882077 0
0.39445526213098925 -0.17848923813961834 0.1516210403645586 0
0.40144409161142564 -0.17227699207541516 0.15528558070884135 0
0.4063720215750224 -0.16567557433855695 0.15899862918204055 0
0.4100220404228168 -0.1593719761923429 0.16402411758723176 0
0.41251270837694703 -0.15588310607820346 0.1665084478834543 0
0.4125164898431979 -0.15584972998265634 0.16650256137586034 0
0.4125132348699787 -0.15584866682187237 0.16650282313813972 0
0.41373416177569833 -0.1557068744548935 0.16756281117554342 0
0.4148660660263118 -0.15564292881137565 0.16958507239235837 0
0.4148738113275889 -0.15575487810407931 0.16932313565238027 0
0.4148837482065469 -0.15578224726660725 0.16942146674120112 0
0.41486718640909054 -0.15579398951844436 0.16938207104460906 0
0.41288656933726486 -0.154074360257966 0.15528184598103897 0
0.4097646939223009 -0.1508113341042349 0.1387066977888669 0
0.40611733077031575 -0.14742678022192535 0.12226664504120704 0
0.4028486810645307 -0.14335345588288695 0.10627786709156753 0
0.39997957122963285 -0.14065970173808712 0.09657150175729824 0
0.40000229888157 -0.14064786106405375 0.09648981635555257 0
0.40001905782590824 -0.1406721852603576 0.09648902762985957 0
0.39983194790602405 -0.14120382335345127 0.09673166159818354 0
0.3977124069298638 -0.14380199062450078 0.10065623387724197 0
0.3940159608979066 -0.14550794912924403 0.10530417930690153 0
0.39056395717305253 -0.14646257333906218 0.10931731316110632 0
0.38840273449488216 -0.1482723037064515 0.11353399347550652 0
0.3877417300711417 -0.14878801443973974 0.11399714731942111 0
0.3878799798013502 -0.1489248005578359 0.11466834957228376 0
0.3888980009023722 -0.14910335792581852 0.11933689523589953 0
0.3895512083818053 -0.14801893792305693 0.12360070168875713 0
0.3905399642173146 -0.1469328956632499 0.12558428397834145 0
0.39073525547881305 -0.14656451356278802 0.12665830959357327 0
0.3956859248890476 -0.14332833125995148 0.1279252286103918 0
0.4023177118216918 -0.1383932162359554 0.13025137946737006 0
0.40746538318608055 -0.13600612690822195 0.13467273854978853 0
0.40886497399846444 -0.1359833036323511 0.1356709436982842 0
0.40885182485062166 -0.13600539606294942 0.13584380839191176 0
0.409225340141669 -0.13505549551026064 0.13588202804807098 0
0.41124990149677343 -0.13271968937377931 0.1354739283696465 0
0.412121698524709 -0.13163875603771424 0.1346543054535478 0
0.4121039042436548 -0.1316803148803341 0.1347247976018864 0
0.40961263141094584 -0.1321271742977542 0.13803165678353954 0
0.4050446947727609 -0.13323941989306265 0.1443193962478369 0
0.4020147064186222 -0.13437425123284652 0.14933035168515038 0
0.4019875463055111 -0.13464096880739224 0.14975057996337013 0
0.4019789341929926 -0.13465754430849838 0.14974938452221853 0
0.40146785093422105 -0.1360740101794829 0.1510405760718309 0
0.4006307745420085 -0.1377581214905527 0.15344667124177883 0
0.40277139262466627 -0.13823784164313146 0.15604679190323326 0
0.406340477889047 -0.13748517521443052 0.1575593667087039 0
0.4100414301655297 -0.13547669527767414 0.15912401412171895 0
0.4100597564147416 -0.1354436127852588 0.15902707084587925 0
0.4100825208173807 -0.13537738339756883 0.15901759374816105 0
0.4129517314911371 -0.131567887294482 0.15797666065648439 0
0.4193145693658557 -0.1225499049019109 0.1551078482550283 0
0.4254217654147968 -0.11407433514693403 0.15263620661782248 0
0.42630057546075517 -0.11330701114103905 0.15271920064560132 0
0.4262079688049826 -0.11331793003423787 0.1527203842905422 0
0.42563762739128974 -0.11322742131586395 0.152702436251452 0
0.4256762394238692 -0.11324578217541165 0.15270048058597185 0
0.4257039220017304 -0.11328407605668238 0.15270434863393534 0
0.4257309654866335 -0.11330878870559492 0.1527024218757968 0
0.42575335055483776 -0.11333278440247412 0.15270494565633627 0
0.42577607603780304 -0.11337863883783365 0.15273752503183335 0
0.4260021064859191 -0.11396094281569706 0.15377268783452278 0
0.4258962971963 -0.11462581618047367 0.15463293082118773 0
0.4258741410659792 -0.11469878110906646 0.1546469439202493 0
0.425877638379575 -0.11471017004076578 0.15467621929422834 0
0.42590059397789 -0.11483500215946194 0.15553276585361603 0
0.4256291524720791 -0.11578643728003195 0.15701521916017686 0
0.4261200180349864 -0.11633960826815648 0.1578905290844561 0
0.4260808704662989 -0.11635446169438247 0.15784942463682616 0
0.42593940714289397 -0.11620559804109255 0.15702085680280892 0
0.4224944367603395 -0.11379975734721229 0.14464486693673162 0
0.4187160630527275 -0.11079793213060009 0.13057094084782023 0
0.4141207185047963 -0.10693880512210109 0.11572959905659005 0
0.41021913051609654 -0.10345119036168407 0.10317676376356374 0
0.41038879516920096 -0.10346207430367378 0.10385511221265546 0
0.41044397044536646 -0.10344646643890018 0.10402372697217636 0
0.41055507712846134 -0.10327537011547708 0.1042125561539187 0
0.41065064921363287 -0.10340909607091221 0.10321840451381575 0
0.4125007441134161 -0.10581772287777451 0.10202144857234963 0
0.41470067099463287 -0.10788816014794626 0.10086997943955575 0
0.41657520596865383 -0.11003422865015416 0.09996232153092566 0
0.4187945134665879 -0.11240219287862599 0.09849108856682115 0
0.42105913482167845 -0.11443014992832984 0.09763481293104842 0
0.42282000101279416 -0.11599335084390484 0.09670561064347574 0
0.42330874799784324 -0.11674958958748 0.09629614125108973 0
0.42486388665664787 -0.11862501779169889 0.09548076265048684 0
0.42662456175594937 -0.1202393069779551 0.09498671021588827 0
0.4291553424227202 -0.12260339601139121 0.09364801637800758 0
0.4318954262334865 -0.12569675984857953 0.09193196933704484 0
0.43356463782531185 -0.1274397169582877 0.09117312384310673 0
0.43353567508569235 -0.12770946898423202 0.09111294811123415 0
0.4310760004251199 -0.13152527763837255 0.09274647096811303 0
0.427464565932573 -0.1323889586091912 0.0941053088459566 0
0.4243410712646828 -0.13029252624162435 0.09552311466400684 0
0.4221533847613555 -0.1277493210825465 0.09642572287880187 0
0.42150325912310466 -0.1268640918312937 0.09640957151665148 0
0.4205222784579452 -0.12932396937549012 0.09946804071038547 0
0.41838319961885573 -0.13380387389759926 0.10238609026304019 0
0.41697961614175505 -0.1368457414527005 0.10425044659049776 0
0.41600171086244897 -0.1382163906342184 0.10499948357140013 0
0.4163343170184902 -0.13977003967345977 0.10811799708039956 0
0.41679307812966826 -0.14149344412258844 0.11146883549006223 0
0.4171544600104233 -0.14321451868515822 0.11506565493424485 0
0.41748061595610286 -0.14419773141864303 0.11776830481418551 0
0.4168297863961823 -0.14444663585472212 0.12092795139072496 0
0.4161100518405938 -0.14346839334977593 0.12257673400292052 0
0.4161358772027512 -0.14314513277921428 0.12238237919124066 0
0.41989643883820815 -0.14087557309186557 0.12269880511266293 0
0.4287064605319136 -0.13308695216950273 0.12549212431093443 0
0.4357168247571587 -0.12733273581027632 0.12851213832893094 0
0.4366363752579691 -0.12684774636219598 0.1288999687194753 0
0.4311067507034204 -0.13169476752516085 0.1287546742039332 0
0.4193714305152134 -0.14321646026346707 0.1280162766855401 0
0.41169299820522837 -0.1507967416882478 0.12742227276375462 0
0.409363388674862 -0.1526814375802809 0.12725812093265745 0
0.40735634278753896 -0.1555484083389359 0.12833364880105538 0
0.4049115300374979 -0.15782200407354446 0.1291645434947514 0
0.40084199172594426 -0.16180141952686872 0.1300081898486119 0
0.39741400350974043 -0.16540386077375635 0.13063697012502373 0
0.39393456283428985 -0.1689124411617638 0.13176615975116343 0
0.39089880896052914 -0.17248051283059457 0.13307949715123601 0
0.3879060771813795 -0.17560870402059928 0.1346514327427138 0
0.38531540352075855 -0.17782487772892924 0.13503313033023123 0
0.38226774094479893 -0.1807625968274145 0.13609736176120654 0
0.3790786923327211 -0.18432469787939926 0.13810265955068152 0
0.37497816470231693 -0.1875923524140603 0.1388516208532352 0
0.37283686821574336 -0.18995302619811782 0.13963948272685411 0
0.3707909677287121 -0.18835048022076406 0.1287483742805807 0
0.36794576779829463 -0.18550243415900874 0.11300952427415695 0
0.36548548657229346 -0.18216200396947455 0.09969850136291104 0
0.3652807388943389 -0.18152949426757037 0.09789418890385118 0
0.3655391746974849 -0.18106749686233858 0.09791175601835378 0
0.3655616044095752 -0.1810751102288779 0.09793525412720686 0
0.36557219982941674 -0.18108684785694654 0.09794939689979369 0
0.3655726444417343 -0.1810977172046261 0.09796090980708869 0
0.36560907544001214 -0.18114998999758303 0.09813278596606848 0
0.36746691853948227 -0.18290437071812155 0.10648670205981106 0
0.36747887013269226 -0.18315012329866437 0.10696766171155353 0
0.36738656834427236 -0.1832869411119909 0.10693150689029295 0
0.36694975544643704 -0.1830192276415721 0.10525947009613319 0
0.36674578634344135 -0.1829521062578452 0.10446324977088105 0
0.3667427356578797 -0.18289745722948736 0.10439232155947047 0
0.3668457277872728 -0.18299316235920793 0.10474886724338102 0
0.3673425814868709 -0.18289071566419313 0.10663754344626958 0
0.3674110150006711 -0.1835060320057197 0.10841411459197209 0
0.3677297028651083 -0.18382533817270452 0.11040052733390572 0
0.3673778195794044 -0.18424257875590364 0.11162315147142597 0
0.36679161132448546 -0.1839134482217472 0.11325308562229035 0
0.36650174114060136 -0.1842142631527266 0.11517803385097222 0
0.36677354183985594 -0.1843292311542162 0.11679603289889688 0
0.3667578092628611 -0.18450962896657513 0.1172529695693486 0
0.3665303037556333 -0.18470524060084356 0.11871041611977876 0
0.3659999581570519 -0.18426431488349546 0.11992554060619703 0
0.36571993894016436 -0.18399532022834372 0.12136645150513553 0
0.36553258970928165 -0.18443791151194328 0.12149783881551639 0
0.36524209636046445 -0.18386908696006554 0.12256504096714807 0
0.36505101906222703 -0.18392644312811696 0.1239494152231704 0
0.36503244330936474 -0.18393386898563596 0.12436592665749822 0
0.3645877513973769 -0.183746257797254 0.1251056376741277 0
0.36439450145359603 -0.1834002969395181 0.12575699207902707 0
0.3643561221326425 -0.18333470224439624 0.12611751205202315 0
0.3647425991704395 -0.1852205326481783 0.12662396980584825 0
0.3664133930060442 -0.18803546995306422 0.1296707215199827 0
0.3675378726057258 -0.18965816280410636 0.13260962099338564 0
0.36922241885399054 -0.19010569943317063 0.1344972762087515 0
0.3695066847723942 -0.18988906525888471 0.1349632563087933 0
0.36855241148663404 -0.18990459133460047 0.1353526442658626 0
0.36584214380261504 -0.18828619904666888 0.13656464619065065 0
0.3634936981966178 -0.1856148645081846 0.13716227631276978 0
0.3634963107600754 -0.18403756568103122 0.13754357612377616 0
0.3700366444147375 -0.18018635114645457 0.13981059627110884 0
0.37884044462695105 -0.17497067358667123 0.14276663544455898 0
0.3839911893854096 -0.1722489685869103 0.145650687449271 0
0.3786522849316805 -0.17617752172425927 0.1458253461424631 0
0.3661771458436169 -0.18609660612867943 0.1453576447066592 0
0.35618758338233675 -0.19336038287087823 0.14468190459928865 0
0.3513140690045318 -0.19717565508355214 0.14531996827609225 0
0.3475386807588563 -0.19871141168636855 0.14687060810860167 0
0.34443564097132795 -0.19892844427322423 0.14831646787377026 0
0.34162825677431674 -0.2010249641788324 0.14960823617432734 0
0.33958280945274544 -0.20274606139750656 0.1502290788459282 0
0.3367415739677823 -0.20313711880871377 0.1457242296807799 0
0.33206764113958614 -0.20211833233217202 0.13153456888179568 0
0.32840495118257884 -0.20088368799503295 0.11928175301895239 0
0.32401137938434854 -0.19925184122325096 0.10711726428882908 0
0.3207209916032333 -0.1995225564363145 0.1016443348855291 0
0.31951545045953866 -0.1998574885267025 0.10093128321583178 0
0.31955952001727866 -0.19988526346537847 0.10096853335700003 0
0.32197322862954386 -0.19927002042226302 0.10127826687374353 0
0.3311140913724018 -0.19443594391506314 0.10386434718109402 0
0.33927223159696085 -0.19020943367052123 0.10668425457748736 0
0.34535688832018074 -0.18682527346701 0.10837488425478012 0
0.34538023465370754 -0.18684606845538443 0.10806902657001534 0
0.3453981753029666 -0.18685113104527906 0.10815650480514759 0
0.34546085212802397 -0.18682090209264893 0.10856181866083589 0
0.3459738640696025 -0.18729377556149326 0.11009483292152125 0
0.34741607533042573 -0.18811402464328214 0.1131980281456387 0
0.3477673623373407 -0.18869466863352932 0.11530255612352548 0
0.34575765714664447 -0.18803124814694414 0.11790898435687044 0
0.34474772159360834 -0.18682185411725702 0.11998941034518198 0
0.3443298147150794 -0.18668187093281524 0.11994853746161065 0
0.34304318975312253 -0.18507871201449627 0.11269145613003925 0
0.34083024514035315 -0.1819115982104226 0.10086641697324278 0
0.34042531618783556 -0.18100164612609612 0.09822200966169987 0
0.3404500690057782 -0.18104033703766445 0.09830725389130927 0
0.3404524718391341 -0.18105214553518864 0.09831402543179643 0
0.340454365483077 -0.18105834035269602 0.09832323835514707 0
0.34045558764429756 -0.1810697827554087 0.09833270692435539 0
0.3404488588941204 -0.18107968109885736 0.09833554438092335 0
0.34046068257046425 -0.18109901676013782 0.09840769223567376 0
0.34084454191845265 -0.18117676851311243 0.10055575828081983 0
0.3407406879131707 -0.1815439116217877 0.10092029626782935 0
0.3407682607939324 -0.18204459403849835 0.10251138129897695 0
0.34062093940971483 -0.18189431100155995 0.10370692068793262 0
0.3404410153772871 -0.18236848858466603 0.10432172205267834 0
0.34033136361445565 -0.18244199133698832 0.1059579714872582 0
0.3400693872722876 -0.18258634388482778 0.10760746773559934 0
0.3399711739609831 -0.1828793749613979 0.1081339014340158 0
0.33996114271317524 -0.18289981675799089 0.10812920714096101 0
0.34023717686745186 -0.18370151369089963 0.10990056039764541 0
0.3395806056081643 -0.1858553247274832 0.1124679585129882 0
0.33961315882625803 -0.18685031513640665 0.11399976650394907 0
0.33877027962712775 -0.18690294019749135 0.11461275061668989 0
0.3375426919645416 -0.18521533226279127 0.11518732231358496 0
0.3373559788166203 -0.18317312361724503 0.11630719919728615 0
0.3385855796024853 -0.18159929839741495 0.11818560449281251 0
0.34360553640368197 -0.17981141508340281 0.12102653209332184 0
0.34700624924561174 -0.17801251285876185 0.12291648738017387 0
0.34768650478530516 -0.17805597006892274 0.12291107116952767 0
0.3476474578298809 -0.17809238575553155 0.12303795329111367 0
0.3472316606339187 -0.1778001949796114 0.12098378010837456 0
0.34488356364210376 -0.17555017226328512 0.1114810022155169 0
0.34481182329986965 -0.17540698894344608 0.11054782892886039 0
0.34480084781390413 -0.17534702032424285 0.11031650812275946 0
0.34257146439976355 -0.17274766934075003 0.09917696342946958 0
0.3421791122255815 -0.1723151824359798 0.09719046516786739 0
0.34221632494969834 -0.17228334778606694 0.09719955015207392 0
0.34239974133103435 -0.17191365837026604 0.09719724070102992 0
0.34239638455480836 -0.1719156166913049 0.09720462020781939 0
0.3423316791540179 -0.17197428907865628 0.0972310012569444 0
0.3426844185393896 -0.17401012565915044 0.10103611879379198 0
0.34310013738120304 -0.17613210205746657 0.10486352862085516 0
0.34356174273048257 -0.17685576612403392 0.1069937013595573 0
0.3426338605381309 -0.17668220029806028 0.10760600715391178 0
0.3400186139853482 -0.17360349772898226 0.1093681896200159 0
0.3391748765710602 -0.16935307202700298 0.11249655740395116 0
0.33959342174916873 -0.166868858147332 0.11631342020851879 0
0.3396919862134237 -0.1661612649331062 0.11701189340912861 0
0.34476691040509677 -0.16392827222757006 0.12011544965273856 0
0.34687563056526816 -0.1630278362526159 0.12118545948763373 0
0.34690143342076096 -0.163062646747709 0.12142924021750809 0
0.3468763841892126 -0.1630619657575122 0.12142469745446374 0
0.3468518080446149 -0.16306600973888674 0.1214265511014684 0
0.34683467534089213 -0.16307144746054958 0.12142808422595516 0
0.3468186539250884 -0.1630780169711538 0.12143209103959969 0
0.34680680724216373 -0.16308560987658138 0.12142907346867521 0
0.3466113771566006 -0.16308698827868698 0.12142297642603969 0
0.3455464111965293 -0.16337118554053953 0.12274720700425086 0
0.3455132233132916 -0.1634099265182697 0.12282589674821928 0
0.3439889799717284 -0.16564510273123922 0.12461942190730416 0
0.34153780785876503 -0.16935555603723762 0.12805639980312425 0
0.341033275570443 -0.1704640071626243 0.12884200578136618 0
0.3402125533705159 -0.17213008527553292 0.13194545004954686 0
0.34003557123540173 -0.17418606024872224 0.13503307848166105 0
0.33950224530187434 -0.17628680746096176 0.1390276211953582 0
0.33764367019701913 -0.17659271006815505 0.14274485945544857 0
0.33441863847767256 -0.17609336983527735 0.1466468195621064 0
0.331908894544662 -0.174346241152737 0.15032668242463101 0
0.3314061737443354 -0.17430237908210225 0.1517120519753713 0
0.335187593568894 -0.17110912700820383 0.15240754256036562 0
0.34283927087852767 -0.1655548120292238 0.1542298491915388 0
0.3437172242090655 -0.16530655378893372 0.154350667145954 0
0.34452072033094977 -0.1643218690665956 0.1546821816173679 0
0.35254945033163604 -0.15862567504030403 0.15695912989781044 0
0.3601103427356809 -0.15305578891670596 0.15906328003967768 0
0.36201374117478424 -0.1509297581919975 0.15980707592953863 0
0.36059862203685994 -0.1493591114879449 0.1601133670187753 0
0.3601693900893217 -0.14865982993240312 0.16048422703062884 0
0.36024534900574373 -0.14855421915199848 0.16057715246221763 0
0.3602602051073985 -0.14857954548551033 0.16068821255921772 0
0.36012862192379125 -0.14861241211908788 0.1594403394519778 0
0.35803219694989113 -0.1468931905371287 0.1448722172812485 0
0.3553800720322915 -0.1446611108553103 0.12906006241930987 0
0.35265758605104713 -0.141795916148649 0.11403683800501588 0
0.3503875710673603 -0.13910234882956926 0.10031466128592062 0
0.34923006528265027 -0.13756139479610385 0.09495407066358973 0
0.3509173282687957 -0.13667281305217305 0.09570977122480198 0
0.3549491306736296 -0.1354750652711939 0.10018326964578465 0
0.3579245597095601 -0.13508744904684875 0.10422698666674905 0
0.35736530862156723 -0.13330306430046165 0.10633508231453671 0
0.3546336353814835 -0.13059756181198898 0.10710363029835812 0
0.3519837779573417 -0.12794972898280946 0.108863985267954 0
0.351149080344419 -0.1269718830472605 0.10919225313367552 0
0.3526748046660563 -0.12619056490700334 0.11011648537461384 0
0.35561260811831374 -0.12500548736516104 0.1131814811550883 0
0.3566230857631351 -0.12512588535366698 0.1154240446431326 0
0.3582107379318483 -0.12504546622226428 0.11812577012868107 0
0.36290449529095375 -0.12171520981424849 0.12080015870229004 0
0.3685484914280823 -0.11719844672795185 0.12427513551809345 0
0.3732674034407204 -0.11296520412770047 0.12771289237773215 0
0.37793234452228125 -0.10757125932617073 0.1311764248726174 0
0.3807791785494011 -0.10319099809681026 0.13437257447243448 0
0.3824424129342405 -0.10123192430539221 0.13549633816090595 0
0.38253081078709533 -0.10127596145109105 0.13578299540869268 0
0.38252456636465515 -0.10128658100318694 0.13579406577649644 0
0.3825197453004407 -0.10129679149096132 0.13579797147801578 0
0.3825120403228194 -0.10130772144651587 0.1357997960245024 0
0.38262821461258206 -0.10157213966619566 0.13618245134628587 0
0.3814195869060254 -0.10088026026241964 0.13696589814840826 0
0.38037183120344564 -0.09970228231987735 0.1377956615528552 0
0.37950475855839527 -0.09870894572273284 0.13819603470155217 0
0.3795398563758696 -0.09870824200181261 0.13821443673251688 0
0.37958882135159067 -0.09870098355816423 0.13821949614159357 0
0.3821726399765089 -0.09597072018683814 0.1384445378896962 0
0.3871965453863815 -0.0884947004195685 0.13731568613303546 0
0.3890766279918669 -0.0858144478518045 0.1365998521880205 0
0.3890747678113675 -0.08579917081906643 0.1366441077310388 0
0.38922576116908786 -0.08568897448740076 0.13786890763507156 0
0.3906750999060045 -0.08606510447190913 0.14647569342468472 0
0.39002000757288074 -0.08614292264649054 0.14625333192337955 0
0.39005274487649827 -0.08618104734674259 0.1462156183835282 0
0.3893470045227292 -0.08589605379334445 0.13879349112282183 0
0.3881433463982088 -0.08565136775608648 0.1321725815649717 0
0.3882754100980398 -0.08571940053745 0.13243376491879238 0
0.3884311684137657 -0.08574234378872611 0.13288551805345597 0
0.38879707404675035 -0.08516036475106356 0.1344153159065209 0
0.38888353277242593 -0.0850568948629252 0.13512087723642782 0
0.3888641023369893 -0.08507288564868376 0.13514136371586025 0
0.3888385627050278 -0.08508510419055498 0.13515928149549286 0
0.38871555360286675 -0.08545692056183316 0.13460275119309006 0
0.38817710338167033 -0.08632068319041963 0.13246579501226993 0
0.3882893732331511 -0.08643662670428093 0.13085003537672513 0
0.38852954385170907 -0.08590067379966049 0.12873158299776163 0
0.3879548008735278 -0.0858125244308574 0.12658446883676086 0
0.3874572911675088 -0.08546679710628174 0.12470253080814718 0
0.38727422750328433 -0.08550304360923475 0.12277707009129554 0
0.38659836639794465 -0.08518788892476536 0.12145311278969947 0
0.3861822493855557 -0.08500338000816093 0.12003821255271246 0
0.38585211441361356 -0.08513480317368083 0.11940642652512273 0
0.384564434717959 -0.08419846307286405 0.11961040416198956 0
0.38114764383974975 -0.08153856767058726 0.12005797693597128 0
0.37776074233699014 -0.07892232392966961 0.12047189794604524 0
0.37797622201900494 -0.07734797210118097 0.12070912500221287 0
0.3860060269827941 -0.06640059549489516 0.12012568583161586 0
0.3959651672971739 -0.0516359645620231 0.12002119008306816 0
0.40441392073573945 -0.03623041836214533 0.11999638006453309 0
0.40900413972942784 -0.023984844121875015 0.12125322810565997 0
0.4101636954979605 -0.019479379246224407 0.12283841257549032 0
0.408033272061872 -0.023069197036612518 0.12453996787955017 0
0.4068832598149255 -0.02746856185409459 0.1259266310413125 0
0.40604029168462025 -0.029022160123891513 0.12608006449203907 0
0.4027487558228972 -0.035239967500340974 0.12670302020558308 0
0.3966796993453801 -0.04440415653614134 0.1272715456325769 0
0.3883787793934396 -0.053600051029623605 0.12899076994049308 0
0.3809835806640376 -0.06050256585047743 0.13025799679541727 0
0.3795414390317846 -0.06236792885754257 0.1308411008821096 0
0.38406324083468224 -0.055376760616192455 0.13151780625009832 0
0.39316363769708246 -0.03994044900164724 0.1318846043121266 0
0.40162167409252153 -0.024538020770292726 0.13207028744176058 0
0.40962774651173256 -0.008696541883281159 0.1325226033346378 0
0.41615632863742685 0.005223804612009136 0.13255827383841734 0
0.422257718042657 0.01955328235131408 0.13287898658129485 0
0.42440421591092675 0.027358545369860612 0.13316149100387736 0
0.42119336054474577 0.02905143157359763 0.13331607598461642 0
0.41768365597087315 0.03011282738281912 0.13357016010450787 0
0.41623482568181847 0.03102363894164646 0.13404954160323757 0
0.4159073417519293 0.031062790427264494 0.1340168878515231 0
0.4159194544062783 0.03095888275851827 0.13384187054970975 0
0.41597931393430665 0.031202700666201885 0.1342316281678504 0
0.41623389261974364 0.03137075630937619 0.13422919833273583 0
0.4188821115260741 0.03839549332345958 0.13398545267573203 0
0.4233241273360311 0.052635299262290464 0.13363143096267532 0
0.42396490282692156 0.0586528654437366 0.13311611650739907 0
0.4205220354813807 0.05947131907048632 0.13319563851072566 0
0.4168271143201806 0.06055550237753528 0.13356242389975978 0
0.41410937275592863 0.06131206989577699 0.13388468074026644 0
0.4134798372543977 0.06163282875875786 0.13423665580661717 0
0.41266569066048386 0.06226939985397302 0.13409299570106337 0
0.4125875649536867 0.06204973483359556 0.13442449430620704 0
0.41170800554274656 0.059487117295224004 0.13412235138571973 0
0.41162225115493595 0.05896062151681815 0.13420808154185862 0
0.4100081237783755 0.056945205385116146 0.1347359816175667 0
0.4051350557181045 0.050707251494374356 0.1347994782581397 0
0.4009568487629621 0.04629752459407266 0.1351679090178749 0
0.3974620157398703 0.04416644690126362 0.13525069226975694 0
0.39635756035274217 0.044106466869664504 0.1356536210290076 0
0.394423034986074 0.03945430853173845 0.13603377904474193 0
0.39010265261044264 0.023254820244173538 0.13643930192639328 0
0.38623276430288667 0.010352635096857937 0.1369020001099569 0
0.3814084110966535 -0.0039471680589310415 0.13724966899757257 0
0.37627048263203444 -0.017862624044691397 0.1376452992998473 0
0.3708508921026532 -0.03107526683148218 0.13796284598041242 0
0.36495196139174063 -0.044047577029445034 0.13859307059412246 0
0.36027352365746845 -0.05426401056209895 0.1390214879332441 0
0.3603313418886434 -0.054330037433900163 0.1389566511864912 0
0.36038167708814983 -0.054308814842555106 0.13894238126874028 0
0.36087608836843343 -0.053962603602651885 0.13884061251168084 0
0.3608568289110992 -0.053787301846436195 0.13854163099426742 0
0.36074677405773536 -0.05377676032967048 0.13857894961554731 0
0.3603267221418851 -0.05389047814742942 0.1386858185442199 0
0.36043360794091195 -0.05350014968825126 0.13867552532080035 0
0.3604882013649822 -0.05346984561873809 0.1386663870675659 0
0.3610354412651139 -0.05319331926967712 0.13853933995482254 0
0.3609600885094691 -0.0532377902476682 0.1385533108275742 0
0.36048302757226164 -0.053485866845238234 0.1386649974488113 0
0.36037430933214437 -0.05354500137401169 0.1386947561667367 0
0.3604316084576374 -0.05351646477726127 0.13867886223453238 0
0.3605071783625789 -0.05348461282494858 0.13866342585812647 0
0.36098970318715023 -0.05323548806158579 0.13855032606842563 0
0.3625067055805115 -0.04972141730771415 0.13850657262860394 0
0.367879142783627 -0.03825733235618248 0.1381919440511701 0
0.37351229889487464 -0.024585450758832075 0.13761507600537345 0
0.3789624419685465 -0.011023091297044096 0.13719847127450774 0
0.3784599059713519 -0.006578664912820914 0.13761830048575704 0
0.37621405275800596 -0.006152909680664134 0.1376699088549213 0
0.3740957353829032 -0.005285360391526772 0.1377960627900488 0
0.37228572650936725 -0.004749441039238619 0.13831842634905883 0
0.3719234424833363 -0.004432117962135093 0.13884801377117184 0
0.37164680523833576 -0.0046455182393338595 0.13891971374176912 0
0.37149329798872366 -0.005456838013239804 0.13895215413110729 0
0.3697132481457161 -0.010619091440302111 0.13932120721309774 0
0.367233509354495 -0.017842723738182895 0.13981158840711508 0
0.3672009305929791 -0.018246206245873642 0.13960912632463085 0
0.36731313660504666 -0.017931365322766873 0.13977812674041243 0
0.36782765275488954 -0.017587787800698876 0.1396184815338974 0
0.36776091670279915 -0.017584929229032167 0.13961713548847499 0
0.3672206545609413 -0.017910879468103186 0.13974215618070274 0
0.36726094087592126 -0.017871955096446707 0.13972044835641875 0
0.3673102762538683 -0.017833154291799533 0.13970052594039645 0
0.36741082504888284 -0.01775562058793037 0.13966882307180384 0
0.36782100683718777 -0.01749820419234728 0.1395504153996488 0
0.36772107883800237 -0.017555595034042443 0.13957092711545452 0
0.36709392414033143 -0.018168320952034828 0.13917898276785345 0
0.36692697322580603 -0.018719845382950823 0.13728356730356103 0
0.36724155134653375 -0.018481166981708638 0.13710074436475228 0
0.3667290711709872 -0.01911429050681901 0.13616133108676437 0
0.36677566999083977 -0.01992111295013245 0.1349052446777008 0
0.3661661828419257 -0.021162010199713227 0.1331603311157769 0
0.3659940384832583 -0.021817144404512642 0.13158652836500037 0
0.36567159426354484 -0.022726809925622357 0.12977362639681553 0
0.36521949523440833 -0.023417463481279446 0.1285228821442499 0
0.36482121358472863 -0.023794416694703405 0.12804544624854555 0
0.36497716689059695 -0.02370862619938202 0.13207885662445729 0
0.3644858134000577 -0.02415403360009956 0.15061006455224535 0
0.3633432850375589 -0.024948670943059192 0.16660710475272938 0
0.3618996178049787 -0.02419199581971175 0.18327002811530044 0
0.3604732820360407 -0.024547138145740457 0.1922901722077716 0
0.36047835672373596 -0.024598325785646954 0.19196543287080847 0
0.3605359357109623 -0.02456468939235046 0.19187476984101218 0
0.36101948193129474 -0.02423087610057162 0.19136619956568887 0
0.3609675971789513 -0.02426857831365674 0.19139182375427882 0
0.360432080126841 -0.024592949649594992 0.19156788890386678 0
0.360479032496952 -0.024563838741022914 0.19156120860170647 0
0.36054753646336 -0.02452669789027699 0.1915507330626548 0
0.36108604121202814 -0.024206888516438638 0.1913939129420003 0
0.3610309082229136 -0.024236281966998563 0.19141363790488458 0
0.36091110481006944 -0.02431056173443917 0.19146038414404848 0
0.3604981186647611 -0.02456154815175121 0.19159824337151934 0
0.3605667844199928 -0.024522702975637134 0.19158345682786793 0
0.36086720319830945 -0.02434245956585905 0.19149450813365268 0
0.36106822108638476 -0.024219219835476327 0.19143687334858936 0
0.36097845136504014 -0.024270997924575724 0.1914657998616201 0
0.3605054324332523 -0.02455556934875991 0.19161520508542115 0
0.3605608836465412 -0.024523031787906296 0.1915979586576682 0
0.3606565045183777 -0.024463685646286357 0.1915670983192774 0
0.36108690867739457 -0.024201978957694006 0.19143656405491788 0
0.3610198047214971 -0.024243120735302562 0.19145555512706286 0
0.3604917509175537 -0.02455702919931814 0.1916199904448847 0
0.3605480813451216 -0.024527101882963018 0.19160220123211058 0
0.3606074282886973 -0.024487617747496707 0.19158394392665692 0
0.3611078291951367 -0.02418579075510957 0.1914267542993318 0
0.36104604610925406 -0.024222928699675253 0.1914476741800269 0
0.36062211446900605 -0.02447644121669644 0.19157827882609132 0
0.36053130676441125 -0.024532356870515387 0.19160676854731723 0
0.36058685440378735 -0.024502024614058274 0.19158907128227046 0
0.3611147651348341 -0.0241792167356676 0.1914253922897155 0
0.3610574304280111 -0.024214164619267897 0.19144215201777232 0
0.36096140260308923 -0.024274788854544274 0.19147416618955815 0
0.36050306180831 -0.024552442349959278 0.19161531250012487 0
0.36055760749893206 -0.02451827311241221 0.19159948753630007 0
0.36068481599554514 -0.024437246767913007 0.19156002491244983 0
0.3610757491764312 -0.02420335649213068 0.19143957719038684 0
0.3609951704629324 -0.024247714146341734 0.19146321348855044 0
0.3605077610166043 -0.024550286466744287 0.1916145468517058 0
0.3605574221648888 -0.02451693966380894 0.19159966446164864 0
0.360651942996792 -0.024461567629353975 0.19156941220235685 0
0.36108849582776054 -0.0241961999783534 0.1914337295533419 0
0.3610173176970856 -0.024241830732252515 0.1914551657206754 0
0.36049162220382586 -0.024558589715290804 0.1916188141083467 0
0.36054497497349425 -0.02452634663637955 0.19160158219709952 0
0.36060388119930603 -0.024487112407101788 0.1915837671845416 0
0.3611052569101105 -0.024188416829356907 0.19142992739206555 0
0.3610422844624801 -0.024226182906707125 0.19144781226596197 0
0.360755962908955 -0.024397258861397764 0.19153713825805266 0
0.3605247715834021 -0.024537529764020585 0.19160840490043474 0
0.3605886072538683 -0.024498718997861366 0.19158739126512814 0
0.36111439873652906 -0.024181106516488096 0.19142570027095326 0
0.36105446788103074 -0.024217789694795835 0.19144577728122592 0
0.3607329971671931 -0.02441007546544262 0.19154350421320374 0
0.36052581487140645 -0.024535338545128668 0.19160791750272366 0
0.3605801902297945 -0.024504627054305797 0.19159050574459024 0
0.36111527029066426 -0.02418068730519761 0.19142717927966582 0
0.3610576303421847 -0.024217217758430887 0.19144342811067838 0
0.36091794907845776 -0.024294106518411213 0.19148694892855067 0
0.3605201225773053 -0.024540978395071175 0.19161092630531268 0
0.36057844856308274 -0.024504569842527496 0.19159050067383232 0
0.36103930792293043 -0.02422707683951189 0.19144871955487186 0
0.36126732204785883 -0.024190722445647822 0.1915674562067193 0
0.36213901775777824 -0.02268335733681713 0.1895458149073081 0
0.36403938853525986 -0.020349628397372893 0.18721508470100612 0
0.36541048827519607 -0.018488055511955342 0.18510473411065695 0
0.3665778345022597 -0.01708703335813795 0.18358266240219498 0
0.3676922860763067 -0.01566207681301178 0.1818192688780572 0
0.36900570144480593 -0.013974689909231258 0.18059614457554526 0
0.3700631944700431 -0.011694790135209632 0.17925316428332602 0
0.3744541465294705 0.0011700582033090656 0.17864389195863214 0
0.37893781145458527 0.016195317174343193 0.1792402213814173 0
0.3823013482718029 0.03011654500269889 0.1793634128689806 0
0.3858250404472116 0.0460363539958207 0.17988086639969897 0
0.38904268238039674 0.060722522587936714 0.18015141587972594 0
0.3916493866276459 0.07632575345381742 0.18005103512813228 0
0.3924356147191067 0.08335814686473117 0.1800714977862417 0
0.3924054904064814 0.08326805788203173 0.1805209646471798 0
0.39239531843018016 0.08316070677484727 0.18051088751201264 0
0.39238454542296186 0.08309812393031771 0.18050653453751145 0
0.3923900877590911 0.08302409825759838 0.18049580492726358 0
0.3925153472651438 0.08259065471784359 0.18044792495353185 0
0.39251895842820184 0.08257275044548915 0.1804533323500447 0
0.39253314995171706 0.08257177698536397 0.18048491713522882 0
0.39260644811726 0.08255642015282333 0.18064462116939173 0
0.3926616719833973 0.08256085935450982 0.18071192064150596 0
0.3930127488457745 0.0830809445073322 0.1832353447225494 0
0.393165249120724 0.08371115613956978 0.18433080781445865 0
0.3932787930705118 0.08381151415459723 0.18449528229081247 0
0.39327735193743363 0.08383971772941336 0.18449781601569784 0
0.39327749268312395 0.0838647833603126 0.18449323373720392 0
0.3937919123871536 0.08473005618379162 0.18618718063240178 0
0.39350336171074163 0.0851298764417974 0.18685826528112298 0
0.3935387916832323 0.08518970640164443 0.18698311946383528 0
0.3933513636995106 0.08588332480381936 0.18876934551449734 0
0.39352929850088353 0.0870137776247234 0.18957112572074586 0
0.3935431656518932 0.08718476251868051 0.18982853318837312 0
0.3931996112068181 0.08613270140620091 0.18861168609964227 0
0.3934968699352065 0.08599634588512706 0.18733212065051855 0
0.3935074045290515 0.08565916435379249 0.1869449889064218 0
0.39341016913329563 0.08565629827042716 0.18686840531812066 0
0.3933961493029759 0.08565940279776585 0.18688624762079167 0
0.39333833213490527 0.08592727494314287 0.18719310946009343 0
0.3934031054207324 0.08557268343061336 0.1871363037609466 0
0.3934780819484071 0.08515617446800161 0.1867785816555985 0
0.39346439432158564 0.08519030689201933 0.1867583347874148 0
0.39343614243699837 0.08523800917248162 0.1866884224052735 0
0.3933773467341588 0.08556509257836262 0.18700349008891237 0
0.39338177395364476 0.08552845417974311 0.18696472141636783 0
0.3934470527430851 0.08518667998569297 0.18662401393810132 0
0.40226862923598133 0.09392102607764977 0.18898134278154757 0
0.4134156903106963 0.10638662399044908 0.19928527029016596 0
0.42459345787252467 0.119511404124207 0.21814723407286019 0
0.432905609695873 0.13057777015547728 0.24081985957329505 0
0.4395696094861256 0.14246151884402294 0.265582946311765 0
0.44389251270880453 0.15337262209875613 0.2873249618838804 0
0.44574989325351394 0.1636435189896835 0.3051121619611898 0
0.44652825865855006 0.17282729032802546 0.3213028500871449 0
0.446197414118468 0.18078145731003598 0.33652986743195323 0
0.445193643239993 0.18709000845619367 0.34904867183709 0
0.44324938830157085 0.1923881890141868 0.3595539504782268 0
0.44035480435016733 0.19706234883027451 0.37026720443039907 0
0.43626254330243563 0.20080394538801832 0.37845219285908627 0
0.4317002480725819 0.20305548502608078 0.3858972320390426 0
0.4278794913272604 0.20398493466683668 0.39420695626446206 0
0.42451402793360205 0.2038719660574518 0.4080703096048735 0
0.42200772602087094 0.20277503650851203 0.4240620251263632 0
0.4236110504490036 0.20056388901580713 0.4351106783564945 0
0.4309529392290728 0.1965642993899872 0.4436665100982808 0
0.43961342713177287 0.19244966347373926 0.4463676411974918 0
0.43938409336751194 0.19257962539275864 0.4464145633660518 0
0.4386939777330525 0.19333056812968386 0.4471186990457625 0
0.43854389179220843 0.19374689287877297 0.4476267968243826 0
0.438385133665787 0.1937437248250053 0.4472092852814939 1
0.438635253245407 0.19366269546000014 0.4478518006836027 1
0.438654651486451 0.19361401635654268 0.44783315203289464 1
0.43867099950073335 0.19356836274584 0.447821043460919 1
0.438685168969486 0.19353046913222377 0.4478089957029034 1
0.43869904380432717 0.1934964869204061 0.44779120071920736 1
0.438699694660841 0.1934836826627208 0.44778360891471786 1
0.43870709593093293 0.19346854311302036 0.4477734060796436 1
0.4387074674355772 0.19346105322436705 0.4477560515660564 1
0.4387096939443543 0.19345585039611152 0.44775291114500443 1
0.43870879104180094 0.1934520936744454 0.4477454997934448 1
0.43871084792654313 0.1934468829366417 0.4477382844750103 1
0.4387070720006682 0.1934484526728008 0.4477319345648179 1
0.438704545434196 0.1934473610063631 0.44772127271864665 1
0.4387056862324737 0.19344714573636163 0.44771622613206413 1
0.4387083184503279 0.19344249359504861 0.4477081362720684 1
0.43870411896185996 0.19344296557831392 0.44770102082527363 1
0.43870327272135623 0.19344549549487577 0.4476927094418864 1
0.4387011713807728 0.1934446381188822 0.44769196773614456 1
0.4386995524752677 0.19344798524936158 0.4476903958960974 1
0.4386997803990016 0.19344779260998368 0.44769196773614456 1
0.43870017084461643 0.19344925974231408 0.44769012011681747 1
0.43870011848321677 0.19344420609910395 0.4476862219411395 1
0.4387022431488635 0.19344443257004162 0.44768819060718235 1
0.43869940284955 0.1934454918176755 0.44768561288065356 1
0.43869891166263114 0.19344593344116007 0.4476810133931859 1
0.4387013593658422 0.19344222394849037 0.44768153448276926 1
0.4386990364563419 0.19344674441634122 0.4476782676297468 1
0.4387005342710183 0.1934452400439774 0.4476838326622805 1
0.4386987560991204 0.19344568444163324 0.44768254283240116 1
0.4387004109483735 0.1934444403508735 0.4476844445288776 1
0.4488653123084945 0.19297586220625562 0.44657745674153204 1
0.46849597227393935 0.1899366019344265 0.446255847404937 1
0.488922190320368 0.1850372925776009 0.44584160421056823 1
0.4912897018046479 0.18442635233920449 0.4477306110048244 1
0.49155748962374074 0.18438084836490226 0.4497943656820928 1
0.4915483008551879 0.1844175442435689 0.4491523089058923 1
0.49143430421151724 0.1844256781857799 0.4480452356895931 1
0.49147506819441855 0.18430850237997531 0.4479352539185942 1
0.49308756831881273 0.18416480106381428 0.44723532899058727 1
0.501843384094604 0.18240599079654285 0.44598480487082975 1
0.5025871722574738 0.182164454310681 0.44728664040529437 1
0.5028573567546198 0.18694104280878393 0.4473086739947005 1
0.5029620284448854 0.18808305733678962 0.4472358351886324 1
0.502734976881708 0.18859809074008824 0.44734655232262754 1
0.5026754604632275 0.1886550750039325 0.4474373966508366 1
0.5024176049322528 0.1892958196800515 0.4401260954911896 1
0.5021741565474456 0.19005597649717848 0.4165943691280242 1
0.5022646348854295 0.18947698160888077 0.3961382632186378 1
0.5021146370902067 0.18932309351519921 0.3732018108365 1
0.5023819920179929 0.18893333785615768 0.3534228982275544 1
0.5022725352670043 0.18905813300903973 0.3336786003455624 1
0.5023600273778099 0.18885840280070587 0.31103823999924984 1
0.5020921268295386 0.1890609331158537 0.2885474760023466 1
0.5016675867097591 0.18904820484264329 0.26793431125915473 1
0.5016791683919442 0.18907674478945602 0.2455516042323561 1
0.5017372393166853 0.18903103194369852 0.22337720503839523 1
0.5019757215313728 0.18895805922007936 0.20099284882384313 1
0.501805964145549 0.18908475928947643 0.178577834052302 1
0.5020515966572282 0.18888706513852477 0.15858146531681444 1
0.5023535028432067 0.1888744523186638 0.13639610535880708 1
0.5012581231749067 0.18914103635956772 0.11484900669583031 1
0.5019758149776989 0.18908057295832278 0.11278231212121911 1
0.5028389970547106 0.1947214778833799 0.11346293358711043 1
0.5025713297891939 0.2101093481634036 0.11368159642820279 1
0.5020100408085588 0.2180648475907574 0.11381653363203642 1
0.5019719915224055 0.21839138981147704 0.11301408309021657 1
0.5018696150974564 0.21839353645997137 0.11275872992497014 1
0.5007524984179798 0.2189970047757293 0.11206043129937607 1
0.5014917996302694 0.2184212621075673 0.11262216369503496 1
0.5020096554361694 0.21829998315978302 0.1128722654705253 1
0.5013767540106309 0.21813393709438192 0.11268189308370438 1
0.501936879225752 0.21825458832722222 0.11289873886363572 1
0.5017335950149182 0.21792726951253602 0.1123816864803344 1
0.5020015298855411 0.2179374103468062 0.11275669605281607 1
0.5036127600135378 0.22068395893990367 0.11333278753364351 1
0.5060497527654484 0.23204969150550703 0.11260949507731177 1
0.5085806674307174 0.24279790980782767 0.11285080571069572 1
0.509132298881557 0.2442685426451766 0.11295070683706626 1
0.5091158196738707 0.24427935366585998 0.11294313009959106 1
0.5091333920545028 0.2443637740047217 0.11290857458481526 1
0.5091573184697237 0.24865392914997397 0.11259023236003256 1
0.5090857008361954 0.2508653573261548 0.11215589779167504 1
0.5091841725211878 0.25089636680313954 0.11242552743170509 1
0.5091968548092279 0.2508944532381445 0.11249650371862899 1
0.5091756456747442 0.25088370132025806 0.11251166783784321 1
0.5091602301662357 0.2508818659429256 0.11251985711811173 1
0.5091509190677099 0.2508659135412128 0.11251985358247014 1
0.5091526315644042 0.25085593781910165 0.11252757524012329 1
0.5091488810922705 0.25084173955467803 0.11252554164667783 1
0.5091479586092859 0.250828611687959 0.1125263168749802 0
0.5091430015240058 0.25082730551865323 0.11252638933444557 0
0.5091464195446382 0.250773469963144 0.11246360743297415 0
0.5091525368111766 0.25075122579963216 0.11246058217661876 0
0.5091485330987596 0.2507576242493944 0.11245863719373322 0
0.5091480090083031 0.25075528779370543 0.11246161352017825 0
0.5091470001509338 0.2507530252513606 0.11245817739091747 0
0.5091489691163 0.25075129361822523 0.1124580585142273 0
0.5091478512229742 0.25075079765801633 0.1124586991238031 0
0.5091508868571898 0.25075103340345645 0.11245995908347756 0
0.5091431560087846 0.2507553529054017 0.11245582025969009 0
0.509145591361025 0.2507580659032927 0.11245850478091583 0
0.5091453374208486 0.25075824282504633 0.11246208647469899 0
0.509143077551961 0.25076364930468587 0.1124647692799502 0
0.5091433753786508 0.25075425425822956 0.11245778931882942 0
0.5091423762471591 0.25075414787402683 0.11246024355252679 0
0.509144163563016 0.25075287767653553 0.11246056265239691 0
0.5091453585511315 0.2507519278557859 0.11246179937030801 0
0.5091465613943451 0.2507549733731225 0.11246640332280536 0
0.5091364667772457 0.250761061823637 0.11245977342373895 0
0.5091395447597428 0.2507521733880086 0.11246238099953267 0
0.5091391143095525 0.2507575740985164 0.11246057079668398 0
0.5091402853168151 0.2507557518759833 0.11246409476245782 0
0.5091439214884342 0.2507515936986424 0.11246534294023883 0
0.5091400203233903 0.2507581572608727 0.11246681851214926 0
0.509136311128603 0.2507609144609514 0.11246358816473226 0
0.5091425681680014 0.25075811541240506 0.11246095201218194 0
0.5091468708227918 0.2507491089944247 0.11246090630277351 0
0.5091453099181242 0.25075117151243087 0.11245804116977383 0
0.5091421995920155 0.2507540949921594 0.11246429189768714 0
0.5091452326530974 0.25075126693834354 0.11246338352194465 0
0.5091485793150934 0.2507477715451468 0.11246415822698796 0
0.5091432267227054 0.25075489270550483 0.11246251997333855 0
0.5091434931112068 0.25075832308066376 0.1124634631701155 0
0.5091436515568687 0.2507528966260852 0.11246331185051034 0
0.5091478211603222 0.2507487479020748 0.1124635751182496 0
0.5091421929248567 0.25075695265504283 0.11246392563133181 0
0.5091419452170762 0.2507535513910393 0.11246076667387934 0
0.5091383251950296 0.250753962909456 0.11245635634305252 0
0.5091395599856012 0.25075743352727364 0.11246547836185289 0
0.5091384300777639 0.25075838729543226 0.11246241689609177 0
0.5091419152648335 0.25075222518513557 0.11246690015396484 0
0.50913973434033 0.25075818205346895 0.11246190313568072 0
0.509139869464484 0.2507573601339136 0.1124665640837301 0
0.5091455581274881 0.25075546108805546 0.11247049308667655 0
0.5091388643298405 0.25075367336955556 0.11246385382101454 0
0.5091382025231573 0.25075875013663484 0.11246531706097578 0
0.509140158697904 0.25075303947769967 0.11246633762609837 0
0.5091381487107535 0.250755615433365 0.11246231073976726 0
0.5091366500176048 0.25075944242465764 0.11246929632303475 0
0.5091395014981752 0.25075608093510343 0.11246476465716285 0
0.509136101463024 0.25075810223148787 0.1124649344811953 0
0.5091389263664826 0.2507574950937694 0.11246859039886231 0
0.5091410285278437 0.2507563659627675 0.1124715356454854 0
0.5091432867592534 0.2507527197696085 0.11246713829338623 0
0.5091417852898381 0.25075380859297286 0.11247428482786798 0
0.5091341626492951 0.2507557323451271 0.11246755884701667 0
0.5091362327400075 0.2507633389571066 0.11247354560811085 0
0.5091363344312336 0.250755487625477 0.11246949002289928 0
0.509140537330238 0.25075279496302094 0.11247067595188101 0
0.509137192029455 0.2507588309761756 0.11246512508401846 0
0.5091404584732444 0.2507533935314371 0.11246544487481897 0
0.5091394045770109 0.2507563094830629 0.11246531706097578 0
0.5091386798040971 0.25075366215586825 0.11246410192821832 0
0.5091374424410744 0.250755362706765 0.11246823469642929 0
0.509142288716286 0.25075396599526695 0.11246936059761933 0
0.5091373063263435 0.25075758108859963 0.11246317359961416 0
0.5091399981693008 0.25075286207052633 0.11246771703549341 0
0.5091407479754655 0.2507557799836452 0.11246496179674599 0
0.5091397804110636 0.25075842714973007 0.11246962390239404 0
0.5091400372510462 0.25075234554367914 0.11246426322151601 0
0.5091435870344684 0.2507580097112052 0.11246409618994029 0
0.509146428490888 0.2507503389836383 0.11246044477620405 0
0.5091367827756231 0.25075994611245145 0.11246010393911288 0
0.5091375562655618 0.25075511059057315 0.11246002946259596 0
0.5091439441699687 0.25075303633516266 0.11246398251759333 0
0.509137764615935 0.2507586567490961 0.11246059740887628 0
0.5091422473673495 0.25075340212712005 0.11246301311621851 0
0.5091421217700928 0.25075557895927003 0.11246472682694529 0
0.5091406830369719 0.2507569828410764 0.11246329706087858 0
0.5091420668100335 0.2507535334037067 0.112464062996561 0
0.5091382069314563 0.25075654660633334 0.11246235175644811 0
0.5091411338705819 0.2507524078298895 0.11246036167004726 0
0.5091409306584922 0.2507564789464195 0.11246067955114214 0
0.5091423981766748 0.2507533190935285 0.11246456036708372 0
0.5091409832592737 0.25075825793651885 0.11246394667676628 0
0.5091435563221746 0.25075152147370233 0.11246302858701479 0
0.509136368910946 0.2507610101699148 0.11246287726759517 0
0.5091428821692255 0.25075562515869343 0.11246568991169856 0
0.5091438909364158 0.2507532675398758 0.11246460029230028 0
0.5091427722045049 0.2507513223679437 0.11246020394187403 0
0.5091437349311729 0.25075511587705995 0.11246619369585678 0
0.5091527880049821 0.2507416878136581 0.11246554322064321 0
0.5091560944057238 0.2507367892635857 0.11246842880314274 0
0.5091600610645097 0.2507319849290228 0.11247194876023077 0
0.5091564636792418 0.25073415831781576 0.11246690812205265 0
0.5091584581028462 0.2507312122083326 0.11246841336752579 0
0.5091551588563346 0.2507348121860937 0.11246790341125902 0
0.5091560605086998 0.25073334590791946 0.11246575199941942 0
0.5091552507638899 0.2507356979077649 0.11246884485240523 0
0.5091558827986102 0.25073684831315735 0.11246622753667582 0
0.5091537098000507 0.2507348664394352 0.11246792883728979 0
0.5091582850310732 0.250732086098832 0.11247362719175849 0
0.5091537712788329 0.25073525591493145 0.11246879677498435 0
0.5091362986765388 0.25075974906535897 0.11246117388845715 0
0.5091239056783183 0.2507535260883631 0.11255718817477564 0
0.5091161867673193 0.25075522994487504 0.11256357422946038 0
0.5091264143877948 0.2507454017535225 0.11255868100634597 1
0.509127846757 0.2507537134034944 0.1125538535532306 1
0.5091281466463093 0.2507474930774522 0.11254688572752851 1
0.5091354058112914 0.25074490351259504 0.11254668769785298 1
0.5091329412809651 0.25074158634559174 0.11254355917294165 1
0.5091346375227104 0.2507468931716764 0.11254578608688129 1
0.509133313596384 0.2507464856595468 0.1125444280891673 1
0.5091557809247219 0.2508036728116852 0.11251750414283229 1
0.5096641946119654 0.2585824019001296 0.11346234776952818 1
0.5090329917412613 0.2680152673395019 0.11244674202432206 1
0.5094880635616709 0.268456632316285 0.11278606743882312 1
0.5094354469058762 0.26848706242678894 0.1127738064921288 1
0.5094090730558882 0.26848894855459504 0.11275758000842478 1
0.5093905151010808 0.26849281869532254 0.11274691968014636 1
0.5093744650528395 0.26849482937669406 0.11273632150834811 1
0.5093612744529865 0.26849650989533935 0.11273040510152713 1
0.5093567856690364 0.26849043508158243 0.1127225367615852 1
0.5093497448531219 0.26849142336475307 0.11271427261108169 0
0.5093477308682539 0.2684903179469579 0.11271705124324335 0
0.5093043537849513 0.2684828105075971 0.11264427625725511 0
0.5089535267120554 0.26861205100882535 0.11233699211276549 0
0.5093795953407412 0.2684744505616899 0.11271335144107278 0
0.509363811504701 0.2684821245242953 0.11270085379442732 0
0.5093523480005683 0.2684818919931395 0.11268932202901044 0
0.5093359247921233 0.2684933548382711 0.11267798781134619 0
0.5089761502717229 0.26862739774409167 0.11258993498788512 0
0.5093548481229373 0.26870912960244564 0.1130213838022251 0
0.5092470306259043 0.2686963461514703 0.11286559805400999 0
0.5091668398161342 0.2686967732765183 0.11287554154420326 0
0.5078533432371851 0.26854015717751534 0.1125982828036358 0
0.49162324202134056 0.2681982921224816 0.11273627365925713 0
0.4727686321357476 0.2676862867971313 0.11242534737926754 0
0.465659805870394 0.26700521085803525 0.11213064742587174 0
0.4651652443041691 0.2669512689526137 0.11246190615847394 0
0.4651953274040611 0.26688373860181996 0.11243465410639007 0
0.46519813497461704 0.2666804460509496 0.11233632854245985 0
0.46520834607789163 0.26662703760532286 0.11231239827904328 0
0.46621017232669437 0.26646303551173056 0.1125041695512754 0
0.4659969686322545 0.26642784715290185 0.11421864786110632 0
0.46675854274193274 0.2663833133618606 0.1344056003809132 0
0.4663183236841593 0.2662499377749402 0.13560785473227277 0
0.46636490161025157 0.2661305489462551 0.1537497419020553 0
0.4661947096518456 0.2659599375221157 0.17363862461048465 0
0.46649446309854575 0.26586991858207343 0.19359249326622538 0
0.4662934356508163 0.26570283827035496 0.2154594360455133 0
0.4658184993587964 0.2661488164489852 0.21876730855725207 0
0.46578119524153827 0.26633126046677613 0.21919557649094742 0
0.4708902719601884 0.26650572909535414 0.2205194218326637 0
0.4843469689901965 0.26724615640288607 0.2191989133903952 0
0.49238066779088013 0.26686913230203446 0.21937916249716924 0
0.4973528891857573 0.26699804515509556 0.21983673427535033 0
0.5008995902207579 0.26626404691139527 0.2197205272932212 0
0.5015719904513614 0.26614434619428196 0.2195318828635922 0
0.5014835311473358 0.266136339359595 0.22125860719685114 0
0.501968481299825 0.2658280614076784 0.23436681711239465 0
0.5013273494877707 0.2659306901190772 0.2347455596382064 0
0.501369559705269 0.26590070876692307 0.23465624200200053 0
0.5011269602148047 0.266307693446645 0.23459461522505404 0
0.5008347381332383 0.2666225423060691 0.23440149220178236 0
0.5004384773044163 0.26733181356705055 0.2341320244681455 0
0.5007482480165976 0.26708453291365153 0.23458544222830385 0
0.5009784604457971 0.2666003892160849 0.2341898206149056 0
0.5012011971197468 0.2641025600347159 0.23475413398028494 0
0.5030912465717304 0.24586402044290886 0.2340948891311658 0
0.5057750129883123 0.22820037497335288 0.23516273511460756 0
0.5092648008617057 0.20762779816926974 0.23433443282118138 0
0.5135339063322953 0.1876556985504027 0.2344065273389262 0
0.5195158451044924 0.16722974156305564 0.2344335846154112 0
0.525484515713804 0.14921482001113712 0.2344157295851811 0
0.5312721548208172 0.13092598940375066 0.23425483966850136 0
0.5380419073661823 0.11058887580200004 0.23438654159923208 0
0.5445486534774737 0.09029274385891353 0.23439210298323265 0
0.550999749944526 0.07016604197381501 0.2342714306157168 0
0.556147554583293 0.053419364476758546 0.2331185277874036 0
0.5575223690215918 0.04852865936072344 0.2351793832356907 0
0.5576280000809556 0.04852865794630597 0.2355378170293846 0
0.5526343243968348 0.04786676639624732 0.23627687497592081 0
0.5474650639831429 0.04347279171757551 0.23519644506295279 0
0.5466483606353567 0.04330795070880289 0.23480782075479073 0
0.546613974711326 0.04298323339589362 0.23397269247788002 0
0.546580609896236 0.0426311706455854 0.2335871207287428 0
0.5465981289552994 0.04273538178627566 0.23475325734736446 0
0.5452907841994615 0.03076603631947182 0.23413362539516255 0
0.5409770097487583 0.012964498539024066 0.23544405172244312 0
0.5351388457772364 -0.0035524194477328103 0.23606137019182766 0
0.5292125079107137 -0.018242788955023514 0.23655257215026268 0
0.524266129793342 -0.02993420495776175 0.23722805230505348 0
0.5190761174930696 -0.04070989446761433 0.2378381989920313 0
0.5134634149256615 -0.0523202970042992 0.23875950397987136 0
0.5081803893636363 -0.06215494283649678 0.23943968869107915 0
0.5023365728211652 -0.07261354278856583 0.24071525813663902 0
0.4971054835061982 -0.0821822126692515 0.24135138819128 0
0.49179007942354264 -0.09085945947441543 0.24184276322671233 0
0.48649501498766023 -0.09909294322521094 0.24335752676544814 0
0.4803413803533193 -0.1082199695799572 0.24356688672077892 0
0.4750259736278089 -0.11602600552153003 0.24446175848058735 0
0.468973981583653 -0.12414268325436068 0.24547462799880393 0
0.46322103499512135 -0.13213790414263527 0.24597622702574548 0
0.45730243555149863 -0.13969816402500393 0.24692382231329232 0
0.45221367150278 -0.14603616175520237 0.24797206047966971 0
0.4478272185233544 -0.15182792774553638 0.24848873779168612 0
0.44707402954155734 -0.1528031279745578 0.24851386376276785 0
0.4470734789327414 -0.15279810903561986 0.24851148660903902 0
0.44707803609295177 -0.15278219343872568 0.24849881761905596 0
0.4463262152557432 -0.15260052781646033 0.23364728935637744 0
0.4450292187608528 -0.15167990982539586 0.21563897871383725 0
0.44355128999423815 -0.1502814174436413 0.19845780023937737 0
0.4419865003662987 -0.14821161446399245 0.18386174844868225 0
0.4397966734761738 -0.1463323614756734 0.16891172390823742 0
0.43748263102015056 -0.1442255599419164 0.15257529192662617 0
0.4348046612827441 -0.14104614175035995 0.13721023735380417 0
0.4328585395433307 -0.1390761030244202 0.12639561724694148 0
0.4326228833281327 -0.1389569285136829 0.12568058311480584 0
0.4304818076799429 -0.14185555298909164 0.1280994824049779 0
0.42786828394211307 -0.14710781523996935 0.1322634711663321 0
0.42607270611347 -0.15167134302439744 0.13587483829192432 0
0.42503400417850795 -0.1528137166262657 0.13662807667656868 0
0.42357788044970784 -0.15587020252701703 0.13911369195388462 0
0.42198967412952654 -0.15971208463362097 0.14312597059818166 0
0.42094800560653434 -0.16295645173513773 0.14677712579771857 0
0.4198339694476612 -0.16675986528891854 0.15090402328387564 0
0.41842235699265634 -0.1697336989456845 0.15455350564561443 0
0.4169053437578245 -0.1729580410295849 0.15817595665280643 0
0.4161700589732345 -0.175168286962527 0.16031701739056045 0
0.41458581517308235 -0.1745154085538561 0.15392020413783314 0
0.4122611765016153 -0.17236300640070135 0.13869073128327883 0
0.4097650603803511 -0.16899212633637042 0.12316552113599954 0
0.40900095235820894 -0.1680825195644024 0.11903522761151282 0
0.408221205328247 -0.1682115339904796 0.11950270683479702 0
0.4068537695373842 -0.1718874623579687 0.1240383690126132 0
0.405342167333727 -0.17623872864887272 0.12865963878657982 0
0.4037555208657933 -0.18012750676577693 0.1331021405747612 0
0.4022163071325362 -0.1837051515553216 0.13742837812810177 0
0.4012891146753543 -0.18702910640806708 0.14140609787675576 0
0.39992259106434147 -0.19016649968204602 0.14522947802721148 0
0.3985066744197575 -0.19294415177321858 0.14879974985061079 0
0.3974847374504508 -0.19590744702980278 0.15236432528293836 0
0.39533643340669955 -0.1992612125794226 0.15629008043435952 0
0.39388944666247394 -0.20203975136481614 0.15914514794905305 0
0.39043029132092816 -0.20345045302408893 0.15207026843779203 0
0.38601823797319473 -0.20388673636583204 0.13992166687507696 0
0.38178701720957486 -0.2041435579924556 0.1279046974152857 0
0.37717707174333087 -0.20412082334827675 0.11657922040059132 0
0.3736545568087647 -0.20432988629057075 0.10850738154569758 0
0.3718697031376879 -0.20718350934117763 0.11054613834278423 0
0.37123604930806636 -0.2080343223674906 0.11151235295599002 0
0.3712854923089733 -0.2081031838418856 0.11172878890884544 0
0.37129880204271054 -0.20808369674962274 0.11169282822977972 0
0.3713166982036276 -0.20806611327796534 0.1116688966750381 0
0.37132399641059083 -0.20804484249341829 0.11164182060762114 0
0.3713271385362056 -0.20801499902790332 0.1115905091745299 0
0.37132536572132596 -0.2079807906028193 0.11154297475784761 0
0.37202865879029595 -0.2075528737756831 0.11154063715708393 0
0.3786491921887433 -0.20419918439390572 0.11287614413738722 0
0.3847589937066392 -0.19994901667316964 0.11393849337203202 0
0.38571896739366046 -0.19985539451879653 0.11488073179048658 0
0.38568681323344217 -0.19984872255619168 0.11485020442603287 0
0.38565701655663975 -0.1998551928787129 0.11482320275049684 0
0.38563373364719544 -0.19985387442629715 0.11480107682106688 0
0.38561917258676587 -0.1998593100779185 0.11478753265393746 0
0.38560674525030636 -0.1998698422500063 0.11477507027066854 0
0.3855916344337167 -0.19988139158109658 0.11476583281262565 0
0.38558218743149403 -0.19989466036698073 0.11476302099535932 0
0.38557952293758635 -0.19989903715036617 0.11476521474619114 0
0.38593349828496554 -0.20046411271060216 0.11686295186600222 0
0.3867283204711142 -0.20181888634896136 0.1222611956858166 0
0.3867062825178822 -0.20179126240178794 0.12213574081217883 0
0.3860144799081024 -0.20101198624206437 0.11822103716382679 0
0.3849413484923948 -0.19992041047207063 0.11261217864617626 0
0.3849111375366597 -0.19981572961320618 0.11234273396517269 0
0.38533313836981836 -0.20000910081741108 0.11455131524373971 0
0.3853512535225276 -0.20005586887570775 0.11464005234011344 0
0.385384974017667 -0.20012178581539253 0.11485613539756462 0
0.3856197664079791 -0.20022891871602275 0.11662425674806734 0
0.3854725735122391 -0.20038268535595444 0.11785056297085603 0
0.38514227646424914 -0.20100925483505355 0.11988711459713441 0
0.38487467480803317 -0.20108954090634495 0.12178966413723805 0
0.38429750188495737 -0.2015002013970818 0.12350929737392688 0
0.38444127359211266 -0.20157635209671687 0.12490656410008494 0
0.3842056421926615 -0.2018704867430078 0.12597689437496315 0
0.38419377621485035 -0.201894299271755 0.12602039431557513 0
0.3839700110737729 -0.20183458056552878 0.12777418559717157 0
0.38389000189683287 -0.20196013552811987 0.12811332100012965 0
0.38366481078646975 -0.20156979343638096 0.12905144617774866 0
0.3832799296450594 -0.20180223099808509 0.13050624464109575 0
0.38285699663745665 -0.20154150013627162 0.13199641920314928 0
0.3825639613831662 -0.20118157328621006 0.13258804361293583 0
0.38236552804774276 -0.20133429604649716 0.13341976325657434 0
0.38222143938190395 -0.20141105862296294 0.13404045398577172 0
0.382108738667279 -0.2012259287007304 0.1346809793287178 0
0.3806814541857527 -0.20190293616059124 0.1343268190543062 0
0.37410880381594175 -0.20628775264978372 0.1342177924048566 0
0.3684500834220048 -0.2101807035728535 0.13377123644130884 0
0.36757343691490496 -0.21045667090655723 0.13368096948719393 0
0.3675708812187911 -0.21046222719374158 0.13369250856963627 0
0.3675660855811735 -0.21046967250287632 0.13369743534402265 0
0.36589764099502264 -0.21127128314635657 0.13389536618964099 0
0.36186515375451433 -0.21299089998926202 0.13246579101740963 0
0.3600777088942242 -0.2140273849721 0.13225783179467912 0
0.35981811774214095 -0.2136439925842611 0.1331495751857438 0
0.3596319620054279 -0.21328562223477104 0.13324631716645072 0
0.3596451931762664 -0.21329184598907844 0.1332400578471787 0
0.3596654722973428 -0.21329994416627795 0.13323659830789158 0
0.3596641791762891 -0.21330962360407624 0.13322942976292232 0
0.3596711072956726 -0.21330818484058017 0.13322624092292173 0
0.35967521171915223 -0.21331300118552754 0.13322747482283454 0
0.3596745410928607 -0.2133185300568293 0.13322468399505766 0
0.3596764258200253 -0.2133137114001058 0.13322591950626722 0
0.35968202517293935 -0.21331685489533456 0.13322008554637096 0
0.35968034050805825 -0.21331845767835997 0.13321764981161302 0
0.35968386037307953 -0.21331549623094245 0.13321711256160507 0
0.35968497646735265 -0.21331976575429212 0.13321371155617967 0
0.3596780102927385 -0.21331978249690847 0.13321320209441867 0
0.35968284110412824 -0.21331885151334412 0.1332138341319544 0
0.3596838349737043 -0.2133135401962002 0.13321109288986202 0
0.35968096222536505 -0.21331685235134396 0.13321016655630427 0
0.35968346287112063 -0.21331506046617493 0.13320629559681602 0
0.3596809909434293 -0.21331963489257819 0.13320878950293408 0
0.3596827413896352 -0.21331801651421783 0.13321015325856617 0
0.3596829806378861 -0.2133159742237979 0.13320686681406865 0
0.35968000214500384 -0.2133187390241904 0.1332082387320256 0
0.35967968316046905 -0.21331978624071257 0.13320752011347695 0
0.35967855645617597 -0.2133182991319587 0.13320488699741775 0
0.35968318569720986 -0.21331941038611996 0.1332075223739441 0
0.35968273183913124 -0.21331707417834156 0.133208556317471 0
0.35967882973387477 -0.21332271168685019 0.13320873290486096 0
0.3596823424417781 -0.2133234651439043 0.13320749898711343 0
0.3596841899188813 -0.21331417699008953 0.1332062982615561 0
0.3596801762802021 -0.21332157408524116 0.13320788913856124 0
0.3596822350215206 -0.213321434616554 0.13320425837420963 0
0.3596859187524055 -0.21331985171930287 0.1332064340384243 0
0.35968336333981826 -0.21332080875480758 0.13320573099442906 0
0.35764144145342647 -0.2172524220845313 0.1343133011115883 0
0.3522325724700651 -0.22343014762477403 0.1355727522831225 0
0.34824585984880013 -0.22709093243601494 0.13609822743963365 0
0.34808936763511844 -0.22732636368455666 0.13621488206699223 0
0.3540506068303627 -0.22378082808108218 0.13671406613336212 0
0.3556361161684458 -0.22219965047416182 0.1363790865461529 0
0.3557716015947776 -0.2220100340058618 0.1364733183869143 0
0.3553474207095558 -0.22177198492674516 0.13730403194678492 0
0.3553184429940638 -0.2218492470529659 0.13845648153716889 0
0.3552695334489438 -0.22183044629610432 0.1392774326383282 0
0.3549500017765863 -0.22209045199612792 0.13976720919765612 0
0.35387872282783644 -0.22135901375854847 0.14057469617529708 0
0.3542229889050821 -0.22152443851311734 0.14123756650413807 0
0.3541649491078332 -0.22146767446427557 0.14120514875561146 0
0.3541470512694864 -0.22145669594848302 0.14119843230989085 0
0.35413379608559475 -0.22144736295236483 0.14119526702301655 0
0.35412703663098893 -0.22143932737987393 0.1411896452990126 0
0.3541175528010585 -0.22143530289146077 0.14118594701122467 0
0.3541161552186966 -0.22143083133797672 0.14117902935693713 0
0.3538037635270724 -0.22016518780678312 0.14090434239906469 0
0.3548215484319112 -0.21913056390668978 0.14035401821914012 0
0.3548710599602516 -0.21908305163386088 0.14068904678473687 0
0.3549237902022449 -0.218339084350504 0.14138205787468777 0
0.35445782664048225 -0.21757941011600018 0.141655358273233 0
0.35430032955029683 -0.21731243973373612 0.14213739051730528 0
0.3542991942636124 -0.21735053627999307 0.14209298135598655 0
0.35429873831454506 -0.21739193435998058 0.14204073382313828 0
0.35432984940989243 -0.21751254854008367 0.14149497805222105 0
0.35431908173698856 -0.21752035038626227 0.1415545727237867 0
0.35428010048704583 -0.2174576951781067 0.14204696467412375 0
0.3542769474376726 -0.21748657490839007 0.14197499549449816 0
0.35426994715435134 -0.21751526546394442 0.14190950558853935 0
0.3542593816535826 -0.21767234668676605 0.14138922506314394 0
0.35418796125062074 -0.21776608021553157 0.14148644472536717 0
0.35415434390840217 -0.21768325618327852 0.14198962560710005 0
0.35415513107450325 -0.2176901379519987 0.14195525723772684 0
0.3541659089483774 -0.21769333747342612 0.14187603291269404 0
0.3541967054297368 -0.2177704537126084 0.14139102264439163 0
0.35419340840097085 -0.21775225926454667 0.14149015595631043 0
0.3541598520378431 -0.21767172062681844 0.14198882665954812 0
0.3541669930330957 -0.21767663625176648 0.14194217711660567 0
0.3541722852228787 -0.2176860354344997 0.14187209172049353 0
0.35420884750489706 -0.21775010594677685 0.1414048477666061 0
0.3542014771642721 -0.21773529653645785 0.14150610963977706 0
0.3541689862472227 -0.21766082124119118 0.1419880571663127 0
0.35417509845196005 -0.2176680167403952 0.14194394368443936 0
0.35420659436618446 -0.21773598919767448 0.14146784454495873 0
0.354210992175695 -0.2177409395023185 0.14143493057911508 0
0.35441585988970276 -0.21830370479076988 0.14103469005741695 0
0.35362824783315794 -0.22237284654009598 0.14265071319604014 0
0.35268291091651344 -0.22354076214959331 0.14250584139496025 0
0.35260172907717735 -0.2236973670642916 0.1425155565429539 0
0.3525500260461003 -0.22378221059892975 0.1425214279284456 0
0.3525459673930786 -0.22378774757111564 0.1425374408177584 0
0.3520380096873878 -0.22295102460872154 0.14313944587595662 0
0.3519486974797149 -0.2235895117763459 0.14418948866375675 0
0.3518428213178596 -0.22350987427424773 0.14413482426971447 0
0.35183950227855215 -0.22349125787370774 0.1441417360214788 0
0.35156767911221815 -0.22298233377303406 0.1450007586305992 0
0.35111012275288894 -0.22216149839031235 0.14557994174399103 0
0.35120809290154276 -0.22219325786321775 0.1454637148114296 0
0.3515092363499791 -0.22253332553174668 0.14562893474622274 0
0.3513556512328479 -0.2226485304183098 0.14561992852531397 0
0.35129828707293664 -0.22262547839483543 0.14561161440502823 0
0.3509986068131215 -0.22205956634503612 0.1465560182342345 0
0.3503977833730525 -0.22095418268386316 0.14552801286408495 0
0.350400032444708 -0.22088262007888892 0.14548765662629673 0
0.35041627764448335 -0.2209052561600845 0.14547947056015959 0
0.3503613160214034 -0.22085146316348042 0.14520320162174183 0
0.3501321329068646 -0.22103169604109218 0.14522423682530541 0
0.350127052871779 -0.22103295759269234 0.14534535605713397 0
0.35016804323089096 -0.2209540777333892 0.1452050769252609 0
0.35035895118567034 -0.22067761164208782 0.1454734502961719 0
0.35033960430282535 -0.22066052749708015 0.14547250389065558 0
0.3503043179390797 -0.2206333518857453 0.14545437020042667 0
0.35027152298106956 -0.220612997121111 0.14543131561061132 0
0.35025407646253937 -0.22059549156636443 0.1454219343475556 0
0.35024617007924885 -0.22058430935938364 0.14541445852055035 0
0.35024252937795985 -0.2205803759100343 0.1454125920265028 0
0.35024543452514406 -0.22057226646462214 0.14540972509850958 0
0.3502478712166265 -0.22057169017014244 0.14540680436318892 0
0.35025137691764935 -0.22056463564750534 0.14540818414161244 0
0.35025077526805415 -0.22056717031750747 0.1454036188278335 0
0.3502528932191698 -0.22055864210607157 0.14539887495605 0
0.3502556060770872 -0.22055697485492903 0.14539621585175835 0
0.3502524081316951 -0.2205587356819898 0.14539871818923555 0
0.3502521996283693 -0.22055778753514116 0.14539633075277092 0
0.35025509688527146 -0.22055443181526366 0.14539837456982932 0
0.35025651342576797 -0.220554000736488 0.14539700528748042 0
0.35025386516041374 -0.22055417623562182 0.14539937378943704 0
0.35025912431328604 -0.22055252734662034 0.1453946596548149 0
0.3502557713773606 -0.22055363029504746 0.14540010186505742 0
0.3502571749187964 -0.22055357624458963 0.14539751201246182 0
0.3502537903256227 -0.22054979084611404 0.14539639404408045 0
0.35025943819394745 -0.22055108244981736 0.14539935291217507 0
0.350257836901743 -0.22055318182982975 0.14539601858556328 0
0.3502565887157907 -0.22055351437470377 0.14539679231904085 0
0.35025818860886443 -0.22055180238342156 0.14540001873054606 0
0.35025804258932625 -0.2205515302858661 0.14539922141520226 0
0.350259902229902 -0.2205493293915638 0.1453972142299339 0
0.35025807506889567 -0.22055059949639072 0.14539663640669093 0
0.35025770900779285 -0.2205529410451132 0.14539525923777352 0
0.3502589577508568 -0.22055217099885455 0.14539659288631537 0
0.35025786162505473 -0.22055377377071414 0.14539704563300973 0
0.350258111783754 -0.22055164092325896 0.14539540684640326 0
0.3502591761479845 -0.22054796142847027 0.14539790957778875 0
0.35025631691920395 -0.22055238852277032 0.1453943779804544 0
0.35025795137721766 -0.22055032789086076 0.14539807018407275 0
0.3502553397946663 -0.2205459504091703 0.1453945328064076 0
0.3502594920527875 -0.22054692935889975 0.14539695519345483 0
0.3502576618603022 -0.22055080766930574 0.14539238252545922 0
0.35025775629177963 -0.22055196846155092 0.14539548649634176 0
0.3502595100969102 -0.22055054223833764 0.14539566497479295 0
0.3502582865527867 -0.22055092715626312 0.14539540202012255 0
0.3502556588561801 -0.22055117647409012 0.14539478690474228 0
0.34936590682755675 -0.22066232690056606 0.14524068965523185 0
0.3300586116193347 -0.2329745188318479 0.1451982199374833 0
0.3263240139494785 -0.2348353552394099 0.145448461730104 0
0.3257567746476362 -0.23567951309858542 0.14536060284399802 0
0.3257625841007792 -0.23419595054586334 0.1451969560656247 0
0.3262194384949898 -0.2342732600585502 0.14566904842387526 0
0.3262466406575921 -0.23419810542442193 0.14556084022407048 0
0.32645718634457804 -0.2338412425975654 0.14518607208818077 0
0.32607818957889073 -0.23358067281081146 0.1450687947999838 0
0.3261410942347067 -0.23360506112311508 0.14512551035745166 0
0.3265311212953897 -0.23378664399319982 0.14530686839544624 0
0.3266374606742029 -0.23383712736164508 0.14538814226981162 0
0.3265442058790821 -0.2337303851135965 0.14581686394534754 0
0.32609226565373134 -0.23352525299738236 0.1455850943655022 0
0.3260914319267962 -0.23357966696345223 0.14506970289864174 0
0.32617465070961277 -0.2336215456563589 0.14514507655432157 0
0.3266679419955642 -0.23385149979352693 0.14536147806440936 0
0.326610464087892 -0.23381752617513885 0.14537748712993762 0
0.32653779300497837 -0.23377993634952887 0.14540188991752792 0
0.32600868586600795 -0.23348530846153945 0.1456221956275811 0
0.32606290471418237 -0.2335142980800119 0.1455724689240959 0
0.32629947243598245 -0.23368519142581312 0.14514769334382763 0
0.326661928120878 -0.23385636829757234 0.1453231788839453 0
0.3266025114708208 -0.23382281203182323 0.14533929674564655 0
0.3264979763294822 -0.2337689701766344 0.14533723050916428 0
0.3260454503772905 -0.23353860990890157 0.14531385226885807 0
0.32609876602826254 -0.2335329017071453 0.14561600324466853 0
0.3266521258701215 -0.23381951438417437 0.14568946800021965 0
0.3266372552159421 -0.23385100757088412 0.1452884010895578 0
0.32657149496234444 -0.23381708112901234 0.14529930807486652 0
0.3260114437485534 -0.2335445764921401 0.14513416026948228 0
0.3260625475786889 -0.23354627165494513 0.14532286690055368 0
0.3261013292007513 -0.2335348767792903 0.14563005032123494 0
0.3266237906852557 -0.23379771943111577 0.14574078936492527 0
0.3266477156361702 -0.23387126713757853 0.14520692908770527 0
0.3265796264588154 -0.23384129321054004 0.14527986706459362 0
0.32602205790570826 -0.23350957619952786 0.14559932515930946 0
0.32605963295930374 -0.23353469623624423 0.14558068476704358 0
0.3255365209169553 -0.232772533943762 0.14573785941609732 0
0.32534736827091115 -0.23146369969659905 0.14616495515349875 0
0.3253815463802468 -0.23139091935761744 0.14615262339063728 0
0.3251941567425747 -0.23087576263215737 0.14657495176439722 0
0.32430400973335183 -0.2292054960663027 0.1464754447530671 0
0.32372790166132825 -0.22811111212397844 0.1467602659034513 0
0.3237031925987345 -0.2279314570981234 0.1468011954057449 0
0.32374781932063856 -0.22788324882399297 0.14678796524023285 0
0.32392889624362614 -0.22763410330745082 0.14678918870850624 0
0.3239728087112672 -0.2275676507086919 0.14678876609674765 0
0.32397236061762325 -0.22757263410508904 0.14678829373880353 0
0.3239701415554086 -0.22758356143077454 0.14679328011306753 0
0.3239657880474919 -0.22759306199574617 0.1467932957327133 0
0.3239781424501357 -0.2276359442999835 0.14696269006540064 0
0.3250477444835123 -0.22918403270583476 0.15900396562879487 0
0.325435087126106 -0.22976934314244676 0.16105334958759512 0
0.32540879836660747 -0.2297915535603688 0.1611072707960416 0
0.32356678642698766 -0.22872079922206887 0.14802909003157483 0
0.3230508589675517 -0.22772529642877132 0.14399500378488292 0
0.3231555843580954 -0.2276172841175768 0.1440341637312471 0
0.32331515975182534 -0.22718041475796807 0.14503994536677114 0
0.3231676474648843 -0.2270094001154227 0.14557575797179634 0
0.32310927282678414 -0.22696696858879378 0.14575249073555674 0
0.3226538074852671 -0.2263606421439659 0.14637160056446633 0
0.322649640004366 -0.22644720754728673 0.14638998221454289 0
0.32258415634659954 -0.2266828298046743 0.14649227469088535 0
0.3226014849597715 -0.22670940946669432 0.14650855323081133 0
0.32259957160765945 -0.22671896124762939 0.14651058707294062 0
0.3225955453436946 -0.22672180642178835 0.14650801372530975 0
0.3225905614420822 -0.2267279962222143 0.1465035982649024 0
0.32258683183167075 -0.226736304775821 0.14651100246860738 0
0.3225800011137965 -0.2267411871598037 0.14650442202688968 0
0.3225793115545528 -0.22674447026180072 0.14650654694066406 0
0.3225785697844737 -0.22674596023194157 0.14650330177004514 0
0.3225757586180082 -0.22674789443941556 0.14650044986352795 0
0.3225777088475784 -0.22675030601978924 0.14650090521611772 0
0.3225025269742228 -0.2268528640159545 0.14653272399401793 0
0.3216747488410022 -0.22994051786708575 0.14765265278923462 0
0.3215413978897567 -0.22934680525618856 0.14670519859239506 0
0.32196520479658114 -0.22933271184391613 0.14667918256354068 0
0.32174084493002053 -0.22876296970647753 0.14787920590146425 0
0.32159789548635337 -0.22845062435807245 0.14794338103091415 0
0.32159027746429014 -0.22841559219386892 0.14843798657341728 0
0.32162183854173265 -0.22843774887585772 0.14837416859238942 0
0.32167199078405 -0.22848112779757274 0.14797434168785734 0
0.32168352587196125 -0.22849343565545566 0.14795309967484255 0
0.3216530871537767 -0.22847306201030698 0.1483096063687412 0
0.321632051987087 -0.22847023971544705 0.14847967857909808 0
0.32167751411452317 -0.2282379161846418 0.14880541662242505 0
0.32156128507231246 -0.22815428690437325 0.14916375721953903 0
0.32148222017329664 -0.2281179068233698 0.14969786603245436 0
0.3211468365319127 -0.2277198419197635 0.14928310053291244 0
0.32064970249505453 -0.22823562434006803 0.1497074942637457 0
0.32067115778498456 -0.22824672638567217 0.14971679578985117 0
0.3206945184129947 -0.22824232121393356 0.14973221430958747 0
0.3207066354203992 -0.2282410449302421 0.14974128897762687 0
0.32071539913634434 -0.22823158016904893 0.14975388665877096 0
0.32072751440200487 -0.2282193597472667 0.14975411547378542 0
0.32074200737046876 -0.22820520253457308 0.14975368578536183 0
0.32074980792014485 -0.22820011580545096 0.14975447229153033 0
0.3207617043948439 -0.22818280050416131 0.14975582392859835 0
0.32077018518216677 -0.22817337277286526 0.14975532101893926 0
0.32093094241652254 -0.23069217271634007 0.1508467981877311 0
0.31669164993866794 -0.23624344829652377 0.15332530660802587 0
0.314710796750199 -0.23793405386012084 0.1533274278624081 0
0.314809965693025 -0.2379178104621085 0.1532326566374222 0
0.31558538829300226 -0.2373893912282112 0.15277043866375356 0
0.3159740344999854 -0.23702030296850818 0.15289286591021709 0
0.31614317523909 -0.2369620406214868 0.15283882784865313 0
0.316282256462029 -0.23666620151116438 0.1527512475193626 0
0.31631517863760195 -0.23658888473768255 0.1527466992873892 0
0.31759903271739787 -0.23556174723436982 0.1527088815819948 0
0.3240829378986896 -0.230963835644798 0.15123852313193387 0
0.3285602169024514 -0.22814062182112851 0.15087262280219374 0
0.3287970757148703 -0.22783824710020056 0.15095561040882613 0
0.32830170599397407 -0.22711114099425858 0.15176320070779697 0
0.3280945413392299 -0.22698203055419938 0.15260930297669403 0
0.3276718883645107 -0.22763966505669286 0.15268247441935973 0
0.32763237519171096 -0.22718597053525563 0.15340481583733145 0
0.32726109232395145 -0.22723039687324934 0.154196343309689 0
0.3270940475129599 -0.2271536274556066 0.15430597200749593 0
0.32629187953625266 -0.22695540740216485 0.15514413287977846 0
0.32654668517911006 -0.22695739665699327 0.155424479077914 0
0.32652717007936316 -0.2269507850963885 0.15540280110389046 0
0.32651396698657675 -0.22694966264645142 0.1553978150389393 0
0.32650695278758146 -0.22694522348558327 0.1553966276485762 0
0.32638854829245545 -0.22672678853051847 0.15601315315510603 0
0.3254606150687709 -0.22593895889260218 0.15663253825439744 0
0.3259480394429654 -0.22602707211562262 0.15661732907442127 0
0.3259253196775761 -0.2260240966200538 0.15660463705023006 0
0.32590425085223024 -0.2260203884617697 0.15659419287407575 0
0.32588710363325085 -0.22602454550826018 0.15658451712128663 0
0.3258769766908281 -0.22602466679542077 0.1565738244824458 0
0.3258664709594413 -0.2260289431249246 0.15656716560165077 0
0.32585454844261247 -0.22603574966618384 0.15656098833447973 0
0.3258457684922441 -0.2260395029131556 0.15655636138066814 0
0.32584149511395766 -0.2260473924447225 0.15655204104532539 0
0.3258340306491113 -0.22605895928317785 0.1565508726141336 0
0.325812577030241 -0.22608993445029485 0.15655018545909682 0
0.3257450044344885 -0.22618867258040656 0.15654465818782715 0
0.32482616649330753 -0.2285058030148569 0.15624538818853306 0
0.3232935696209711 -0.22946359996920773 0.15728611836429585 0
0.323711404127747 -0.22737804652146987 0.1555495125740036 0
0.3236969407045389 -0.2274228076404908 0.15647260582481864 0
0.32380282611799316 -0.2274738254418191 0.15623300793560943 0
0.3239687306414215 -0.2272138817955086 0.15629463117871079 0
0.3241888187949497 -0.22676305895486087 0.15675229571574803 0
0.32419096723139773 -0.22677866272564662 0.15668594090173132 0
0.32422179141825996 -0.22681979142729386 0.1563969080438178 0
0.32423173686322154 -0.226841762601384 0.1562361169908516 0
0.32420899938055187 -0.22685488633040518 0.15631225351565292 0
0.3243841847872456 -0.22726913525203007 0.15671204748147555 0
0.3239730844017957 -0.22723592028879636 0.15634157721094796 0
0.3245952166454336 -0.22811523141997067 0.15594801892581922 0
0.32507325580559215 -0.22879904366793485 0.1548667825698772 0
0.3248658331842132 -0.22841647068425824 0.155024951211415 0
0.3247016309183624 -0.22743266927730701 0.15566824291036463 0
0.3245468704552521 -0.22659021394591544 0.15644762290393488 0
0.32429418764018875 -0.2266749685324605 0.15686710082691327 0
0.32426712907875127 -0.22671637699562025 0.15681304343418134 0
0.3240944410281905 -0.22762383460886537 0.15583380885476877 0
0.32015140284908844 -0.23494141455368356 0.15784163993179032 0
0.32047442652606795 -0.23431536350827847 0.1573519433663896 0
0.32217839048178715 -0.22819076654501189 0.15480462478918772 0
0.3220701166388216 -0.22821030614789195 0.15631455915979348 0
0.3221495370549308 -0.22820095684801955 0.15660659033329052 0
0.322195460210409 -0.22812516172852298 0.15663435208499438 0
0.32236237161455467 -0.2279040028380715 0.15669738929271632 0
0.322360291141867 -0.2278963810962083 0.15668854662840906 0
0.3224637882208566 -0.2283197722035053 0.1570005178079932 0
0.32185915024116823 -0.23027157350468297 0.15758881908654526 0
0.3213570520937548 -0.23020518408777496 0.15711456718601408 0
0.32117842876954894 -0.23052956279801404 0.1571304226336592 0
0.32118455773461596 -0.2305868875960514 0.1571453343368823 0
0.32110831173608756 -0.23142144663949368 0.15748525559122897 0
0.31831881748834573 -0.23257349490766077 0.15891102949799948 0
0.3153325605156636 -0.23262324431621362 0.16004159834536405 0
0.31474065685342606 -0.23262302176212513 0.1599686264534182 0
0.31473862586139867 -0.23259608529854206 0.15998930710387846 0
0.31485480266574684 -0.23242506402692248 0.16000323193064273 0
0.3206427980095602 -0.23320834968048856 0.16143152355469909 0
0.3417827494955604 -0.22721808275924055 0.1682435836365236 0
0.3681695372385933 -0.21642626190066916 0.18128493731096182 0
0.3940786156351176 -0.20512689068168657 0.201306570329076 0
0.41932045851274335 -0.19247831319788972 0.22831958141846123 0
0.44013788172054036 -0.1787417109583193 0.2514933657996704 0
0.4617627682645528 -0.16115581574665594 0.27460883710886314 0
0.4787698162792359 -0.14281979500864223 0.293428478786043 0
0.49331145508072805 -0.12296042053686261 0.3110363856977136 0
0.5052000786117772 -0.10174140591732554 0.3281605773124718 0
0.5154121714741879 -0.07584837904586558 0.345930886018571 0
0.5214474748818834 -0.05186981916251053 0.36056615721877316 0
0.5245623161189633 -0.023602961764460417 0.3751107432069285 0
0.5237989535516762 0.004398775025338336 0.3879274328547052 0
