0.4387161782111878 0.1934130253184172 0.4476053177064154 1
0.43871506354039197 0.19340936852510524 0.44760593388147485 1
0.4387148892525124 0.19341161253183708 0.44760781419050066 1
0.43871329888857513 0.19341843833146122 0.4476073707226374 1
0.43871397281174457 0.19341300569230677 0.44760746964187875 1
0.43887534319864424 0.19449382916329636 0.4475817108914589 1
0.4390026213967411 0.21180341598174193 0.4475228295157674 1
0.4374885679349207 0.23106259315359384 0.4477120250944718 1
0.4375740829111408 0.23296676130534044 0.44766348908154885 1
0.43557493145509885 0.2404230089419572 0.446780941287879 1
0.42704355422443085 0.2561708312449883 0.4480637976003948 1
0.425647837564864 0.2581807797314918 0.4372384413689123 1
0.42603225969912006 0.25778755569452655 0.4140212297504368 1
0.42635117630359276 0.25716584754853244 0.39351122677762795 1
0.4264087506996784 0.2568549944399823 0.37118943926459996 1
0.42635491350830074 0.25689999186895685 0.3510003359007316 1
0.4262841703435093 0.25680871390863635 0.328522238427302 1
0.426347954563171 0.25676526687572565 0.3089584083514124 1
0.426276455582492 0.25667960716593236 0.3052040250222447 1
0.4261640279659139 0.25667174743922255 0.3049188840013055 1
0.42622115173994857 0.2569499667541586 0.3009400840501425 1
0.4262006246475409 0.257088603526917 0.2834410583842638 1
0.425918083556699 0.25693926848333315 0.2831064506219247 1
0.42593902861207034 0.2569040772623084 0.28303655477904066 1
0.4259954557515434 0.25686729231092814 0.28296473156123936 1
0.42641433703577536 0.2566174089205275 0.28246599102733777 1
0.42637287575020366 0.2566467201953512 0.28251958434986785 1
0.4259861334058187 0.2569104407758565 0.2828780193032464 1
0.4262042931559071 0.2569431034593242 0.264678898000771 1
0.4265063261519784 0.2569746699158677 0.24486951149449013 1
0.4261238051536705 0.25666409993514017 0.22124518311321414 1
0.42571375544971246 0.2568749293073237 0.20107931609055626 1
0.4255824909445931 0.2571772053115185 0.1787367264876708 1
0.4260214119310826 0.2567245887893438 0.15892346483688993 1
0.4261228753037901 0.2569064400875072 0.1468263079004834 1
0.4262969820711379 0.2569408969578211 0.14617973617406776 1
0.4263290963150847 0.2569357081951556 0.1461948103789849 1
0.42630479311276315 0.25693822568811864 0.14616420393264942 1
0.41873554079136355 0.25640649128224446 0.1456149447291873 1
0.4089974257941159 0.2561720906126987 0.14624360150702487 1
0.4080095941254861 0.2561837193606805 0.14562148658538346 1
0.40295680756839414 0.2565139204154194 0.14577738961150272 1
0.4010788108792347 0.25679417823361306 0.14626500911950596 1
0.40102606558641773 0.2568288881194666 0.1462089911110553 1
0.401019833347951 0.2568306138881116 0.14617358558263016 1
0.4010141057246145 0.25682811547573925 0.14614101679924157 1
0.4010205910773076 0.2568216193153224 0.14612479306488724 1
0.40102022225639744 0.2568202695688174 0.14610851668863498 1
0.40101698625217347 0.25682220807659223 0.1460974615307239 1
0.4010262841500031 0.256813801508634 0.14608769253936962 1
0.40103087162327183 0.2568111418423712 0.14609195673341088 1
0.4010291955236543 0.2568060277524301 0.14608494975296907 1
0.4010319041028403 0.2568092057242731 0.14608664934699503 1
0.40103469871040864 0.2568033990957701 0.1460861648012886 1
0.40103752743417176 0.25680336314573615 0.14608632793811607 1
0.40103892180187894 0.25680294379196666 0.14609284089906358 1
0.4010401099332472 0.2568037672115005 0.14609401343946754 1
0.40104215692774536 0.25680084731515196 0.1460892600503216 1
0.40104190751331287 0.25680444879385933 0.14609012284339476 1
0.40104542636970963 0.2568006545997439 0.1460931883378837 1
0.4010474486779196 0.2568003550113896 0.1460917113299009 1
0.4010502974546666 0.2567967271942577 0.14609340113098163 1
0.4010469514512135 0.2568003468620491 0.14609199338283327 1
0.40104908807062845 0.256797320772106 0.14609139078225508 1
0.40104926056343054 0.2568003016727067 0.14609236568017078 1
0.40104584578866376 0.2567987188041698 0.14608978124189861 1
0.40101817847238747 0.256813683263756 0.14608708533966935 0
0.401000133966378 0.2568392859831773 0.14612493749029218 0
0.4010208824139197 0.25681925770126257 0.14605849285791803 0
0.4010393636496188 0.25679666113977384 0.14606202410651942 0
0.4010350217837273 0.2568202206725374 0.14621673044112116 0
0.40105781293039705 0.256819733684717 0.14625786498507248 0
0.40106998573811237 0.2568182511482111 0.14628134234082185 0
0.4113011502111846 0.2578472077968567 0.1467740835368844 0
0.43235561244852677 0.2629613866114782 0.1460039917623815 0
0.43749753702444294 0.26377568167563936 0.1464233154347062 0
0.43674895543575804 0.2641357730384789 0.1444009278330469 0
0.43668962483316515 0.26427493824830406 0.14546729574223805 0
0.43687007819654106 0.26414938731753906 0.14558112072627372 0
0.4368886036116467 0.2641411377261216 0.14580620415449586 0
0.4369148048687227 0.2641409957018777 0.14605422129358306 0
0.43689887293870355 0.26412854503147076 0.14602855293741154 0
0.43688819391326655 0.26411592033513176 0.1460135076181761 0
0.4368849390106042 0.2640989393325679 0.14599526922719475 0
0.43688994501182743 0.26407809473659344 0.1459840720065463 0
0.43690329716249743 0.264048561977004 0.14597662601079267 0
0.43690565502288775 0.26403708852940616 0.1459730699653347 0
0.4366273708078097 0.26492423501592655 0.1460174561938219 0
0.43637647690812864 0.2781736017892511 0.1461631066696399 0
0.43712846947357653 0.28071084907784966 0.14594761121010866 0
0.43674536846950474 0.28132218163692346 0.14596081509414263 0
0.4366830746592779 0.28133699638911813 0.1459325388552033 0
0.4363855563973076 0.2814025756535379 0.14576670644732795 0
0.4362447860555103 0.281423057202514 0.14568523336272007 0
0.4367902913342791 0.2812750058344844 0.1459907155336303 0
0.4367584476242605 0.28126256812922673 0.145964271802481 0
0.43672996981672824 0.2812502014589838 0.14594097683103685 0
0.4362250955312897 0.28135458146065034 0.1456501024780913 1
0.436359441973741 0.2812633652075464 0.1457004727891464 1
0.4374860520643337 0.28601715116063836 0.14585811008039318 1
0.43711977322122214 0.3078061241708654 0.145739804944364 1
0.4364292334043878 0.3220400700975411 0.14552541782986528 1
0.43674517018873216 0.3234368047475208 0.14287811624363544 1
0.4361987326349335 0.3237699927975428 0.1242287345411727 1
0.436562539535816 0.3237026198094895 0.11617280823576168 1
0.4368147364786191 0.32362382036774456 0.11376230753646009 1
0.43646670467689286 0.3230915392407802 0.09886629020436825 1
0.4366197604126521 0.32307810058322023 0.09807179070005966 1
0.4366388967991888 0.32306904827838057 0.09808086676919481 1
0.4366368716046458 0.3230610454050267 0.09807644254615236 1
0.43690815618784434 0.32315589079435736 0.09829273010665572 1
0.4531007631880935 0.32819852833829194 0.09791947566963617 1
0.45843771555691715 0.33221157334464746 0.0980225928278681 1
0.4582796107802952 0.3326603994272266 0.0980189156156007 1
0.458264047989179 0.3326830549200773 0.0980360480155667 1
0.4582543719704456 0.3326910518457757 0.09804559856223029 1
0.45824640884172757 0.3326906996404151 0.09804748713940088 1
0.45822621740633895 0.3327016520186926 0.0980452041426217 1
0.4582090573349038 0.33270588781692356 0.09803567922741943 1
0.458197634827916 0.33270185702835575 0.09802033294891509 1
0.4582070277597636 0.3326874201274442 0.09802137116214918 1
0.4582000908812834 0.3326803802402664 0.0980103622233705 0
0.4581885658362701 0.33267848545155637 0.09799955048422393 0
0.4581443532990896 0.33269306969215945 0.0979647124107716 0
0.4581139854816589 0.33269603372729545 0.09793933914863553 0
0.45808449376893373 0.33269492382973453 0.09790664101124177 0
0.4579738410637192 0.33267830854718483 0.0977828050491528 0
0.4579612523200212 0.3326984649382158 0.0977892071327964 0
0.4579610860563931 0.3326999327356037 0.097787898267509 0
0.45796583980509853 0.33269960799904597 0.09779329403887556 0
0.45797303650886145 0.3326919870094921 0.0977932634025253 0
0.4508483508408382 0.3322339028567765 0.09766740529840287 0
0.43130406245766706 0.3327255075112443 0.09823895202666222 0
0.4189024082941844 0.3329543085850987 0.0979304556450231 0
0.41807770526149407 0.3328437946466355 0.09789854678250526 0
0.41811622645369834 0.3328324454869385 0.09784446814580924 0
0.4181567799407075 0.3328240823021787 0.09780236325447621 0
0.41839306750529753 0.3327247901486048 0.09720677066759224 0
0.41855051492865847 0.33279093786984837 0.0974443733733118 0
0.41858434709953013 0.3328050058053127 0.09753741047573422 0
0.41873034615009513 0.33286646941892595 0.09777517341715969 0
0.4186769018933688 0.3329950573226583 0.09848600944813843 0
0.41884944900795557 0.33271626832797263 0.1018953465543566 0
0.4194103442432912 0.3325974656655255 0.12479473830614848 0
0.41961292107054354 0.3322396435704904 0.1447557984600635 0
0.41921485514349 0.33233722035535046 0.16711224213272718 0
0.41892410201847524 0.33236387087510044 0.18925880940869375 0
0.4190232090039603 0.3323447045215368 0.21180096979064336 0
0.4187295638106444 0.33247044675582027 0.2312834881800795 0
0.41803941322380295 0.3324661112229227 0.2529257421060418 0
0.4183825051633207 0.33224209047519826 0.2753548806700396 0
0.4184053960925449 0.3327517248316383 0.28362413190874886 0
0.41033191794437285 0.33237532912068324 0.2854386054012694 0
0.38819112659714444 0.33262868118755995 0.2863105896228593 0
0.3674569487194971 0.3328158272435303 0.2857309187002115 0
0.347739070084472 0.3326425108811749 0.2855769754444515 0
0.3415112072864077 0.3326761623767411 0.284611918460179 0
0.3414812830319649 0.33268560176245954 0.2846831933106257 0
0.3415004386707433 0.33269096836949746 0.28470300413091754 0
0.3415315403169448 0.3327059422111501 0.2847453328201211 0
0.3418505177988346 0.3323459864832925 0.28824675633861446 0
0.3418500922252337 0.3322401078602742 0.31065693449206633 0
0.34195511681398594 0.33247214647514 0.3216344124767256 0
0.3419803406123544 0.3326863501069513 0.3221084112739094 0
0.34126813843495474 0.3334475448587656 0.3222077042795083 0
0.34152948069748323 0.33332850648044116 0.32255438653873414 0
0.3417803403457487 0.3331054883250769 0.32250374743526705 0
0.34208338527683574 0.33270339332548626 0.322483740592389 0
0.3428580363638543 0.3314727850977285 0.3231695159600317 0
0.34275698157600615 0.31257063069794006 0.3233211029960902 0
0.3421830868976377 0.2926590085424558 0.3230167869338774 0
0.3421276831088964 0.2699346545110312 0.32290300244590253 0
0.3421293673636316 0.24975042901556815 0.32276111492715664 0
0.34223110097487824 0.22950567874595973 0.3226112491112012 0
0.34165488132181326 0.20713246427221507 0.32229510838199105 0
0.34130995125749414 0.18723499016969392 0.3228402266836728 0
0.34167881452145715 0.16480921472491328 0.3227374814438096 0
0.3420010104592356 0.14460216194574102 0.3230846348367487 0
0.3421044026608356 0.1219811734624026 0.32302941638433025 0
0.34199184715000275 0.0997054697775996 0.32306539271505735 0
0.34214214237658347 0.07942620130423877 0.3231427994381882 0
0.34201152305177757 0.05956990619425302 0.3231103462795905 0
0.3420577881749455 0.03705472910767851 0.32307593088921394 0
0.34212180299446016 0.014683935489191377 0.322973620897717 0
0.3422205315906559 -0.005443355360649785 0.32315175214846814 0
0.34205661121247166 -0.025295095341797358 0.32317018471498843 0
0.34208757981046 -0.04775794540622076 0.3231561197703886 0
0.34196545699285463 -0.07033778634213336 0.32294041447075494 0
0.3373267868820343 -0.08917559709961259 0.32315114449463345 0
0.31824789073203985 -0.10272354990853493 0.32310890476438997 0
0.29690956343869584 -0.11343017367112745 0.3235730761884782 0
0.2778043850242908 -0.12300024677763342 0.3233685517898899 0
0.25894878691111733 -0.1325657315243328 0.32334702428307 0
0.2375569562610476 -0.14298658437169243 0.32356809962750716 0
0.21873114079492714 -0.15293221442501026 0.32348018585219557 0
0.1976153431076898 -0.1644748899131489 0.3119231160044478 0
0.18117071155093448 -0.17565026029536013 0.2897257726747449 0
0.17943406491198274 -0.17843759020837902 0.26998352031012207 0
0.17957192683453202 -0.1783793354146812 0.24970298921703143 0
0.1799444070690945 -0.17785605892735196 0.22712420214378007 0
0.179904921665371 -0.1772656808209472 0.2071851850809827 0
0.18008394084404 -0.1770830595994831 0.1847074705146861 0
0.1800119968465519 -0.1770963546541977 0.16203293111333295 0
0.179894100220626 -0.1773149791016924 0.13947997683150018 0
0.18003242708049327 -0.17714257958511653 0.11707315326572243 0
0.1799213935256079 -0.17720985765345348 0.09714164037427121 0
0.18002123989321292 -0.17446530820278505 0.08783247549292031 0
0.1776692893096336 -0.1572733448210804 0.08781857205791486 0
0.1748568539572422 -0.14051275322424722 0.08796242717043401 0
0.17430259717557728 -0.13880197606813555 0.08843826284372927 0
0.17618177401862412 -0.13870830691416958 0.08847216232347632 0
0.1902024224064072 -0.13864093516107973 0.08894347147818141 0
0.2096860301835673 -0.1388669981944014 0.0887776978920535 0
0.22176736991904225 -0.13851999313384927 0.088732313879258 0
0.22290691309061833 -0.14030353477977003 0.0879817116420941 0
0.2290486004404431 -0.15186852040928794 0.08820479849356777 0
0.2309295396210642 -0.15546464345700428 0.08868903905649188 0
0.23083893380531828 -0.1558576700962866 0.08853399862257083 0
0.2307405252341608 -0.16156740677721382 0.08815409744549409 0
0.2317862993041714 -0.16549784550275504 0.08832350284526395 0
0.2316135202140283 -0.16557276052638603 0.0885172621667175 0
0.23163129500355406 -0.16556772441996315 0.088477199305129 0
0.23164345105274878 -0.16555891360364933 0.08845774575465265 0
0.23165386915147 -0.16554865730349616 0.08844242821668746 0
0.23166784410297403 -0.1655225876545938 0.08842503184704023 0
0.23166207332769131 -0.16549550751067305 0.08841046433321575 0
0.23164709325757132 -0.16543777444606034 0.0884171772450753 0
0.23168222269276745 -0.15802008333088258 0.08845143910198386 0
0.23168486836435948 -0.15305395165050734 0.08825426109043404 0
0.23137146441464448 -0.14999302744598536 0.08861930383600569 0
0.22903145775467032 -0.14178470625193085 0.08825323820762554 0
0.22817369851738667 -0.14005522384917277 0.08829246345058213 0
0.2262386821017859 -0.13296728468028984 0.08857797139197662 0
0.22531741147420734 -0.13087410900570823 0.08838842237198045 0
0.2253251523032413 -0.13081737105147997 0.08845239589902072 0
0.22532494240911205 -0.13082743419385756 0.08845869220610332 0
0.2306328721839947 -0.1309955389388737 0.08874293282788158 0
0.23346253447492235 -0.1305118612151592 0.08834729711240304 0
0.2342112911538213 -0.1309438835736657 0.08847221193228164 0
0.23415626006285087 -0.13094822299739903 0.08845003388044113 0
0.23410182527406678 -0.13094857815610464 0.08842879573183332 0
0.23403992473232554 -0.1309459666203161 0.08841097448996392 0
0.2340057400161542 -0.13094544264784852 0.08839897463227474 0
0.23399102963420054 -0.1309522090148068 0.08839753526857745 0
0.23398731644724033 -0.1309583012663266 0.08840321199108496 0
0.23397663291131024 -0.13096597456452466 0.0884018425044536 0
0.23397089497745424 -0.13097146643725782 0.08840623794515207 0
0.23396202853916762 -0.13097911186055808 0.0884050510782108 0
0.23395295822345982 -0.13099195518250661 0.08840526967360036 0
0.23843019691349415 -0.13168313321887853 0.08866042239530662 0
0.24422284294116348 -0.13104134412931012 0.0885924181367734 0
0.2443866915519783 -0.13114531471580848 0.08847537988701155 0
0.24440361557429982 -0.1310888357253487 0.08846421956728841 0
0.24439386741064018 -0.13108039658350087 0.08845638157968247 0
0.24438000836211193 -0.1310769728674932 0.08845156264752853 0
0.24437376027119403 -0.1310766076922126 0.08844751907672481 0
0.244373591469483 -0.13107561799715006 0.08844254607937693 0
0.24436620168350653 -0.1310757956736904 0.08844568477385424 0
0.24436333907020413 -0.1310719728039083 0.0884443839455036 0
0.24435951244974094 -0.13107423616834674 0.08844684026952887 0
0.24436152377496467 -0.13107172965256117 0.08844505321348932 0
0.24435928739017632 -0.13107216512031436 0.08844382956151595 0
0.24436012900833892 -0.13107058610652583 0.0884460392168262 0
0.24435678749509304 -0.13107059093630152 0.08844670453274499 0
0.24436236545638435 -0.131070319773038 0.08844382159933864 0
0.2443600733930523 -0.13106707215015265 0.08844484614174036 0
0.24436179394523416 -0.13107220277917547 0.08844509741164515 0
0.2443599647673745 -0.13106963126177973 0.08844221038120814 0
0.2443620583534087 -0.13107014169009057 0.08844455255119238 0
0.244360873194312 -0.13106866425083882 0.08844571453642361 0
0.24436218429510237 -0.13107162428786576 0.08844424520685003 0
0.24436308601790302 -0.13107021660527457 0.08844468385764298 0
0.24435813842560358 -0.1310687219732744 0.08844640380557726 0
0.24436033376546462 -0.13106927100380544 0.08844679263661857 0
0.24435916636793245 -0.13106806731812776 0.08844957030418736 0
0.24436041352719515 -0.13107216004774924 0.08844395074571067 0
0.24436026286941276 -0.13106873204347275 0.08844444183046306 0
0.24435829052011693 -0.13106683382513623 0.08844515370945064 0
0.24435553893995648 -0.13106901660985865 0.08844662649523491 0
0.24435915111690318 -0.13106870139937044 0.08844423463219989 0
0.24436023235068552 -0.13106950503822917 0.08844626559614813 0
0.24435939857500194 -0.131068228118896 0.08844353161057145 0
0.24436062224904764 -0.13107121159112495 0.08844560447773307 0
0.24435758132792007 -0.1310694200491502 0.08844633323419705 0
0.24435992495393316 -0.13107005654087123 0.08844396134440595 0
0.24436103003328155 -0.13106850996559632 0.08844314969594122 0
0.24436131780849252 -0.13106920025361504 0.0884446335896886 0
0.2443581904658483 -0.13106831809859532 0.08844478813065675 0
0.24436224871969964 -0.13106903650275792 0.08844221408602371 0
0.24436103879530022 -0.1310683562556616 0.08844505220888878 0
0.24436070930135506 -0.13106695599282578 0.08844643389068375 0
0.24435962488070295 -0.13106767102965866 0.08844344714150923 0
0.24435468889066342 -0.13106860204257992 0.08844409759948677 0
0.24435697034623977 -0.13107217321320208 0.08844735429813444 0
0.24435923417517488 -0.13106842107696176 0.08844575139285937 0
0.24436125534562989 -0.13106951983358778 0.08844660667426361 0
0.24323287329475304 -0.13074727297055683 0.08815855880388183 0
0.23263218687236986 -0.13083377724137474 0.08823595682666135 0
0.21459093113372893 -0.13117893864323393 0.08815959376738805 0
0.20980450086860508 -0.1313929694743413 0.08833558597041324 0
0.20976609616199274 -0.13138991684416756 0.08834603603140444 0
0.2097866272753363 -0.1313852313017194 0.0883496313335511 0
0.20979255714847542 -0.13138487433733553 0.08834904532288267 0
0.20980822767728308 -0.1313800879144778 0.08835209602452825 0
0.20993917959082373 -0.131406213991391 0.08836467970643884 0
0.21504112607529646 -0.13149886351783907 0.08887832403722834 0
0.21930468724861732 -0.13112542006800515 0.08850010695859402 0
0.2197722876262138 -0.13118887003780594 0.08849953772557313 0
0.21974207902578397 -0.1311903248150832 0.08848647594268429 0
0.2197222983992359 -0.13120211403721282 0.08847373691791759 0
0.2197114194464761 -0.13121161315714414 0.088466621772413 0
0.2196969411486389 -0.13121299842028955 0.0884639016153987 0
0.2196880040707306 -0.13122178386142133 0.08846106190409365 0
0.2196847361004652 -0.13122257431977857 0.0884625828550172 0
0.21967830653356601 -0.13122840914997422 0.08846159354364128 0
0.21967477309771669 -0.1312317787007852 0.08845891486681533 0
0.21967496035028225 -0.13123419818240367 0.08845599527741414 0
0.21967403085661288 -0.1312340406232169 0.08845831898620395 0
0.21966963399217743 -0.13124252501651085 0.08845859050053206 0
0.21966779705359724 -0.13124231117495944 0.08845803790208027 0
0.21966843301536357 -0.13124537474353704 0.08845898553267287 0
0.21966627329398353 -0.13124580417479378 0.08845555522467011 0
0.21966788392257405 -0.13124685928412044 0.08845889336756964 0
0.2196662300607158 -0.1312475212875959 0.08845988256125019 0
0.21966341629329275 -0.13125009948162009 0.08845853784155376 0
0.21966743713315498 -0.1312489170377315 0.08845857625386323 0
0.21966531952224347 -0.13125107480437676 0.08845757478325354 0
0.21966629858169412 -0.13124984117922198 0.08845634859673797 0
0.2196650906768226 -0.13125306267656645 0.0884549850715836 0
0.21966516127877672 -0.13125384676962332 0.08845432227718192 0
0.21966481930209603 -0.13125175190149868 0.08845775588637299 0
0.21966468196566885 -0.13125057671349694 0.08845745301877884 0
0.21966399946727777 -0.1312548356852853 0.08845606706956873 0
0.2196622378553486 -0.13125363849061517 0.0884580247476602 0
0.21966039823684366 -0.131252027890611 0.0884582064184894 0
0.21965946761945349 -0.1312527320856985 0.08845543497895966 0
0.21966198544232238 -0.13125365995826777 0.08845613135888943 0
0.21966111239761188 -0.13125319711810446 0.08845638638103923 0
0.21966496307804734 -0.13125649752889984 0.08845424328192616 0
0.21965946184634988 -0.13125207175161743 0.08845488300569304 0
0.2196620870488178 -0.13125473210125088 0.08845778492706959 0
0.21966052131589808 -0.13125582752146503 0.08845999998449534 0
0.21965790058241527 -0.13125471051950505 0.08845885543436223 0
0.21966219693218847 -0.13125457786551015 0.08845789086720504 0
0.21992994360694026 -0.13153170088923544 0.08839865442955745 0
0.2320130152641402 -0.1318987790236179 0.08852027997126385 0
0.25322281461544793 -0.13347201612675924 0.08839726786667432 0
0.25824080502179314 -0.1341667527831102 0.08846245063041155 0
0.258327893293107 -0.133671097212405 0.0884093749540673 0
0.25870324488697505 -0.11998807470914283 0.08825813440105798 0
0.2595206317707564 -0.1021730363290519 0.08813532708573882 0
0.26284398283632404 -0.0792152283966468 0.08838801114028522 0
0.26557496983071444 -0.05910358525218315 0.08821814706262845 0
0.26842503482020685 -0.039010898006607536 0.08836005000968847 0
0.27117319419475094 -0.0189496035925157 0.0882730262553408 0
0.2742746097141446 0.003518169653528039 0.088500205239559 0
0.2770496366124775 0.023473535476324053 0.08845891528690605 0
0.2797736233288944 0.043402874691875426 0.08844148484608495 0
0.28259884165065663 0.06342206579802409 0.08872353436139882 0
0.2855340889054402 0.0860097378688982 0.08842301606581407 0
0.2881543265344433 0.10605220273695225 0.08850786834189181 0
0.291220371091953 0.12838148843107056 0.08847599882058367 0
0.29259530879714457 0.1401691768419015 0.08803248266827673 0
0.29175480513951124 0.14076586498108773 0.08820260996400947 0
0.27733479948158174 0.14420828052440138 0.08800626492851005 0
0.2739583450750247 0.14450710241578052 0.08878989020996851 0
0.2739951359569325 0.1443592887270507 0.08865930297244745 0
0.2765139980777564 0.14408685702815624 0.08831109364990684 0
0.29287337485480863 0.14601705467003534 0.08840818394249438 0
