0.4386304009091253 0.1933492725809288 0.44765663574086345 0
0.4386246005666926 0.1933589022973095 0.44765792308008345 0
0.4447382459626173 0.19356894287087495 0.448192848751424 0
0.4667545158858812 0.1933677393935822 0.44654705789660015 0
0.48387542272625483 0.19357029608541834 0.4463907914952078 0
0.48634285699345314 0.19343570752237885 0.44846291727047954 0
0.4862259892009708 0.19383948681508528 0.44942576611823215 0
0.4861190972948475 0.19444309267277532 0.44892826710811345 0
0.4861948467324511 0.19410005766072372 0.4483055415361785 0
0.4864364024656039 0.1934875847366342 0.44771313255756645 0
0.48606337333608785 0.19349853960299535 0.44758536569773383 0
0.48609391444709327 0.19346752477345802 0.44754567002089574 0
0.48610903506123815 0.19345940006420204 0.44753539749449694 0
0.48612278122858726 0.19345321015908662 0.4475299675046161 0
0.4864043917627309 0.19353806503804233 0.43645771738466493 0
0.48635537346385666 0.19369838846806808 0.41421441259620156 0
0.4862242087121531 0.19350540285134948 0.39385728834454126 0
0.4859975319803819 0.19365035794325244 0.371357582821983 0
0.48596997330477604 0.19347751002876912 0.3515599480333031 0
0.486134412982272 0.193267122611598 0.3312881189103502 0
0.48600545924503863 0.19357158892786974 0.3113098250513032 0
0.48588050452044246 0.19371508195368417 0.28892425863077964 0
0.4857085042344016 0.19363655524993317 0.2660753834347689 0
0.48527828334514184 0.19364430643654695 0.24590619162172675 0
0.4856647861805192 0.19346611057900337 0.22597849207319004 0
0.4856189184788918 0.19366831511170546 0.20371871517543277 0
0.4856461510061697 0.1934534245782814 0.18118171986603285 0
0.4857399936082206 0.1934906662677708 0.16120779335860308 0
0.48540006331623164 0.19379951742153728 0.143791199984371 0
0.48577797632162756 0.193775443276077 0.143068138287655 0
0.48687701307785486 0.18427265512908877 0.1432370652147374 0
0.4886336043312139 0.1645420139612063 0.14304899052514553 0
0.49026748834149597 0.14937734434800148 0.14297700312650857 0
0.4902122576368595 0.1482144220157816 0.14316474566309642 0
0.4902518167029022 0.1480409518855112 0.14313979963117993 0
0.49024084837348514 0.1480605677531595 0.14312243661706514 0
0.49006855655290094 0.14815401160776365 0.1429778571565974 0
0.489457026639672 0.14875376982009966 0.14227268542010052 0
0.48938745348801216 0.14887446388545963 0.14241883272399794 0
0.4897003250788247 0.14838201859532324 0.14235646875997102 0
0.4897016403783562 0.14857815738686214 0.1426632426198379 0
0.49003855740146013 0.14596476257376584 0.14366555257270747 0
0.48888539425013655 0.12415222634904532 0.14293453072184775 0
0.47115337919220407 0.11072691918223196 0.14349385773904702 0
0.44855909590965 0.10322600470968202 0.14351402017131656 0
0.4256420079230237 0.09767449574858851 0.1434537281385702 0
0.4029721922906383 0.09321406646176231 0.14346775146037716 0
0.38109668434952326 0.09042374353704176 0.14364495941784053 0
0.3624119473817041 0.09042327719276924 0.14347003273008244 0
0.3556062044646327 0.09028389444787915 0.143556023343237 0
0.3559548755843759 0.09162491166182378 0.14356622861003765 0
0.3563388464757545 0.11108836596559893 0.1435038109253905 0
0.3561837984472489 0.13163823325262378 0.14345474372800687 0
0.3561302208393453 0.1545978858985263 0.1434347260697212 0
0.35614800798645446 0.17474734147302778 0.14357362262224604 0
0.3561752676120768 0.19731703923906269 0.1435667864389726 0
0.3559322018121986 0.21992989234678706 0.14397147506296273 0
0.3553979792167923 0.23640563380260068 0.14366715475040198 0
0.35550057864709916 0.2374234923107832 0.14294963336297828 0
0.3555273727401864 0.2373730283396292 0.14300320460230176 0
0.3629717698847893 0.23746130942726684 0.1436284916497223 0
0.3658132400942573 0.23736175347493632 0.1431723537130096 0
0.3662328448177212 0.23708423924275165 0.14329837212081298 0
0.3756967679113769 0.2366406951702622 0.14375683114419244 0
0.3768393084735936 0.23666623110488358 0.14318743137307371 0
0.3769697232002189 0.23666972562048394 0.1432636683426639 0
0.3770195955002309 0.23666511412770075 0.1432885141689042 0
0.37751645344574936 0.23658709121394136 0.14349303005495376 0
0.3807769023803839 0.24341033152735517 0.14411336019802481 0
0.3830953757870351 0.24597414134793996 0.14362584344137544 0
0.3829690025412933 0.2464671073151516 0.14350010378077926 0
0.3829528808289831 0.24646941109744877 0.14349763701331855 0
0.38291702346135653 0.24647671537808358 0.14352247830519604 0
0.3821302274560786 0.24650854377377318 0.14283784330047294 0
0.38230854923891033 0.24649520531853886 0.14302553202983243 0
0.38292777730921773 0.24638423803474416 0.14329967800467378 0
0.382221548675087 0.24657897777958732 0.12957221653355802 0
0.38222132651037516 0.24659630726464302 0.11652486041583929 0
0.38297959457719055 0.24668652424490514 0.11495781710190368 0
0.3824365455595659 0.2466680538893141 0.10408203464810072 0
0.3827502746825002 0.2463940325153673 0.10351808638060032 0
0.3827934242004215 0.2463346917853112 0.1034994123289481 0
0.3824504910022367 0.2462980810706052 0.10333471653911494 0
0.3740387196151819 0.2460466859511311 0.10310258094460072 0
0.37290277099477626 0.2460154362842989 0.10308610873935858 0
0.37279472286067844 0.24628465459865834 0.10401602378527862 0
0.3726734412252382 0.24605818331898904 0.10303449092501839 0
0.3730573184164665 0.24613023186084315 0.1034791759793672 0
0.3812015547332598 0.250621222778842 0.10363645715424524 0
0.3834465842296012 0.2566629318483701 0.10349318513541467 0
0.3832091064705799 0.26337427763908483 0.10336199067198167 0
0.38258522101816966 0.2643719674522156 0.10334556393542405 0
0.38279224190687483 0.27042984120565516 0.10320240766622545 0
0.3826775577097789 0.2715335491477996 0.1033514189475261 0
0.3828235326145438 0.2832947036581663 0.1032781906890665 0
0.38330561913028216 0.28399644601938323 0.10339988236880536 0
0.3833284800568478 0.2839855610004017 0.10313167819028302 0
0.3832677921365571 0.2839844228530357 0.10315755348437879 0
0.382619606439215 0.2840914903696596 0.10308269853225888 0
0.38273222680837826 0.28404931119197724 0.1031775691957443 0
0.38336174980182514 0.28390241000250427 0.10337117078679141 0
0.3833294685773128 0.2838992988281589 0.10336181183620996 0
0.38324174196170774 0.2839091384722393 0.10332712449754833 0
0.3827263804724179 0.28399382107731486 0.10316441573239496 0
0.3834522550703627 0.28381620744118274 0.10321049711030618 0
0.38341336669902126 0.28381797642033846 0.10313846976588167 0
0.38300420752060427 0.28390003785505263 0.10305119527894659 0
0.382773445380031 0.28394489543889373 0.1030161844890257 0
0.3830339044209863 0.2838937465691968 0.10310808823996777 0
0.38341425407736324 0.2838162006348251 0.10322671048610774 0
0.38338315122489774 0.2838225324346981 0.10321845421814252 0
0.3833439023187136 0.28382309767853114 0.10320866873833391 0
0.3826889487136004 0.2839390073665625 0.1030576597868431 0
0.38276132827976983 0.2839300439579061 0.10308459496829452 0
0.3830459665880897 0.2838715411284938 0.10316978470043775 0
0.3766994357648456 0.28294463297421735 0.10274155709879679 0
0.36980662392738906 0.28316130945519213 0.10315694076964771 0
0.3691895746155532 0.2835247917416619 0.10300574227504376 0
0.36941724803444387 0.2837507132259218 0.10311588904683813 0
0.36869682280694976 0.28375794523934716 0.10346884891216954 0
0.3682863316086381 0.28370641421210613 0.10295604417505994 0
0.36898731616285374 0.2836991363190825 0.10311152373957026 0
0.3690404467152507 0.28371513999277514 0.1031483319573794 0
0.36898301949259177 0.28389746111181924 0.10960159686783319 0
0.36957054967314573 0.2837952659162113 0.1298032057212102 0
0.36953900966662606 0.2836294324197069 0.15190526617710362 0
0.36920066397884077 0.28357813261969045 0.1740689785975693 0
0.36898314381130803 0.2834143534292078 0.17778799082248858 0
0.36894849312300537 0.28345921487962566 0.17780617805930504 0
0.3687355810696806 0.28379624741609205 0.1778403496378021 0
0.3687112174074524 0.2834655338959098 0.17777436734392266 0
0.3687900892678419 0.2681794748005002 0.17758164144779828 0
0.3687112960869069 0.24524464741262264 0.17790654882341633 0
0.36890213897811924 0.22487112234425632 0.17793162187726724 0
0.3683917054161878 0.20209893190537603 0.17759124924661848 0
0.36873865758275376 0.18201479008342997 0.17778879434838712 0
0.36899793891478083 0.16200391649084428 0.1783867935675768 0
0.3689265168932591 0.13939808446430269 0.17845699409204197 0
0.36896103141084113 0.11687046655324108 0.17826360158855353 0
0.3689331164981232 0.09698550338431004 0.17836204983517562 0
0.3688713482150934 0.07445291146808085 0.1782566898185454 0
0.36905041904114 0.05431427714730008 0.17807807967690573 0
0.3689569368377056 0.03194984496285705 0.17821513873546263 0
0.3689213796668598 0.012039608902583265 0.17820205648668105 0
0.3689814163879842 -0.008068027051342103 0.1781317155459955 0
0.3690457794673872 -0.030504064470589926 0.1781976803266485 0
0.36898440748573175 -0.05269144956856693 0.17826073074940707 0
0.3689449891355364 -0.07290481131199956 0.17820674363373937 0
0.3689449680938688 -0.09527358568362371 0.17821768835042243 0
0.368684361546353 -0.1151136780538416 0.1778607885540039 0
0.3686535703540106 -0.13515456911979418 0.17774574294295303 0
0.36879660620515337 -0.15765934715818797 0.17786908356483155 0
0.3686933521720374 -0.18012811931270656 0.17759725053551237 0
0.3687224822853228 -0.20257935033579205 0.1778162556354495 0
0.3686225532550129 -0.2193087393654768 0.17729499008768235 0
0.36864289675458006 -0.22258131501349365 0.17870951767956494 0
0.3689609710152055 -0.22284899216381315 0.17910070370536949 0
0.3691921620333224 -0.22236703731156546 0.1785541064076324 0
0.3689315781307765 -0.22163810818232715 0.1775678438093728 0
0.3693545383069537 -0.22155693229366075 0.17788434083728674 0
0.3689084104900975 -0.22250837221840034 0.1778789885710639 0
0.3712591189576081 -0.2373003475478333 0.17638972003023162 0
0.3726815173431502 -0.24839941443967958 0.17745043389860204 0
0.36941297740431733 -0.25438032154947854 0.18033681564989754 0
0.36739208836759546 -0.25603836154868775 0.1812343797516064 0
0.36729296899507796 -0.2561530860539665 0.1811024328007159 0
0.36732392873154773 -0.25615871687041125 0.18108934730850182 0
0.36850628330963403 -0.2561298116886106 0.1811350721642015 0
0.37538730643996643 -0.25239500299669687 0.18161755028679358 0
0.3756345927052525 -0.2519896493074782 0.18139313949364652 0
0.3756693242568565 -0.25192511248641236 0.1813543707196394 0
0.37568048424576606 -0.2519596372158065 0.18146316334374987 0
0.37566650603246854 -0.2519802871689655 0.1814787561110381 0
0.3756543766549078 -0.2519931334695438 0.18147871416318997 0
0.37562592235192893 -0.25203292093992835 0.1814791047509042 0
0.37560944866068946 -0.2520462670187047 0.1814755472633846 0
0.37559533967572645 -0.2520712340765215 0.18147852155380914 0
0.3755863992233287 -0.252076956089607 0.18147566050240704 0
0.37557918365810483 -0.2520843288645301 0.18147510399020578 0
0.37557549794291467 -0.2520948304903083 0.18147738681640982 0
0.3755580078174569 -0.25211692176219397 0.1814721998801431 0
0.3761768589378891 -0.25317566998116847 0.181379682619787 0
0.37948075404023923 -0.25877306370329306 0.18095284255006477 0
0.38210038472353275 -0.2634010579604133 0.18009506461281047 0
0.3819843648463871 -0.2645067865605202 0.17956331712715476 0
0.3819042736273045 -0.26462416135022737 0.1795984664738104 0
0.38191313447266156 -0.2646057107508283 0.17963715890659784 0
0.38191962172214844 -0.26458940819673027 0.1796623715553413 0
0.38192353310526417 -0.26458137389446124 0.17967332649118428 0
0.3822961875521827 -0.26437890805995123 0.18081016632296365 0
0.38323620791259944 -0.2656450553674885 0.18053595031995748 0
0.3836915694678004 -0.2673466398886303 0.1795810366556799 0
0.3836749487787847 -0.26745879523289334 0.18001028949326286 0
0.3842344567005863 -0.2689043713944421 0.17897610568226555 0
0.3857256164165819 -0.2719838676966159 0.17884000559174748 0
0.3868562618706429 -0.27476713528684094 0.17831025162139247 0
0.3881189993373102 -0.2779184348604574 0.17817971835085888 0
0.38929236937593564 -0.28011181587033485 0.17795954947446097 0
0.3900817631628739 -0.28161489213354934 0.1783581420964134 0
0.3907537733684082 -0.281997243302596 0.17827487149593327 0
0.3906742609620257 -0.28158577529029266 0.17792386395510132 0
0.39064603905839634 -0.281523112211039 0.17783925959798605 0
0.39058757009078243 -0.28116440245236296 0.1773698404612613 0
0.39001489380759813 -0.2795268617384087 0.17711311688465853 0
0.37741887860125756 -0.26623421139184 0.17875651762825223 0
0.35818682925500356 -0.25672505608506574 0.17817735190983247 0
0.3364824807068261 -0.24622403090119324 0.17806472487895308 0
0.31800694283346376 -0.23655611695312964 0.17818479718650213 0
0.30233704745542467 -0.2227374235248022 0.1782367007895757 0
0.29147567759603954 -0.21547662732282466 0.17817480475958117 0
0.2895026204896692 -0.21422699835447176 0.17808381137958348 0
0.2894998389837161 -0.21423099048010805 0.1780870212914062 0
0.28955637428512615 -0.21430178220795454 0.17811867701845646 0
0.28968644786177145 -0.21453985738186226 0.17810796527886322 0
0.2896635296986913 -0.2148025995060177 0.16007743196474444 0
0.2898002028733162 -0.21486905745240348 0.14862086181666667 0
0.28988960733038593 -0.21500495264367794 0.14810329797813293 0
0.28989216264349904 -0.21501210546185456 0.14812256987539377 0
0.28989678870336966 -0.21499306569373472 0.1481312107095927 0
0.28968063256965193 -0.21423243918738177 0.13494394437778692 0
0.29018468581389273 -0.21432363535198584 0.13063758804698827 0
0.29021860627251966 -0.21438851717713514 0.13064661235965963 0
0.2902054650368668 -0.21440242777716229 0.13065366066593345 0
0.2900744873607749 -0.2234877060867132 0.1302662046140989 0
0.2862750605103275 -0.24557499036228222 0.12986629200980157 0
0.2829432902571267 -0.26780626549378006 0.1303105389997332 0
0.28128283216679006 -0.27608688005980964 0.130809148520523 0
0.28135303284863034 -0.2762473427983251 0.13069633777510908 0
0.2813890407553291 -0.2761773921543438 0.13066220324368064 0
0.28164451908928023 -0.2760574847526048 0.1302521864578082 0
0.281893107443022 -0.27595235012852914 0.1307709450354126 0
0.2816098322711878 -0.27560855516982263 0.13014253423997718 0
0.2815781054521592 -0.2754642724975066 0.13017793250632131 0
0.28160034111889 -0.27545900480371827 0.13024277285281013 0
0.2818592392362365 -0.2756884157948253 0.13102786397255906 0
0.2813261906027193 -0.2761502747874731 0.13079747806011588 0
0.2815075872662216 -0.2759630144807188 0.13064795426851733 0
0.2815672678310557 -0.2754609223497792 0.13047243695841937 0
0.2812758570174302 -0.2753593365891235 0.13035230680278412 0
0.2815368318136505 -0.2752825141528834 0.13049512348756487 0
0.2814295135681809 -0.27540311307146276 0.1304794869872799 0
0.281528938540309 -0.2752543853474455 0.13051482379904164 0
0.28120235351537 -0.27559586573542927 0.13052901805962663 0
0.28166995362915115 -0.27526394044477853 0.1306137108953671 0
0.2815421757189276 -0.2752271297963692 0.13069421292109024 0
0.2814387344921619 -0.27528576507271296 0.13053845414974435 0
0.2812273079403322 -0.2751582741585812 0.13047835075127256 0
0.28140938156504497 -0.27521098288696044 0.13050958389094908 0
0.28153431873398965 -0.27517294482670623 0.13066653556996205 0
0.28136276195399407 -0.2751910772285736 0.13045162929544532 0
0.28136690360324174 -0.27414639163396964 0.13044679098114847 0
0.2813592838048515 -0.26232424104597296 0.1310242667214293 0
0.28115363028056045 -0.25756559951850194 0.1305351835304024 0
0.2812723943727834 -0.25705278535933074 0.13036430231137788 0
0.28012867891112136 -0.2506181735416565 0.1308250757984868 0
0.27834708826388666 -0.24407862000346411 0.13068728842877403 0
0.278210400962952 -0.24351368690499509 0.13046480163851587 0
0.27826455960343227 -0.2435443910151611 0.13054163426837342 0
0.27945687574445666 -0.23757415703725035 0.1309022308319905 0
0.28132181641642595 -0.23215736557564126 0.1306967349805546 0
0.28894427737207895 -0.22939157156429194 0.13103182020465176 0
0.291184475711213 -0.22829342857929233 0.1302825249483491 0
0.29142780832890797 -0.22861146573747312 0.13063195957758944 0
0.2915217364475947 -0.2287866291832899 0.1307292636636106 0
0.2913630749221374 -0.2286737187371859 0.13060868686587207 0
0.29092623533690765 -0.22876485900570653 0.13055544159046756 0
0.2912112647377818 -0.22879555045959993 0.13094541779530422 0
0.2935699604958031 -0.22811249299857217 0.1296290775884572 0
0.3036605071226616 -0.22572279535886663 0.12984786254056643 0
0.30464576985441233 -0.22582289773962647 0.1302805587624843 0
0.30535920541976674 -0.22590618480589228 0.1308464190240979 0
0.30535301751761557 -0.22590249484732136 0.13082649426332135 0
0.3054647441405495 -0.2260028824280457 0.1308234039192358 0
0.30637311625683716 -0.2261567746643728 0.1219695132146723 0
0.3055198985393929 -0.22641699634677634 0.12108480840723503 0
0.30481006592825965 -0.22600474265094028 0.10904342484061974 0
0.3044532830615388 -0.2264980919465817 0.10950264559790575 0
0.30446958324927853 -0.22654486733467194 0.10990823995710382 0
0.3044930494306659 -0.2265076921761958 0.1099079135060994 0
0.3045118133272946 -0.22647278328114032 0.10991088201235621 0
0.30471973753641096 -0.22621161337703408 0.10991843081881272 0
0.30487718677029657 -0.22593816101083009 0.10994006175868452 0
0.30413247215294353 -0.22641883564583007 0.11004051433628988 0
0.30455176396345274 -0.22627432106802298 0.11028958939238165 0
0.30467504691738606 -0.2263100965585159 0.11002420290019288 0
0.3046622319608899 -0.226274085224712 0.11000132311308758 0
0.3046699538558962 -0.22631435229881766 0.110021531013099 0
0.30483759293738344 -0.22612933084974873 0.11008047374144862 0
0.3048824115067366 -0.22622395776698767 0.1102279774689277 0
0.2958370202952792 -0.2262092565486556 0.11136290214298268 0
0.2913301748073057 -0.22640324649001367 0.11043991030701404 0
0.28255973352858105 -0.22550035297718474 0.11043024388376457 0
0.2805662465372327 -0.2249930799597486 0.10974138476527608 0
0.278654542431259 -0.22545236227427093 0.11035824972170594 0
0.27798617197332776 -0.22537764296355564 0.11023628716764709 0
0.27634308937779567 -0.22558859262956343 0.10947200770506464 0
0.2768306723835026 -0.22542243844795334 0.10976351222738895 0
0.2775876976648671 -0.22551858562957444 0.11001601768310593 0
0.27771457228920804 -0.2253942818585013 0.11008446844296732 0
0.27804192275137124 -0.22545286504395326 0.11023248083989103 0
0.2778799365831055 -0.22520419122054 0.11022511714742554 0
0.2793167906972184 -0.21453075116706233 0.11023468326419378 0
0.2789105309486693 -0.205280096896689 0.11080309061278898 0
0.27693044963317603 -0.20467781194529755 0.10995568783694681 0
0.27707001581324986 -0.2047996019998664 0.10988886293648023 0
0.27756711823996255 -0.2049485129390277 0.11012555326695896 0
0.27810322805306276 -0.20506413899792786 0.11034840637561476 0
0.2782923170265521 -0.2048317027738138 0.11023704871258924 0
0.2781822396160673 -0.2049250420985832 0.11036916681574852 0
0.2775316106384172 -0.20475369226652818 0.10984368405735516 0
0.27803355765224963 -0.20501080895969032 0.11009514634212651 0
0.2779981004114351 -0.2049987117817636 0.11008179006582063 0
0.27809793421699713 -0.20493769895973662 0.11028813469823776 0
0.2779925050819931 -0.20494176239327366 0.110175624246084 0
0.27775491242817896 -0.20481790579773515 0.10989921517754517 0
0.2784770477803205 -0.20469572697677302 0.11026442232652033 0
0.2780974395811823 -0.1912570767541642 0.10967845826415867 0
0.2778130773225548 -0.1841576058142947 0.11017980011884884 0
0.2786788317740744 -0.18376878642559166 0.11073915456034128 0
0.27766297661940476 -0.18411313118973688 0.11004014407516687 0
0.2784245269204614 -0.1842294915611546 0.11037041038216021 0
0.2779716767946561 -0.18397130743943033 0.11005635811703958 0
0.27770961015246465 -0.18395345128955579 0.11001211852049131 0
0.27829435901744287 -0.18394817468710845 0.10994927804327638 0
0.2782184497525588 -0.1841522338752957 0.110051544961867 0
0.2779860972314401 -0.1841248103226612 0.11000068733499176 0
0.2782246784915302 -0.18413823265033052 0.1102152248573228 0
0.2783598309946025 -0.18417350846051034 0.11002055438340778 0
0.2783130989275219 -0.18420867338907787 0.11024483152656625 0
0.27837444256482186 -0.1841917833277319 0.11012425849853494 0
0.2783021934071989 -0.18419006053811793 0.1100994130329466 0
0.2831273230229994 -0.18328993777696245 0.10998878389466848 0
0.291443241106121 -0.18223569078762417 0.10989276352029578 0
0.30739775565653205 -0.1791724890563534 0.11065071622580264 0
0.3271852058356358 -0.17546084896257838 0.1096970995170381 0
0.3484715777798015 -0.17337123088939063 0.11015652197658429 0
0.352504527042847 -0.17356828014498027 0.10991043049386191 0
0.35250266621003273 -0.17363435754420292 0.10992912500932259 0
0.35245673860578913 -0.1737077688832897 0.10993769100459704 0
0.3522827921984201 -0.17402085534825415 0.10993760771098797 0
0.35218814112553676 -0.17418612914047965 0.10993935502124734 0
0.35215366113283647 -0.17419023506484915 0.10993423222328745 0
0.3521245375633264 -0.17418876753233392 0.10992836134889183 0
0.35810212604594516 -0.17380686637873716 0.10966023907991256 0
0.3788265908847507 -0.17070692318218672 0.10936068841497645 0
0.3909170298398679 -0.16791923937317602 0.10923764085959961 0
0.3930920740580475 -0.1676367622531107 0.11020486305862966 0
0.3928055419869668 -0.16742156074437117 0.11004497357120702 0
0.39227410219847025 -0.16760869073690704 0.110097722042878 0
0.39208034684770504 -0.1672519566554057 0.10979592576610944 0
0.3921455678999453 -0.16666439148839662 0.10979161868989833 0
0.3922654643526589 -0.16689845953047122 0.10990853586617434 0
0.39194989541048014 -0.16722770054669073 0.10986585505760867 0
0.3920052627447827 -0.16727883226476248 0.10986360070520065 0
0.3920459678102517 -0.16742677028092728 0.1101031046866474 0
0.39152804413826203 -0.16781536786137474 0.11008498186725602 0
0.3913637940666122 -0.16783556533744926 0.10971436918005267 0
0.3913789830083128 -0.16782270264260388 0.1097350930749761 0
0.3916267400280033 -0.1677736137536056 0.10986633599869437 0
0.3915875521042873 -0.16775836915307363 0.1096610236696783 0
0.3917825116756501 -0.16773563678907294 0.10979922225274992 0
0.3918974814101046 -0.16766067579613167 0.10983212609322066 0
0.3919306710625044 -0.16758411327696915 0.1098363615258818 0
0.3919430377601422 -0.16755108306232475 0.10983522568519245 0
0.39194483447935424 -0.1675511302932848 0.10983571076453419 0
0.39194672914181694 -0.16754457906355663 0.1098365127671611 0
0.39194998516974516 -0.16754499564841657 0.10983761316109798 0
0.3919465673210089 -0.1675465925621994 0.10983808744588948 0
0.3919477464059395 -0.16754728903419414 0.10983766715702782 0
