0.43872082277577257 0.19338265043350872 0.4475496379027096 1
0.4387190413106058 0.19338296843154748 0.44754734217123204 1
0.4387210452514445 0.19338172606617435 0.44754877253676567 1
0.4387178587423967 0.19342972060603283 0.44771331201847814 1
0.43871528657456477 0.19353605688429093 0.4480718209493555 1
0.43868788590176633 0.19352021959764315 0.44790304190101715 1
0.4385625115628277 0.19388837011287435 0.43318587942862086 1
0.4386314885426843 0.1936695166486042 0.41302863927437955 1
0.4386033581015444 0.19353621137906063 0.3900174640152193 1
0.4384801696050432 0.19344410805492995 0.36743949981432733 1
0.4384770053712823 0.19329929016023978 0.34725046659330344 1
0.4383925569133257 0.19356338850995325 0.3247333689033272 1
0.43839137736363465 0.19346081757700906 0.30239581163497337 1
0.43836245068633994 0.1934829509644621 0.28224097088530586 1
0.4385288121389369 0.19338811260932612 0.2597349627882187 1
0.4385782680486362 0.1934430039778825 0.2374820716521303 1
0.4378428936238746 0.19354248888574271 0.21668383930067098 1
0.4375918375596873 0.19361823685689392 0.19410786590472048 1
0.43791098850756865 0.19358236617359373 0.17224816211548985 1
0.43814676390550067 0.19353097133080677 0.152350781675106 1
0.43834382281732864 0.19338001917769299 0.12975306775922332 1
0.43812242317552613 0.1935662735720631 0.11068363255616634 1
0.4384698422062458 0.19366580569420705 0.10823125356404763 1
0.4384514967409965 0.19365820661167793 0.10818012509089232 1
0.4381562136757971 0.19390058374116254 0.10829101052829215 1
0.4382733737808511 0.1933766492121034 0.10793027784482673 1
0.438133274718541 0.19355029323065825 0.10771390405700808 1
0.4380638860607256 0.19357677838151371 0.1077468322296728 1
0.43815241792412357 0.1935726797696633 0.10776797540127321 1
0.43795803456691623 0.1937330599010335 0.10788939042630563 1
0.43818542121067666 0.19344257474087095 0.10773356009561812 1
0.4381938098631908 0.19333223958024565 0.10810092359513127 1
0.4384212660809877 0.1928896844150227 0.10780872275372574 1
0.4383669292662793 0.1927915424388065 0.10785568661159442 1
0.4382690762557576 0.19290494324548046 0.10787401184249952 1
0.43845662139636776 0.19304029106121223 0.10780382212957211 1
0.43843274576700453 0.19272120325218894 0.1080329803482631 1
0.4377927811046819 0.17834648330195105 0.10810874908751496 1
0.437720126430276 0.1553296963543057 0.108107065328096 1
0.4382764251200613 0.1436456466340569 0.10774676879366453 1
0.43818697648663324 0.14348464503540817 0.10797568865621796 1
0.43865316957134215 0.15740255600255126 0.10782383663929808 1
0.43867418814912224 0.16537646560645766 0.10779198712679444 1
0.43825982409325887 0.17730815027909427 0.10776552582837261 1
0.43794906243992726 0.18064497070803875 0.10766398704629157 1
0.4380613588452296 0.18067310519187046 0.10735543234643144 1
0.4379598212407488 0.18068702188684665 0.10739414670477572 1
0.4375892438220062 0.1807144973435008 0.10772721406048624 1
0.43764152777093773 0.1806868112249788 0.10770865853451816 1
0.4376944204266224 0.18065257341980492 0.10769556424063335 1
0.43774986842474733 0.1806251140194378 0.1076924784359052 1
0.4377926441061437 0.1806034393861286 0.10768584218236216 1
0.4378194861539453 0.18059093148558028 0.10768247919811157 1
0.4389560378474732 0.1804594263944343 0.11856147655498381 1
0.4385727487456911 0.18047197853074246 0.13909816210222997 1
0.43799841584931476 0.18049629292873426 0.14042629784453722 1
0.43723832209237784 0.18052190495884132 0.12219151149060144 1
0.43818175350166716 0.18038116036806967 0.11243270545191442 1
0.4382884587424397 0.1803143486480487 0.1123156743326797 1
0.43845051622742615 0.1799880983196109 0.11273186090890928 1
0.4388894009777413 0.17937619452778983 0.11293027832819708 1
0.43875120189389144 0.1798149717349058 0.11304835213081571 1
0.4387899811877697 0.18034265674429875 0.11344455993861971 1
0.4377197134179961 0.18157751796215116 0.1126369904808822 1
0.43781844283681004 0.1809901912439396 0.11239066296808443 1
0.4381684645166836 0.18060713186986982 0.1126613725982524 1
0.43254650650202303 0.18074989350390014 0.11224787092080166 1
0.41563972234632973 0.18045108496055057 0.11316948556593827 1
0.3932069699503686 0.18046997453701324 0.11320933330800935 1
0.370033222758111 0.18060556644641493 0.11319438469241125 1
0.3500055230567087 0.18047930487185673 0.11303990247873272 1
0.3301097359708797 0.18056129296728327 0.11317003006934563 1
0.3072446472972227 0.1805466551158133 0.11318023198812746 1
0.2850947439096061 0.1806310155777721 0.11292294842436433 1
0.2735294780005201 0.18047278417726184 0.11312056048863199 1
0.2728495832000563 0.1804197636345581 0.11317453619119708 1
0.2728806980030275 0.18042133609874467 0.11317931605641554 1
0.27291939466607806 0.18042463789394925 0.11318274750334108 1
0.27303631328264916 0.1804424275979795 0.11315877179725164 1
0.27334977563271456 0.1805987090368253 0.11319065368113203 1
0.27344643237937727 0.18044397234455317 0.11326310128298234 1
0.27355165465393183 0.180612509378097 0.11333276021850072 1
0.27269427296431875 0.18038556659164556 0.11314975074061366 1
0.27298834000740485 0.1797728889924831 0.11304368956600407 1
0.27333846534220124 0.18007761854961007 0.1129329552400311 1
0.2731899766295507 0.18024376923699661 0.11335377166947562 1
0.27337253199170247 0.18033170281382546 0.11299589366522686 1
0.273346877788608 0.18023427952713952 0.11296695950716702 1
0.27340688256955925 0.18023448967778916 0.11297629321117782 1
0.27342808210259956 0.18024475859774514 0.11298860800754941 1
0.27343901601009135 0.1802573764389368 0.11300113663739178 1
0.2734393546315155 0.18026889161416015 0.11300843464779464 1
0.27341598380924076 0.18028088324566638 0.1130121591189763 1
0.273356493275444 0.18029079161501987 0.11301702673078401 1
0.2733096635605793 0.1803002989704549 0.1130201250025742 1
0.2732934184202215 0.1803058044829527 0.11302389254501238 1
0.2732848231828622 0.18030834476006208 0.11302179125295339 1
0.27335445361364286 0.18351317688659138 0.11345230531553287 1
0.27057465839683004 0.2019397677685831 0.11340610435476337 1
0.26887106722692655 0.21333257378602535 0.11347956240222191 1
0.26867035555078017 0.2241638135756842 0.1131827559436057 1
0.2685766805686403 0.23139881659985279 0.11313577508192504 1
0.2684507833508105 0.24601108754844292 0.11324293519617233 1
0.2685099000332822 0.24916892951041653 0.11291986758709381 1
0.2683504010828923 0.24932171543973816 0.1129529099060364 1
0.2683394629841504 0.249300654193791 0.11299882387396978 1
0.26835451941999133 0.24926444363097847 0.11302460947700634 1
0.26843142484051463 0.24920499486283268 0.11306239213621931 1
0.26799584572749197 0.24903755246256015 0.09803688359149083 1
0.26838315560705417 0.24901474388733535 0.09066075040419326 1
0.2687029514911068 0.24901917962840397 0.09089185709512314 1
0.2692431407992981 0.25297199260264713 0.09059798470244244 1
0.2687701348875518 0.257101202900775 0.09081814836117609 1
0.26873302053219245 0.2578681916366655 0.09032772499565178 1
0.2683935632576639 0.2665367888503889 0.09072762139331719 1
0.26835418121415466 0.27098263019701785 0.09074355257013532 1
0.26841298451604817 0.27431950702575847 0.09049120859131168 1
0.26834219372347 0.2810892819136792 0.09047924765927678 1
0.26853909919962515 0.28175121569852035 0.09059858910941651 1
0.2685246707267714 0.2817524446679956 0.09059566304322465 1
0.2683814921763306 0.2820207130862027 0.09059892063726012 1
0.2685556582663094 0.28662837794598006 0.0903594463246675 1
0.268653442218605 0.2873165279448676 0.09047459621203353 1
0.2686413678186357 0.2873060047323531 0.09048474981879798 1
0.2686046888252498 0.28730177939541407 0.09048490674191546 1
0.26857841222507994 0.2872972210982011 0.09048873884708745 1
0.26856069969220725 0.2872882772075436 0.09048995547951948 1
0.2685591560892281 0.28728140542225195 0.09048897516878167 1
0.26855799141362013 0.287274038816008 0.09049008172723914 1
0.26856527616678033 0.2872698517579785 0.09049116043809731 1
0.2685687653179446 0.28726747627814675 0.09049145135291606 1
0.2685681083091989 0.2872644295039255 0.09049231747136928 1
0.26856950940148244 0.2872607152409804 0.0904905701166189 1
0.26856891734731086 0.28726298843650433 0.09049306512104745 1
0.26857083738600734 0.2872615596734749 0.09048923377676968 1
0.26857215621519703 0.28726046459934884 0.09049197823182363 1
0.2685725995578189 0.2872598164041551 0.09049357397965498 1
0.26857510457956174 0.2872563414299879 0.09049415121413476 1
0.26858108691129995 0.2872525673090152 0.0904897138308768 0
0.2685805750753941 0.287251900085187 0.09049484606679277 0
0.2680812148646374 0.28720103757466175 0.0904073462612391 0
0.26845815211928015 0.2872419222248352 0.09046328191327412 0
0.26868252285781574 0.28726673586666596 0.09049609392979406 0
0.26865541312467217 0.28726233135090506 0.0904951128726151 0
0.26865873958607994 0.2872567301332316 0.09049587937303942 0
0.26861111874261207 0.28725138368186415 0.09048546975424179 0
0.26860287848657743 0.28724916663371514 0.09048629720214005 0
0.2685974551726187 0.2872469966376948 0.09048547657480452 0
0.2685967152955221 0.2872483463166015 0.09048681256794053 0
0.26859251106841364 0.2872474254002183 0.0904880609872954 0
0.26858653365222024 0.2872456650164328 0.09048601170358724 0
0.2685906630559295 0.28724752295780964 0.09049039775299995 0
0.2685898710551786 0.2872455484710752 0.0904886372238003 0
0.2683590274918861 0.2872217028217947 0.0904739081269471 0
0.2684049062356883 0.2872247514002018 0.09048483844179732 0
0.26844761980370974 0.2872324918379675 0.09049188813922197 0
0.2684557570976356 0.2872323455064248 0.0904920476493878 0
0.26848502256458456 0.28723682961502306 0.09049346798549723 0
0.26849295296451264 0.28723919930758557 0.09049472714488503 0
0.268498590385871 0.28723984013650766 0.09049371052857681 0
0.2685025271793575 0.2872394898448153 0.09049447805030669 0
0.2685032314834711 0.28723893570468323 0.09049475815959519 0
0.2685054558815858 0.28723859065575286 0.09049677356647537 0
0.26850053438473676 0.287238810697525 0.09049368215144607 0
0.2685012947367078 0.2872380336581442 0.09049506712011948 0
0.26849253407439894 0.2872391737100361 0.09049298127905811 0
0.26849381466415834 0.2872369736922293 0.09049168344377907 0
0.2684959680061575 0.28723880476822494 0.09049356028025483 0
0.26899725661944474 0.28728494915034863 0.0962407652343773 0
0.2694791618055034 0.287324397458818 0.11206460333900714 0
0.268730241428391 0.28717278917383277 0.11325065650305352 0
0.2685300905696306 0.2871331595316786 0.11317626078719213 0
0.26852696461159026 0.2871350839355673 0.11315229191559198 0
0.26852709718776985 0.2871357031845482 0.11313996456807321 0
0.26870088694912536 0.28711910871059243 0.11636663100948481 0
0.2694220432080123 0.28717502232011494 0.13266886724544885 0
0.2687430564109947 0.28703168491133835 0.13305865414066478 0
0.26873072408525717 0.28703595099653345 0.13307494489807953 0
0.26867698417993446 0.28704307308736876 0.13306837886655232 0
0.26808266789130186 0.2829880785438904 0.13285486468713806 0
0.2706344857354146 0.265468411955706 0.1327058020196523 0
0.2740754893451342 0.24638121275189145 0.13260719704000684 0
0.2760507866520531 0.22512430887742113 0.13267608691996063 0
0.276338241083766 0.20515952361873668 0.13331726075752437 0
0.27649925154971666 0.1825875686700359 0.13344921529949033 0
0.2765283396848017 0.1626683938365957 0.1331977035263273 0
0.27650165975430335 0.1400357777563252 0.13315369141425007 0
0.27639060959919565 0.11759627354013609 0.13309843155878365 0
0.2762635707665202 0.09517118036217691 0.1332576775183984 0
0.27636209609827334 0.07525444463475017 0.13321410559985986 0
0.27630542707395317 0.05520352779348496 0.13327745266321536 0
0.2765111360828114 0.03511301092655894 0.13322517471117118 0
0.276411659462998 0.012696855031122112 0.13324098146839916 0
0.27615200940634416 -0.009663308193563203 0.13323382129114555 0
0.27577084306141075 -0.029612163398131136 0.13328454801742623 0
0.272648399701784 -0.05202897541288412 0.13329671137564805 0
0.26828443856892187 -0.07210853140500806 0.13306029725797175 0
0.26403917853145276 -0.09214179993959601 0.13320467637258207 0
0.2592500007404902 -0.11445349801439739 0.1333159763273831 0
0.25515629539353835 -0.13309190554475356 0.13296220110807372 0
0.25509297225523553 -0.13561903911819018 0.13312583253760846 0
0.25556330497943014 -0.13559999854996727 0.13339367671603625 0
0.2555504449759959 -0.1354886507681509 0.13335051375434043 0
0.25553468356048914 -0.13537695131354838 0.13330515978870333 0
0.2552797162587187 -0.13534166275440657 0.1330987619414883 0
0.2563551060952217 -0.13478120150202993 0.13303041429028786 0
0.25677765807581615 -0.13473933232444704 0.13326363988164613 0
0.25690554531624465 -0.13495907760584877 0.13324120236436782 0
0.25695597229078704 -0.13507291359394258 0.13321798495998452 0
0.25648840049378313 -0.13513515891041394 0.1329348144109519 0
0.25661183738294907 -0.13487061884337415 0.13331348570555934 0
0.2566735465575418 -0.13473675050904535 0.1330646460556408 0
0.25640249559052314 -0.13462386181997063 0.12298237077143717 0
0.2563171084414904 -0.13500351946490988 0.11343487050535583 0
0.2569489818115844 -0.1353826965399715 0.10952969767154593 0
0.2567073513918364 -0.13505590991401872 0.09919950544505433 0
0.2567324613058707 -0.13520192937456804 0.09782143046008973 0
0.25669809223673545 -0.13517907374705637 0.09786507388686098 0
0.2518566535620977 -0.13439665781031745 0.09811756129251586 0
0.23722886311296704 -0.13484501724273093 0.09823318705233569 0
0.2303792829882871 -0.13490324401341638 0.09831936854768618 0
0.21963634686004918 -0.13503817149815983 0.09813641496232077 0
0.2169943848222411 -0.13494665751602808 0.0978753052220235 0
0.2169627571369852 -0.13492709876858403 0.0979353703345815 0
0.2169602091500453 -0.1349219320361256 0.09799953581239164 0
0.21690993643506187 -0.13491363240733242 0.09813071899328407 0
0.21671235783420964 -0.13488823146637832 0.09848745491655156 0
0.21676226082697728 -0.13489477481538212 0.09842756224894054 0
0.21706845501872396 -0.134931537991024 0.09794618128575183 0
0.21708377985318633 -0.13493588273376889 0.0979355745469696 0
0.21705532937232613 -0.13493092888944747 0.09798929924328735 0
0.21978171245234754 -0.13474714902588905 0.09885774257432282 0
0.23259707537235594 -0.13171462863190478 0.09869157277298732 0
0.24028996046559162 -0.1300314804252311 0.09819998201291869 0
0.23925816166751132 -0.1310736915348777 0.09826491488684058 0
0.22623548382086558 -0.14350453672525548 0.09816254496760031 0
0.21802386945336885 -0.14979263092921624 0.09810739703026104 0
0.21826075733566144 -0.14993064422052876 0.09813100497101412 0
0.22519364708001402 -0.14584944605525965 0.09819484993162744 0
0.2260268819030027 -0.14559913361807386 0.09815933491383891 0
0.22608925281521505 -0.14549118331683544 0.09815974585501223 0
0.22618243828487364 -0.14559884783537744 0.09819255305710048 0
0.22601511069795038 -0.14535076346996434 0.09806555918783795 0
0.2263077552147164 -0.14551274414633414 0.09847358479632722 0
0.22626098843053508 -0.1455076001168732 0.09833536916828509 0
0.2261980170084477 -0.1452936157280381 0.09814519062018401 0
0.2261620721677661 -0.14535483464222987 0.09809685909442517 0
0.22612081958047406 -0.14531325919178176 0.09816470057107259 0
0.2263039459531734 -0.14539011844665595 0.09835075040367329 0
0.2261041460746821 -0.14556279106270303 0.09812267654976742 0
0.2336307646844636 -0.1455481864055405 0.09864258457365112 0
0.25313196636735513 -0.1410652202316618 0.09848921176547146 0
0.2647868450334941 -0.13831362571144412 0.09826816425647869 0
0.2653180529970121 -0.1385166835741791 0.09790134375040557 0
0.2653019253093439 -0.13848877845822521 0.09791436441904286 0
0.2652924265420734 -0.1393143271574726 0.09862295169822927 0
0.2618844566015808 -0.1523598217161775 0.09822356436148184 0
0.2565734504619663 -0.17212668116104404 0.09809410216526473 0
0.2520366885768987 -0.19135916332929107 0.09810019528938546 0
0.2527406692947308 -0.20207224785791017 0.09816753937195682 0
0.25761208170783884 -0.20163171191946797 0.09904495571107196 0
0.26102542690607033 -0.20005843083211905 0.09905131519335861 0
0.26118773259649086 -0.1998935313524305 0.099049818363417 0
0.26114588244729936 -0.1998724497452529 0.0990033587969895 0
0.2608764230753216 -0.1998486223509408 0.098649072845611 0
0.26090077286226976 -0.1998166111333683 0.09869057768033099 0
0.2609837677355069 -0.19971577606062332 0.09883399688001536 0
0.26110666891713 -0.19970281592769396 0.09899945697909797 0
0.2606982235020553 -0.19971363586985338 0.09856907319737566 0
0.24918702005741827 -0.20399285656504457 0.09827572758328632 0
0.22959243915167446 -0.20982723770306977 0.0981361265176317 0
0.21824088546602846 -0.21097036754164586 0.09816940897403784 0
0.21787531958829554 -0.19779174159343588 0.09857357510327057 0
0.21849046217885273 -0.17464287762665354 0.09828099020435474 0
0.2187440056768346 -0.15899610603667955 0.09815209507833159 0
0.21876760378057764 -0.15700087929922782 0.09825347484138837 0
0.21904578688605064 -0.15670061996208243 0.09856008809924294 0
0.21915397273641146 -0.1570296207762143 0.0983259291932583 0
0.21853798081771847 -0.15727461224976785 0.09855845155615899 0
0.21828931614142982 -0.15107579592703185 0.09828147882522868 0
0.218899578708974 -0.13566744428883526 0.09825570701648455 0
0.21876103506197636 -0.12478887207867774 0.09794952026851513 0
0.21856234393122403 -0.12417205137019821 0.09828877744954372 0
0.21965372869830393 -0.12374049887643372 0.09853840113515558 0
0.22944374286692196 -0.12282700884546323 0.09879142815104071 0
0.2466093538929801 -0.1198888012367201 0.09868949777326054 0
0.25783555281417564 -0.11571722844812908 0.09820121750936914 0
0.25989847755939666 -0.10872750806069358 0.09792678809453226 0
0.26044365732273117 -0.10512294346198581 0.09813118794972595 0
0.26023791422833326 -0.10486342054740695 0.09820024301466014 0
0.2602091645668454 -0.10493588215945614 0.09823698642794068 0
0.2588933456905116 -0.11546496934063816 0.09851447041104269 0
0.252966386983042 -0.13760371732361182 0.09842622377064925 0
0.24935215592501478 -0.1498876246260647 0.0982370449037414 0
0.2445583007780117 -0.1500701918910481 0.09769259165250543 0
0.2315706221794209 -0.15096882176642817 0.09836222583590501 0
0.230434846017924 -0.1502566863172918 0.09819263139769253 0
0.23065246305727288 -0.15021738811644025 0.0983923892061669 0
0.23136520411000103 -0.15024475696105838 0.09843227349581063 0
0.23146403892660838 -0.1502791450920089 0.09832351911667306 0
0.23158386394779734 -0.1503328642504153 0.09831376034144007 0
0.23175700142614983 -0.15014950382437475 0.09830681420402687 0
0.23181428577321933 -0.15007086001749648 0.09831394383201567 0
0.23181520236612557 -0.15006933012151052 0.09831581141031613 0
0.2318152206581821 -0.15006806568277717 0.0983168716594992 0
0.23181397453930383 -0.1500690868626537 0.0983161744748354 0
0.2318098192556368 -0.15007241140066185 0.09831652825725146 0
0.23180612277486942 -0.15007426226052992 0.09832028712287627 0
0.23180648411625718 -0.15007165008189569 0.09832037919460919 0
0.23180364456702493 -0.15007481892699026 0.09831903636664352 0
0.23180414983006697 -0.15007603848675358 0.09831984795617321 0
0.23180037888821 -0.15007635535080852 0.09832058407550223 0
0.2317997082713664 -0.15007437571675597 0.09831964413483728 0
0.2327556136232778 -0.1498593549903306 0.09841946888863014 0
0.23878109686366084 -0.146990993627438 0.09850957266165308 0
0.23961553626356874 -0.147247356516407 0.0982717232785652 0
0.2420874527700675 -0.14727748624743736 0.09824225448587356 0
0.242326353858765 -0.14731103387060707 0.09825294274526152 0
0.24293939399752426 -0.14914038384688064 0.09827780153169406 0
0.24429212440339548 -0.15185500133593308 0.0980417709755931 0
0.24425825968405285 -0.15231659384722004 0.09860357282306013 0
0.244230120247465 -0.1523984024189923 0.09853352324380779 0
0.2445555983366575 -0.15238470274684185 0.09812948447333736 0
0.2442085996354428 -0.15236823822510487 0.09779867838991091 0
0.24419796390946447 -0.15237454818677099 0.09789463498681958 0
0.2441669877336088 -0.15241692762960085 0.09863536590814125 0
0.24418193608298538 -0.15240745089288263 0.0985708482015949 0
0.24420848426363778 -0.15239968495922857 0.09848573893377316 0
0.2443161415332111 -0.15235748628666182 0.09785186107910772 0
0.24419760516790115 -0.15236215548717724 0.09786370179905257 0
0.24415393634001648 -0.15240170527151664 0.09863205609579666 0
0.24413614518462762 -0.1523956051401874 0.0985883512854768 0
0.2441649375182985 -0.15238799852430202 0.09849708080927999 0
0.24417606241416803 -0.15233858571331063 0.09779313590964461 0
0.2441797808863911 -0.152345177324546 0.09786146440498834 0
0.24444731712052442 -0.15237244805269407 0.09833135650226743 0
0.24411831705243384 -0.15237930814618025 0.09860333810239762 0
0.24413537948941205 -0.15237768992510575 0.09853262315263867 0
0.24455760714911123 -0.1523515239538443 0.09801003973355424 0
0.24417756293499276 -0.15233748872803365 0.0978408171219008 0
0.2443283507864843 -0.15235197662810945 0.09805909954612109 0
0.24410526459451123 -0.15238719096978975 0.09862463719757135 0
0.24412301836821124 -0.1523775882550646 0.09855993162331232 0
0.24417465313035794 -0.15237235411410796 0.09845234008905833 0
0.24416783420852034 -0.15233964353293067 0.09780160707227556 0
0.2441876769682609 -0.15234396769101677 0.09790886329945897 0
0.24416055939386652 -0.15240893690532228 0.09866702085431893 0
0.2478614469905848 -0.15302769792853482 0.09881371794230338 0
0.249921238544151 -0.15281149604153269 0.09869032874928516 0
0.25062038631188494 -0.15265318384226362 0.09845901906701539 0
0.2548464731582634 -0.15233050448163002 0.09825996898155188 0
0.25557886065547114 -0.1524912725060004 0.09839540294269167 0
0.2584509646842663 -0.15259840046572837 0.09846692288022109 0
0.2642059732277605 -0.1525324291427727 0.09820722044769796 0
0.2667482219498959 -0.15239573104536897 0.09832241284092899 0
0.26959412936831245 -0.1517834688763085 0.09838706231579131 0
0.2701091327911361 -0.15199858514536901 0.09814316032667085 0
0.26540754161731245 -0.15704775462161819 0.0983245190965926 0
0.26255284720960803 -0.1637622041046069 0.098196684765456 0
0.2625254068399623 -0.16616081832169985 0.09839849580212398 0
0.26157430909802476 -0.16294250829147053 0.09761658177359685 0
0.26266714702151295 -0.15745235256016227 0.0979907502486404 0
0.2622984973135785 -0.15682086356173958 0.09812922223357422 0
0.2623270557097714 -0.15675749377185957 0.09815410333240207 0
0.2623270778905262 -0.1567549431250391 0.09815853385808179 0
0.26232711011495985 -0.1567510471953589 0.09816953563086177 0
0.2623228967418109 -0.15675204650917415 0.09816907065195428 0
0.26232619988801864 -0.15674884128150166 0.0981700340425156 0
0.2623359604744389 -0.15674315385667248 0.098173752462379 0
0.2623408610545398 -0.15675271260648027 0.09817746955869476 0
0.26191419703391594 -0.1618233264384964 0.09850838006047449 0
0.2605073320478243 -0.16776025188467134 0.09848076438161521 0
0.26065122915502825 -0.1681652151701915 0.09849386290903649 0
0.2606458205182486 -0.16817753459316404 0.09846678276599768 0
0.26064984566680055 -0.1681719605243795 0.09844974434061818 0
0.2606451293150078 -0.16814697038202 0.09842197836793938 0
0.26041103080319045 -0.16509651736906056 0.09824350667308654 0
0.26027899714969416 -0.16355326169301412 0.09826320323854945 0
0.2603125526690522 -0.1633400102122099 0.0982711759261842 0
0.26048985595014396 -0.16307907031979726 0.09827844170173353 0
0.26049527133316486 -0.16306981265153697 0.09828702625700356 0
0.260498959131841 -0.1630685143551316 0.09828639216863042 0
0.2604988978275903 -0.16306880447509475 0.09828883063859106 0
0.26049985547505666 -0.16307276862705522 0.09828911755539563 0
0.26050344489792165 -0.16307199056969557 0.09828637304379695 0
0.2605012381751281 -0.16307400425289814 0.09828931215981355 0
0.2605001267874951 -0.1630750491124437 0.09828803599988908 0
0.26049942802425996 -0.16308130688236988 0.09828802170998369 0
0.2605029442267983 -0.16307888898619158 0.0982945833514139 0
0.26049945224540255 -0.16307899290031713 0.09828909041177815 0
0.2604995325110103 -0.16308124472349309 0.0982913715969079 0
0.2605016961715955 -0.1630855567195128 0.09829103900307573 0
0.26050021532483586 -0.16308072969220894 0.09829041343466778 0
0.26050433144764207 -0.1630858418324449 0.0982934159981817 0
0.26049866651524933 -0.16308606543084245 0.09828946354353857 0
0.260501827846001 -0.16308342620933344 0.09828984612787306 0
0.26050061920204504 -0.16308845847243972 0.09829031934763262 0
0.26049850438247785 -0.16308832884968516 0.09829159117365549 0
0.26050038207375087 -0.16308610341512197 0.0982908886765978 0
0.26049886305892794 -0.16308781867022554 0.09829120729123815 0
0.26050188488018705 -0.16308713669838987 0.09829158511045047 0
0.2605005184370324 -0.16308917167943054 0.09829506392108166 0
0.2605029793656209 -0.1630898455994806 0.0982914743364182 0
0.2604970467326273 -0.16308986795252794 0.09828971477262063 0
0.26050146740747526 -0.16308978009895805 0.09828903378716844 0
0.26050059215623617 -0.16308992118378415 0.0982943506656838 0
0.2605442652826323 -0.1631751809237117 0.1059684943158737 0
0.2610508796265103 -0.1634034146530618 0.12785989763836664 0
0.26103359781577057 -0.16298298812602507 0.13324125126873868 0
0.26048960130936927 -0.16288598402117876 0.13365064470860366 0
0.2604896063886955 -0.1628930981121145 0.13358257726837325 0
0.2602156112529485 -0.1628936666421516 0.13330148396740568 0
0.2602817498989952 -0.16290762539303583 0.13326371655062041 0
0.26107526379308715 -0.16295804327101052 0.13324053727288446 0
0.26099738814852275 -0.16297538076159854 0.13325772249129125 0
