0.43863016867318005 0.19340257983803766 0.4474600179977929 1
0.43864470990715154 0.1935478752249955 0.44798975658614054 1
0.4386441827987942 0.19352805853504557 0.4479345357367991 1
0.43862949432008 0.19336831811711547 0.44734884836424926 1
0.43862776005857373 0.193393051754768 0.4474140810605152 1
0.4386457281060349 0.19356718254343996 0.44806895175402545 1
0.43845390528303196 0.19396469058959864 0.4485626274666714 1
0.4386133000774762 0.19382448683316625 0.44834506118777445 1
0.4387481657656412 0.19351300322099796 0.44759680198918966 1
0.43855255663179515 0.19361252419058583 0.447999311563914 1
0.43870976243124504 0.1934164853887449 0.44833754007632204 1
0.43874538934583274 0.19353268731640022 0.44778555517898355 1
0.43860993107544344 0.193611172428531 0.44777477996282994 1
0.43889932589811803 0.19332643921343445 0.44771468050913393 1
0.439623328156723 0.1937805961344217 0.4474515191222097 1
0.4578184015267528 0.19982749587061044 0.4455669962534657 1
0.4774210685622916 0.20894691178022473 0.44617434361502156 1
0.4858003483719494 0.21484610415031266 0.44730487465832897 1
0.48599305145008176 0.21554094986507855 0.44824835731938856 1
0.4859546413161061 0.21527880734955138 0.4488401715677034 1
0.4866844134508015 0.21404561015458784 0.4490353622720784 1
0.4863831264628452 0.2145747359358705 0.4480767484076495 1
0.4865458744601415 0.21445533184666415 0.4479992771553069 1
0.4863189857223583 0.21481977856835738 0.447412443031589 1
0.48639742152358223 0.21484044354041412 0.4463742935557068 1
0.4863243087051834 0.2148844311942853 0.4471695711262753 1
0.48630594487275786 0.21490567375983904 0.44720971513384056 1
0.48618614173032515 0.21539834035512495 0.43305361024756917 1
0.4860127311105008 0.21534028892654708 0.4111496347321848 1
0.4860401126400053 0.21529691446473448 0.39122120444709074 1
0.4860391093307591 0.2151647097185916 0.3706189844264651 1
0.4857615088573387 0.2150531981588544 0.3474442314031342 1
0.48585493964365223 0.21496824735077852 0.33041507926110164 1
0.48592478836811087 0.2170811174885077 0.33033460454344205 1
0.4858222399964852 0.23582103573124574 0.3302008069393877 1
0.48604308651034 0.2572546758286911 0.3298982063918197 1
0.48975987082756717 0.2535795651238383 0.33013075068449865 1
0.49900994716188257 0.23607543876206505 0.3299137579497849 1
0.4991602401137978 0.2355776710426808 0.33746609356288054 1
0.49931583672640967 0.23482650599157195 0.3600618658550941 1
0.5000628028444217 0.23480440800639532 0.3629130778186378 1
0.5001850843469531 0.23583999278616713 0.36334555241880917 1
0.5026818176754272 0.2547782299225432 0.36232028111165165 1
0.5068605044306719 0.27291473437192637 0.36179145515958033 1
0.5159489766994095 0.25726770354553236 0.3623565992945964 1
0.5188964973305736 0.23726598774230884 0.36263063140518464 1
0.5202973727935388 0.229030785455514 0.3626712516080438 1
0.5204053177703456 0.2288094032168841 0.3627070169418963 1
0.5203448815332783 0.22894077405948934 0.36269494717716577 1
0.5202594318802867 0.2291507367873471 0.3626895735805311 1
0.5201246537742825 0.22945306691641745 0.3626652473616675 1
0.5201089935286696 0.22949082838308132 0.36264765119575115 1
0.5201035487446118 0.22950593090349924 0.3626072144673105 1
0.5200809426366816 0.22951777090376924 0.36242595069638667 1
0.5200807541337298 0.2295264051224115 0.3624187407196272 1
0.5200794661184565 0.22952803844859035 0.3624234403907684 1
0.5200781530431232 0.22953444644138904 0.3624276767566066 1
0.5200763802964719 0.22953311963705092 0.3624290454705801 1
0.5200741285842151 0.2295364860528457 0.362431499228848 1
0.5200806668579484 0.2295263591308447 0.3624366874559135 1
0.5200754648665024 0.22953352698084323 0.36243256083425457 1
0.5237856209529463 0.23026181873835208 0.3576388035267091 1
0.5218515097781405 0.2324036886924613 0.35153409850130485 1
0.5165175434746594 0.2344555355115616 0.3511197623979333 1
0.5079122033331531 0.23515895178858398 0.3610895876112837 1
0.4961136833115374 0.23460856277000663 0.3816060747165276 1
0.48087105754226717 0.23260200424628902 0.40885653515388165 1
0.46636653866434996 0.22927217597144034 0.4316548576860356 1
0.4508884197688873 0.22434168801976312 0.4518087856684753 1
0.43968895704613115 0.21808999124720096 0.460874774384617 1
0.43379238472969817 0.2102889592713167 0.4600464250783847 1
0.4332398879593116 0.20119932503771726 0.4510114184247725 1
0.43735222342558877 0.1943545419262811 0.4469401941983392 1
0.4390257435965854 0.1929580086701663 0.44716642779406307 1
0.43848677976651035 0.19332198641774145 0.4473054295638444 1
0.43849812720314785 0.1934971001344982 0.4476480369928577 1
0.4386709975838716 0.19357033172286997 0.42947304886850285 1
0.4386797748998065 0.19353717554470373 0.409121554425369 1
0.4387357648037832 0.19341668416196067 0.38612962542342755 1
0.4386436320039304 0.19345182318073187 0.3635117695186593 1
0.43865219886564893 0.19329653070131364 0.34102750075434474 1
0.4385423400345031 0.1935413098558202 0.31863214286793795 1
0.43854036921300665 0.19348156018689264 0.2961200475158425 1
0.4386999720285617 0.19350946578164469 0.2739540954303004 1
0.43835823291053266 0.1935145346890042 0.25368023500291315 1
0.43849477755939903 0.1934606027487646 0.2313460561796571 1
0.4378916967258649 0.1934660623430927 0.2104542958172362 1
0.43807231081573395 0.1936861694130455 0.1885777128013752 1
0.43845580005469464 0.19335416326407187 0.16863257924661168 1
0.43800477363053275 0.1936037318703967 0.14833616345538694 1
0.43829946327690517 0.19352097497349774 0.12850856233880278 1
0.43831177506648156 0.19342290911140775 0.11348954143923266 1
0.4388013483949851 0.19345798634582578 0.11322298087434599 1
0.4392897488196116 0.20934712339364722 0.11417262675605963 1
0.4386023962101888 0.23107482745311525 0.11351785831934953 1
0.4383183569982136 0.2349499236558141 0.11286437147991084 1
0.4389887227743125 0.23501309622048952 0.11324505303073576 1
0.45393376924098205 0.23492571990496242 0.1121859130332284 1
0.47153366293045706 0.2346697910669453 0.11248249712850612 1
0.47358444630485813 0.2346667709272614 0.11308978594460468 1
0.4736094894942137 0.2346350917053534 0.11311068649548746 1
0.4735075827853952 0.23468030290532949 0.1131850286367584 1
0.47321497891644715 0.23482657267901053 0.11362971037324526 1
0.4730318207372497 0.23479709007255323 0.11337177014778362 1
0.47306255925884205 0.23476882273508043 0.11325339268932817 1
0.48629507206379347 0.23443350928946707 0.11192091372168828 1
0.5009527488774536 0.23414336773775346 0.11209092146961311 1
0.5025659356727933 0.23466466783572512 0.11270402770405774 1
0.5030781780986289 0.23694880343654703 0.11293299582199982 1
0.5024044181034328 0.2557962011334111 0.11277977359701317 1
0.5027695715665128 0.25896411267965946 0.11255666353534662 1
0.5027670545363798 0.25937764759529347 0.11279739953408743 1
0.5171810268595347 0.2632700884637411 0.11202584193841073 1
0.5258213396779515 0.2668870626956701 0.11232851127926859 1
0.526715751149607 0.2672960420657952 0.1129535177386461 1
0.5301412419500569 0.2799392306749628 0.11228710795983991 1
0.5314474073335361 0.2823402748928954 0.11244725915246337 1
0.5323287853272644 0.28698434656792315 0.11268396995309364 1
0.5324010486041246 0.2889963259024702 0.11166493405849563 1
0.5326083948054874 0.28903266664625316 0.11199128212148807 1
0.5324928657405548 0.28907870796732527 0.11220693016724936 1
0.5323385792709371 0.28915434623021297 0.11247979421547698 1
0.532379625391614 0.2891031963994476 0.11242680770954858 1
0.5324555791742624 0.2890355332977801 0.11231548201171364 1
0.5326937219325778 0.28886560892614754 0.11197460935948607 1
0.5326488428283401 0.28888028765859947 0.11203094381653951 1
0.5323166847421252 0.2890564049652877 0.11245531931595996 1
0.532341003887187 0.2890200859192351 0.11240358703322822 1
0.5323849791805882 0.288981027551568 0.11235838743759727 0
0.5327291522568361 0.28876719201405715 0.11191120327250904 0
0.5326906243005772 0.28877691668945804 0.11196153540288692 0
0.5326338335552357 0.2887977729835267 0.11198634838979112 0
0.5323646317477234 0.28892282383201895 0.11237767517593931 0
0.5323714129398435 0.2889169446236849 0.11233587598481659 0
0.5323974310297765 0.2889077892480639 0.11230899293669709 0
0.5324125166263184 0.28890910234352524 0.11229006988750657 0
0.532436556312631 0.28889546877862277 0.1122643618429015 0
0.5324494187700278 0.2888955830993475 0.11224982788123529 0
0.5325179590503519 0.2827499281164387 0.11241581214778605 0
0.5330763732696641 0.2599683879860908 0.11265144651670386 0
0.5335009219170372 0.2442029304900305 0.11289281474177001 0
0.5325516662800113 0.2441252160150788 0.11230338367747153 0
0.5183270760997433 0.24445646981937247 0.1122902768177288 0
0.5013792362604811 0.24474942166029523 0.11275038910042537 0
0.49799371917447666 0.24480099723953364 0.11189141151587945 0
0.4977959091309778 0.24073988093672696 0.1118670224066711 0
0.4985297106069354 0.2177476953577523 0.11200580400839515 0
0.4982318679825559 0.197652128080846 0.11208296661830046 0
0.4969760196981819 0.17494981266145646 0.11169293950446504 0
0.4905049249558744 0.15544256408952448 0.11272426444422831 0
0.47799458683589535 0.1354098838891058 0.11302671953992748 0
0.4688459711425833 0.11380899398166223 0.11273746208585576 0
0.4609845910507637 0.09219212109508551 0.11267505102431091 0
0.45320365078271185 0.07032210625553394 0.11250428015582177 0
0.4466307540336776 0.04786684711823523 0.11344465406522986 0
0.4394590167168221 0.025763301110643205 0.11303836003601143 0
0.4332958130760238 0.005799939494032957 0.11314876082302112 0
0.4261907700051178 -0.01636088580026089 0.11302619311855061 0
0.42067281110814353 -0.036170735250952074 0.11311926032659288 0
0.41463732873763637 -0.0589105361638481 0.11314945203186343 0
0.4091283743262023 -0.0787106745254225 0.11296969092435533 0
0.40324103981368076 -0.10117369621807855 0.11294902811413401 0
0.39818781872842146 -0.12112130026752463 0.11285085583659324 0
0.3936236991265367 -0.14360220407249574 0.11278487675800639 0
0.39271206005011033 -0.1541530454072195 0.11310931502539044 0
0.39285149238568273 -0.1541703910649406 0.11314171964483176 0
0.4002063401035115 -0.15525043793235882 0.11342541655084039 0
0.4110577718389059 -0.1561240179690841 0.11284810936418492 0
0.4120721704193011 -0.15687591715993326 0.11343201360079451 0
0.4121253759207044 -0.15679346170771552 0.11301320947397445 0
0.41206885217909067 -0.15675234615231626 0.11299552079202263 0
0.41198277764553226 -0.15668576325071837 0.11297096546717453 0
0.4117366479061054 -0.15650601134262737 0.11290251918632342 0
0.4111852486305064 -0.15633117190589274 0.11260572338237441 0
0.41129827514730904 -0.15635747801325287 0.11265782800992159 0
0.4121023424393674 -0.15665548594755738 0.11284797120691503 0
0.41201627190373463 -0.15662100286617925 0.11282689858137535 0
0.41193744619807465 -0.15658061146828353 0.11283228582655795 0
0.4114516810159737 -0.1563136132372141 0.11309672009924909 0
0.41296178741134915 -0.16219707922552204 0.11255822064314454 0
0.41515725957962835 -0.17984630619240402 0.1116973835416112 0
0.41577444400882174 -0.18386780268019626 0.11292194972384445 0
0.4158864343721618 -0.18406393296648507 0.11287610879596159 0
0.4076758581975676 -0.18080629016875266 0.11385559950802963 0
0.3968757989366933 -0.17916772609025988 0.11276041303973611 0
0.3965871922507303 -0.17873756130441054 0.11261521280520159 0
0.3966016522817955 -0.17869028517508817 0.11262912075440532 0
0.3966348967371426 -0.17869647395922783 0.11264947117773547 0
0.39666811435179405 -0.17871338455591407 0.11267668035547912 0
0.3957335211116554 -0.17798463303442846 0.1128375335642973 0
0.3782157036272644 -0.17620102246011587 0.11321366138839956 0
0.3733748604432123 -0.1751222206494476 0.11284693006949074 0
0.373335706964203 -0.1752148711565622 0.11290171097332669 0
0.3733654786060004 -0.17520305141565445 0.11291705451120584 0
0.37338617671237023 -0.17521606049351995 0.11292403948889912 0
0.3734173233199286 -0.17521261165210855 0.11293642359692861 0
0.373431569412774 -0.175216570070007 0.11291186677754882 0
0.373443853137642 -0.17522757851069817 0.11289745073813923 0
0.36982102159805497 -0.17487213823401682 0.11264344823870308 0
0.36431758091664296 -0.17577338697494935 0.11322570714487169 0
0.3640874937853011 -0.1754907013759813 0.1133159159493968 0
0.3640147964878359 -0.17542457275070433 0.11316909272509056 0
0.36401812221039176 -0.17536079132155685 0.11311663282628988 0
0.36405466275252546 -0.17537596794778315 0.11310793694964744 0
0.3640908869670964 -0.17538020818883931 0.1131005643484017 0
0.36409993260594115 -0.17538502034638748 0.11310268744604712 0
0.3641069434510228 -0.1753847724945866 0.11309782451536178 0
0.3641137688848346 -0.17537990947752455 0.11310028911263217 0
0.3641150234840943 -0.17537817980971207 0.1131019865941069 0
0.3641259376340561 -0.1753740660652548 0.1131076475596763 0
0.3641276588681678 -0.17537590923116803 0.11310477589557276 0
0.36413214143823014 -0.1753736000579917 0.11310797139515576 0
0.36413309582044673 -0.17537442442755258 0.11310803842306816 0
0.36413729938256706 -0.17536948205532832 0.11311035720375859 0
0.3641375215532442 -0.17536817611839367 0.11310921904785413 0
0.3641363470435289 -0.1753687783818238 0.11310860507062422 0
0.3641407506517071 -0.17536362472908584 0.11311057794117717 0
0.364145650455976 -0.1753647032015529 0.11311026080731708 0
0.3641441891610724 -0.17536287989987537 0.11311311441338173 0
0.3641434801224126 -0.17536165896798733 0.11311163885371915 0
0.3641442997211366 -0.17535777074174058 0.11311091421551585 0
0.36414689710679665 -0.1753647021589718 0.11311171123762115 0
0.3642817348432851 -0.17533742692397292 0.11314234018719 0
0.37692697867672537 -0.17114589936474556 0.11295248774543469 0
0.3899400898019677 -0.16460378784826685 0.11295312326499281 0
0.38970319413678944 -0.16436418915175427 0.11302607905761582 0
0.3901245480890233 -0.16377843101943776 0.11276282032062868 0
0.39007244714663364 -0.16441490283651244 0.11300330663858982 0
0.38973895569943257 -0.16422364863138522 0.11307575334927591 0
0.389473829824193 -0.16486709665374677 0.11317203692129109 0
0.3894017884575832 -0.17684949594032862 0.1123614718515893 0
0.38897961908901796 -0.19048010794394715 0.11279350311303774 0
0.3821428541663241 -0.18845985302205637 0.11274147877627284 0
0.3633389287523867 -0.18290340697548865 0.11385030051434697 0
0.36123299379314755 -0.18255333774885568 0.11360664983691472 0
0.36145634785181985 -0.1822333771588535 0.11324536339203889 0
0.361483327759452 -0.18222188535606043 0.11323057942305598 0
0.36151508668233395 -0.18219338941046803 0.1132169321149549 0
0.36166514419744017 -0.18180761790655342 0.11286043397554575 0
0.36177821817386635 -0.18189942910042528 0.11294993900804558 0
0.3619031890029865 -0.18206775805365844 0.11305007628992887 0
0.36191621698718235 -0.18205155381406285 0.11305684990038223 0
0.36191535718132434 -0.18204710517454453 0.11305648038858859 0
0.3619150337086932 -0.18203787485449235 0.1130574658072441 0
0.36191396658508646 -0.18203268254637528 0.11305974204039285 0
0.36190987832709665 -0.1820283530558428 0.11305769975425495 0
0.36190934453182 -0.1820278481468382 0.11305709745156801 0
0.3619055187061808 -0.1820247294165942 0.11305812228306839 0
0.36190835904630136 -0.18202150548708437 0.1130581101936315 0
0.36172644363493117 -0.18185396734084525 0.11299391462734248 0
0.3465119324868514 -0.17583761008992194 0.11337080361075849 0
0.32706431685825943 -0.1681323941583121 0.11351517872068431 0
0.31984590802504337 -0.16552195041924703 0.11304311629920667 0
0.31345582603890243 -0.16235214922652574 0.11307402738660963 0
0.29518966272522135 -0.1548722585338047 0.1133595630177323 0
0.27436874013351237 -0.1440382588468893 0.11325493493283408 0
0.25443658693072535 -0.13105247514635987 0.11343641828648955 0
0.24108688821593596 -0.12218924294210488 0.11354001183530556 0
0.24013936467280492 -0.12149221683896219 0.11353432265689492 0
0.24022151681904236 -0.12153735861518183 0.11353879424506132 0
0.24082994724923476 -0.12177601037337182 0.11376586156476672 0
0.2409229805787091 -0.12201320946295575 0.11369745260827856 0
0.24077852154851853 -0.12199663113155776 0.11361717565086102 0
0.24046267293570983 -0.12202542905167812 0.11341694105019227 0
0.24053692291205217 -0.1220377315156824 0.11343991216669615 0
0.24113690168031876 -0.12221248706050619 0.11370093146701653 0
0.24106198803115536 -0.12217217271440056 0.11366503639745575 0
0.24044268887029588 -0.12196689383021662 0.11339938684371928 0
0.2405139246599459 -0.1219729946287657 0.11343056454680776 0
0.24070996115110838 -0.12201209704238349 0.11350551818884128 0
0.2411404070421831 -0.12205882589308853 0.11367566176681919 0
0.24108618491066103 -0.12194488645787428 0.11363509175303857 0
0.24055568255877513 -0.12178998402647825 0.11340509588426777 0
0.24063180238246307 -0.12181633454342332 0.11344068947283868 0
0.24122721314409956 -0.12199323429312417 0.11369503852956264 0
0.241145669190517 -0.1219697771057263 0.11366046254482945 0
0.24068677173542213 -0.12183714827413154 0.11346602684046486 0
0.24059693494772666 -0.12181482003957478 0.11342379921827778 0
0.24069758380246284 -0.12184512005859263 0.11347039863997692 0
0.24118324479840295 -0.12198723471262132 0.11367618393937448 0
0.24108870013093203 -0.12196503525504208 0.11363808338546134 0
0.24055589143644715 -0.12181209492474064 0.11341491826542559 0
0.24063702878971466 -0.12184016874729375 0.11344784804358102 0
0.24122300910991612 -0.1220132855836557 0.11370079171481466 0
0.24143532097748777 -0.12214821872985214 0.11297310165279474 0
0.2416146359040358 -0.12205354091768683 0.1133992419180079 0
0.24118202006450873 -0.12229476965097155 0.11347143595798022 0
0.25066546929311645 -0.12225838983409172 0.11388055420004851 0
0.259381330466982 -0.12181704743302132 0.11353074482446225 0
0.26040238498466545 -0.12189360628937027 0.1136688235374947 0
0.26026521280132664 -0.1219144867984484 0.11358283218969799 0
0.2599071811907213 -0.12181884736251106 0.11341857820764516 0
0.25991485578400586 -0.12183908622448061 0.11342508793722751 0
0.2599168323807138 -0.12185020364317457 0.11343367036232511 0
