0.43873017249030405 0.19341236235356365 0.4476698847951355 1
0.43873113146252307 0.19341321320581537 0.44766911360881484 1
0.43830342244839626 0.19401545364125872 0.44013499895785907 1
0.43870867308616807 0.19384338515424807 0.4174138085036136 1
0.43874683955995575 0.19364461321044169 0.39704855204844763 1
0.43847776406267097 0.19365842743998019 0.37450349957005624 1
0.43857973847682885 0.19336991047995464 0.3544357822638981 1
0.43855438750499715 0.1934582762225536 0.33452516360044054 1
0.43853206204612916 0.19339251075653768 0.31447107902947696 1
0.4382885592190243 0.19369526994466998 0.29224242421575614 1
0.4385495900466367 0.1934059612287266 0.2694674005174208 1
0.4382696254774976 0.19358442853041063 0.24700127892376594 1
0.4382303362469473 0.1934802597477332 0.22691420648651056 1
0.4379782255120046 0.19357993127771686 0.2043642126322028 1
0.4379083889037934 0.1934576984656693 0.1817316004837283 1
0.43794190793953996 0.19356266727199828 0.16825731510935105 1
0.4385411452231489 0.19353097078685272 0.16825604806033018 1
0.4385186612295822 0.1935343855162147 0.168223711714262 1
0.4383498913400063 0.19357336206548148 0.16809619510655766 1
0.4379422220459141 0.19366257985390747 0.16781359689147896 1
0.43805568496206326 0.19363050846323762 0.16788837506752124 1
0.43849557681936024 0.19352187316434366 0.1681842996448827 1
0.4384256271052493 0.19353984282942455 0.16814220438461508 1
0.4381491288222168 0.1936090411745608 0.16132137822363338 1
0.4374930365072702 0.19367240433404775 0.14110912829260142 1
0.43811201195797356 0.19358904937615734 0.13316285593346303 1
0.43845795823361333 0.19351588469238895 0.13313331543626056 1
0.43257849583575403 0.19376317475151209 0.1328784981469043 1
0.4243569797389545 0.19182414803715056 0.1332512319115553 1
0.41678812511707874 0.18988795243255552 0.13300091446454868 1
0.40896180421109685 0.18742841724071763 0.13277949025386598 1
0.4025265739620937 0.1853859777708045 0.13280513368797758 1
0.39603868637769485 0.1830174013853355 0.132950224161197 1
0.3936303048153542 0.1822817730738485 0.13294194470933318 1
0.39295087355508707 0.18254181466768726 0.11756216378174489 1
0.3933111433205006 0.18257977903491746 0.1013623935499987 1
0.39377728893357095 0.18257321265715476 0.10050483588990357 1
0.3936996392991826 0.1825609323746739 0.10048020562622335 1
0.3871170205451351 0.18248101700341168 0.10045022012581842 1
0.37685003045618 0.18249772452992558 0.10062540668271341 1
0.36913280342245175 0.1826057145228211 0.10052818984979503 1
0.3646841118787571 0.18258246617055085 0.10072729905180845 1
0.36273540915120367 0.18238570535829451 0.10083030612296964 1
0.36246639041493645 0.18240765351053112 0.10072803146665611 1
0.36249271093155644 0.1824938219061802 0.10071891050415586 1
0.36315442855533664 0.18842502897159386 0.1011295536135312 1
0.36276703620091255 0.2026532587133393 0.10112478769359833 1
0.3625002505418532 0.21808529476935548 0.10087325872036294 1
0.36238891535794737 0.23229993594989895 0.10076440816698488 1
0.36247497194468103 0.23483065131113076 0.10068789274860478 1
0.362155656617323 0.2353042100060031 0.10067687890877823 1
0.36279213865907234 0.23537585072549294 0.1000836531429026 1
0.3678446421771607 0.23854844927081448 0.10009215879044016 1
0.37346136905671823 0.2428639819430824 0.10011910965300602 1
0.37407373842521074 0.24367384404459358 0.10046474958033275 1
0.37428363460092506 0.2444767888606302 0.10039683093673149 1
0.3742049914429107 0.25367267907882324 0.10052618014763184 1
0.3743076545679287 0.26649972951384204 0.10105364085490391 1
0.3739497216086341 0.27420497419824363 0.10068133449216246 1
0.37422322077526626 0.2744583662098168 0.10080611631358673 1
0.3740516330587774 0.27443085111336085 0.1003946347806621 1
0.3740306836589758 0.27442368966542335 0.10040385053625094 1
0.3740019617738039 0.2744086824640376 0.10039938973396817 1
0.37398633115146446 0.2743868298293714 0.10040136315079304 1
0.37398977878150463 0.2743739643901571 0.10040690139491616 1
0.37401074676830615 0.274350770938828 0.10041460937416884 1
0.3740280558195108 0.2743248340822348 0.10041358364619503 1
0.3740466737883169 0.27430237836639393 0.10041558736890269 1
0.37473895395230183 0.27573547448429125 0.10020554744348903 1
0.3773538469473225 0.28646331960876537 0.10083585341047385 1
0.37862059492268096 0.29463925289727555 0.10064123955429272 1
0.3788417900285023 0.2951145290522146 0.10016684405343614 1
0.3788577107995532 0.29516627440137805 0.10024172523548808 1
0.38158142770103065 0.29558229534955327 0.10127167436350917 1
0.3920681690695111 0.29560153406647266 0.10069557876816651 1
0.39923749666964287 0.29520970461376683 0.1003763666620629 1
0.3998523072068851 0.2951878507588368 0.1007632546261656 1
0.3998231047616384 0.2950671420382862 0.1003489314320195 1
0.3998409509141454 0.29505575128661876 0.10035305640167037 1
0.399852378483822 0.2950490054370031 0.10035566331814402 1
0.39987069302821254 0.295033943742634 0.10035775524109963 1
0.3998674047695624 0.29502867337174077 0.1003608097502115 1
0.3998556927550093 0.29502920081403305 0.10035413874381953 1
0.3998453325994732 0.2950205129345886 0.10034811680224764 1
0.399825289471875 0.2950233651711541 0.10034256429658096 1
0.400179282653061 0.2949968277881141 0.09980330735185935 1
0.4048425361122425 0.2949776230100969 0.1008793143663864 1
0.40878284887182054 0.29512055894892086 0.10052155680656572 1
0.4088173413167341 0.2948798715387705 0.10007628566431094 1
0.40905087882847424 0.2949150321228846 0.1002745171914366 1
0.40928399884285316 0.2944772437929388 0.10027785539525315 1
0.4085909075272784 0.29393662448846564 0.10051823710979345 1
0.40556857504990956 0.29336935780482676 0.10001435122525791 1
0.4052013128821491 0.2933207745048815 0.10022872512367229 1
0.40504908528146555 0.29349073054388675 0.10020975062806642 1
0.4048811004211869 0.2937092598357003 0.10020047572885367 1
0.40429625989828577 0.2937461519411038 0.09986151671920333 0
0.4037430784581015 0.2938785776054585 0.09978712113468005 0
0.40374530578082196 0.29389027766287396 0.09983690460157933 0
0.40372216211048645 0.2939092160143609 0.10005335130680193 0
0.40373169104000345 0.2939356266647355 0.10044266513323732 0
0.4043110184335343 0.29380444663119487 0.10077553698397466 0
0.4041936029031916 0.29383431439650143 0.10070662830873166 0
0.4037264258092217 0.29396607645946926 0.10054265406817198 0
0.4037698437077342 0.2939478519508748 0.10050837972413645 0
0.4038003872634926 0.2939354309833201 0.10048856123827314 0
0.40382373280201966 0.2939277409915245 0.10047960225797532 0
0.40383249634208673 0.293925796446047 0.10047250527950168 0
0.40384628289774216 0.2939178172229963 0.10046822614943514 0
0.4039155496173003 0.2937572337715876 0.10165722491620244 0
0.4045126865059007 0.29349306896974725 0.12032636397548492 0
0.4044718050894674 0.2931260251168049 0.14309245475262375 0
0.4038709260973083 0.2935266872862987 0.1630495873718893 0
0.40374193894035615 0.29350970599401816 0.18276288837822885 0
0.4036379463372695 0.293742816658383 0.20286013962837657 0
0.4038692516222754 0.2937870888004921 0.221435645963866 0
0.4036535828013261 0.29386903972078937 0.222120424891051 0
0.403639260583529 0.29390879163788225 0.22217552821051348 0
0.40390820213751044 0.2928198322745068 0.22209880136848695 0
0.40371199234498867 0.2775383163817798 0.22265957690904123 0
0.4038833926172507 0.2582621298143112 0.222409305773949 0
0.4038257907890422 0.24173258607476156 0.2224720492056271 0
0.4039878352354862 0.2256716362480726 0.22222889130484974 0
0.40423287131634733 0.2138530165360657 0.22231191903402456 0
0.4041569550554982 0.21321677183285975 0.22268449147754493 0
0.40364727652264765 0.21378751413414288 0.22272709821936962 0
0.4035912037116094 0.21387568989865657 0.22207640708679094 0
0.4039423775977395 0.213762359734401 0.22238448890976079 0
0.4039232636759932 0.2139664798435869 0.2224652532987733 0
0.40445842650102054 0.2133578394795292 0.22253914550463996 0
0.40451460587656196 0.21081098333183812 0.2230947081193986 0
0.4040950049475712 0.20787123455575648 0.22282377637008804 0
0.40427036649327314 0.2047625850204911 0.22246143315242814 0
0.40455941421481434 0.20186329654409624 0.22226937160669522 0
0.40466112388402475 0.19921220063215844 0.22243434328613523 0
0.40441908431567974 0.19684561015961635 0.22214218885750872 0
0.40438297196842427 0.19428777885294762 0.22233307173873734 0
0.40413096585470654 0.1921723862508563 0.2226473802227954 0
0.40423933018937996 0.18951828674879323 0.2229835181609307 0
0.40417112324595156 0.18717775034788364 0.2233602357074269 0
0.4041127040686788 0.1848047719924343 0.2230128739348564 0
0.4040844263853025 0.18243410435447416 0.22278948298583814 0
0.40432880341504235 0.17957801496825265 0.22288510728666996 0
0.404317546164891 0.17688376283998297 0.22292351563395718 0
0.40420343566700023 0.1744190890887365 0.22287432206093472 0
0.40435174735786233 0.17181029481640991 0.22298670607877472 0
0.40424477227435207 0.16935564974853157 0.22283986605197587 0
0.4043547697154083 0.166863679386716 0.22301355370263973 0
0.40433876164143046 0.1646229133592816 0.22307164732705184 0
0.4042644536420362 0.16200341273079732 0.22284872673116587 0
0.4040611364085775 0.1600188319280513 0.22309160448046514 0
0.40406434574340255 0.15970704770413563 0.22261177435142165 0
0.4040428812478087 0.15976139254130242 0.2226114234247029 0
0.40391607264698104 0.15646632453505008 0.22259691345628302 0
0.40593452533387353 0.13865139351095018 0.22242938610214893 0
0.4084189473354143 0.11527394506595975 0.22223936986733894 0
0.4109988680074594 0.09509378610117383 0.2223192193125335 0
0.41260757895393974 0.08743163577264679 0.2220522492941627 0
0.41284315529219495 0.08739689836026028 0.2223740961345635 0
0.41316083694605393 0.08685313495075282 0.22275683141349917 0
0.41364660206997667 0.0874004060599732 0.223720486258869 0
0.4131312534458966 0.08765212010966457 0.22318671318119884 0
0.41278742719850536 0.08804960286579375 0.22276443900097156 0
0.4124797965251522 0.08831419520643907 0.22261279973834444 0
0.41197405666341746 0.08923391479753469 0.2221490823561866 0
0.4126944027038001 0.08859718886549589 0.22290284960337045 0
0.41246323240194255 0.08885886040683413 0.2226706694636356 0
0.41239030557785716 0.08870361094962835 0.22302740472036245 0
0.4029584538575888 0.08780450495041968 0.22406881021700753 0
0.3847861795871974 0.08801466931012396 0.2238020009831687 0
0.36676120248982713 0.08797062254372033 0.22352636976235157 0
0.3586696584794227 0.08818010048907202 0.2233792177775808 0
0.35801237905555144 0.08842216266388823 0.22315539530632084 0
0.3580044409377106 0.08839657949426674 0.22308155834878315 0
0.35805071548614575 0.08838312536318833 0.223053742341485 0
0.3581289328815058 0.08836196948705728 0.22303937977904834 0
0.3584899190208799 0.08590877334294673 0.2228602762708053 0
0.36047429079690363 0.07699112717354187 0.22238832679446546 0
0.36304127012282517 0.06631008403210419 0.22291053207689626 0
0.3638146437459423 0.05431731817344833 0.22294895395000838 0
0.3638751030724636 0.04389253338688978 0.2230072409819355 0
0.3636982759022799 0.033884609066246296 0.22276209140141434 0
0.3638685532014274 0.022806418118362287 0.22276551303375794 0
0.36384024475244037 0.013522844782557993 0.22306425852262168 0
0.3638831090915404 0.0030981363179233973 0.22280667083888187 0
0.36397940061186373 -0.006254584072909873 0.22291690839541253 0
0.36394422054114484 -0.010739276143589147 0.222986643528963 0
0.36394252042681285 -0.010870245191812879 0.222743349992567 0
0.3641910675616183 -0.011755238618497081 0.20990639398598665 0
0.3641253197603413 -0.011705221632511833 0.18737191225220984 0
0.3640464013277386 -0.011319214083049811 0.16937999876085075 0
0.3641833717886259 -0.011002067517030801 0.16809388723148905 0
0.3641721861136338 -0.01095066322878599 0.16795573758988466 0
0.36418061249489264 -0.011161122490758874 0.16648944048186465 0
0.3639232494716639 -0.010855946270031645 0.14724306025167472 0
0.36407088747228233 -0.010801033159883486 0.13117203268118466 0
0.3641992983757991 -0.010919112448541966 0.13055074319446572 0
0.36416385776912363 -0.010763127821380485 0.12659858871245258 0
0.363808223147901 -0.01057170656098095 0.10729968331628653 0
0.3641815098646644 -0.010901697411463927 0.10057833422312308 0
0.36401472528657075 -0.010806828991275094 0.10047484025507965 0
0.3640432096841187 -0.017462918931757603 0.1002267458028222 0
0.36381564681562834 -0.0289906314368434 0.10037488749684005 0
0.36385984728956045 -0.04006735920738784 0.10038298898214898 0
0.363781655508946 -0.05140338496774784 0.10042380640732626 0
0.3638399444059387 -0.0601313963797183 0.10014855150158339 0
0.3639979599072931 -0.06496417573842493 0.1004520703166489 0
0.3639120852009312 -0.06477627045262513 0.1004532688974171 0
0.36393179120938424 -0.06478208907936775 0.10042944503166773 0
0.3616210894048051 -0.06446343595765641 0.10075226571820081 0
0.35449005142025625 -0.06439116914102225 0.1004120485255083 0
0.3459065305114313 -0.06463016588995447 0.10019210918460637 0
0.33766855138753343 -0.0644143516230218 0.100497255957771 0
0.3334907538335158 -0.06463713825339211 0.10054122997837803 0
0.3330288346612303 -0.06448026550712462 0.10051251956845943 0
0.333054160930236 -0.06450691991571941 0.10049484986639114 0
0.3330927527621536 -0.06454934259148389 0.1004740180750538 0
0.3333661039298862 -0.06502064046041994 0.10031813762970632 0
0.3333229350138074 -0.06491721616840573 0.10034576993016084 0
0.3330537359191508 -0.06438348409503396 0.10050383770252522 0
0.33308392633256834 -0.06440967883359944 0.10048818004486754 0
0.33312296548765047 -0.06444939165168818 0.10046967574776974 0
0.33340773660669076 -0.06493652316323452 0.10030855369318821 0
0.33337292759770637 -0.06483381342475408 0.10033548203474903 0
0.3330819425610178 -0.06425833254767503 0.10050518899364055 0
0.333108370772437 -0.06429818654923576 0.10048740898811102 0
0.3352967002465485 -0.06696143868228115 0.10029014953305801 0
0.34082653115407835 -0.07361527619184595 0.10037316800163734 0
0.34503048552613896 -0.07892902309838168 0.10036673793672865 0
0.34530816189256797 -0.07918771154840731 0.10033256749089907 0
0.34550919598100815 -0.07210360639139628 0.10065936699318256 0
0.3453927750231612 -0.05839907450471825 0.1002253604531681 0
0.34541778894155456 -0.05523419430476188 0.10011779624959569 0
0.34551394753154396 -0.055487120555982775 0.10067146743315364 0
0.34522765117779874 -0.0549592930352444 0.10071665781717679 0
0.34524655933628956 -0.0548390305917832 0.10005645650449049 0
0.34524621925485477 -0.05488226350660175 0.10010355926063694 0
0.3452499135393522 -0.05493409094630839 0.10015576975797799 0
0.34524567295843 -0.05504631121790027 0.10044147808254894 0
0.3452363812258432 -0.05516962406913654 0.10077856683060672 0
0.34523713741378975 -0.05516114296441245 0.1006571434486765 0
0.34524487431536505 -0.05504102972586079 0.10005310449516577 0
0.34524031422162926 -0.055084255270145994 0.1001138409931093 0
0.34523517056332914 -0.05512222797804673 0.10018830038995925 0
0.3452223304993189 -0.05529793387616481 0.1008093870148821 0
0.3450345359862568 -0.055591173739508434 0.1007680146722489 0
0.34132181359985025 -0.05535524477983786 0.10044770009562948 0
0.33516769397799795 -0.05534538582138272 0.10008334355709178 0
0.333370233792884 -0.05548337144722666 0.1007098471446728 0
0.33316369632305814 -0.055268908681868886 0.10074356886437083 0
0.33319780855467634 -0.05531714894803244 0.10070710875855446 0
0.3332486292315783 -0.05537309494698923 0.10065677016127478 0
0.3335580920634724 -0.05591501257248138 0.10045525935880137 0
0.333515118240116 -0.05580634222378977 0.10048129727871603 0
0.33318498403517427 -0.05515798240578089 0.10070251892078708 0
0.3334542738487264 -0.057134312008026766 0.09969109348287375 0
0.3334000206105303 -0.06520292782711229 0.10048686983198121 0
0.3333778491918575 -0.0706516359937901 0.10029207573060592 0
0.3333464917621187 -0.07108327580450945 0.10030029575204633 0
0.3333804405271329 -0.07111823748345605 0.10029942252588982 0
0.3334699080541499 -0.07124076128664303 0.10029280268993829 0
0.3334725906447982 -0.07123490712551064 0.10029580239306157 0
0.3334734038874945 -0.07122260652361624 0.10030110248098467 0
0.3334719640936128 -0.07120990456070968 0.10030142192386012 0
0.33346906260105125 -0.07120119271527502 0.10030725214519853 0
0.3334644022187943 -0.07118687576624876 0.1003049456662395 0
0.3334621779256127 -0.0711785366011623 0.10030767631295538 0
0.3334598720642786 -0.07117289899182913 0.10030917270970312 0
0.333457994081881 -0.07115801470491623 0.1003060378854625 0
0.3334533772933426 -0.07115633688575079 0.10031156749926212 0
0.3334523969115602 -0.07114942220731996 0.10031081312661039 0
0.3334496337529481 -0.07113891003852854 0.10031212513610663 0
0.33344502644345475 -0.07113560878844405 0.10031085073420942 0
0.33344546901514005 -0.07113180270070066 0.10031231197657428 0
0.3334427859925069 -0.0711286767221832 0.10031325255620552 0
0.3334420219412306 -0.07113256436938831 0.10031339307090187 0
0.33322913492929584 -0.0747114918649959 0.10037850286965706 0
0.3332103952559575 -0.08376366551005984 0.10052012549532831 0
0.3333924629151269 -0.08705444984688215 0.1005885676853795 0
0.3333753293241678 -0.0871655336017836 0.10056501256792974 0
0.33337710866881687 -0.0871594057603104 0.10055492236737852 0
0.3333785683188139 -0.08714347005800421 0.1005502971305737 0
0.3333835200703002 -0.08712794821054583 0.10053958511498655 0
0.33338421741332835 -0.0871187034036577 0.10054137018154051 0
0.33338482790799623 -0.08710587986573194 0.10053673514638146 0
0.3333376365103301 -0.08705658084988149 0.10054947357560488 0
0.3294670580630508 -0.08861440727240341 0.10059029449058059 0
0.32357264866400376 -0.0912065752056524 0.10035872056399371 0
0.3216194055065409 -0.09236732926349954 0.10042834555848992 0
0.32136805370493493 -0.09246446101664088 0.10047308641528013 0
0.32135613822057607 -0.0924357751474426 0.10047582817895541 0
0.3213573796495113 -0.09241022994507328 0.10048036377915928 0
0.321280688400486 -0.09229612356605683 0.10045023332146752 0
0.32123239213149263 -0.09547972453961565 0.10032747690383959 0
0.32147691482159557 -0.09836479946240755 0.10050019808812119 0
0.3212249715339919 -0.09822060723240347 0.10056731740340072 0
0.3212216564433823 -0.09861954729724454 0.10053951290302054 0
0.3215245787705888 -0.09920380878468929 0.10043357716437937 0
0.32148893725021277 -0.0991264002426142 0.10044405723207607 0
0.32146647782193594 -0.09906576079009626 0.10044748868301599 0
0.3211654939641142 -0.0984756420866493 0.10055100267872313 0
0.32122740763042673 -0.0985742888747303 0.1005314057922258 0
0.3215248391414482 -0.0991327091674139 0.10043056649302065 0
0.3214932474972584 -0.09905930379514291 0.10043882727621996 0
0.321457819464545 -0.09897600827104532 0.10045365680903882 0
0.32117367632433 -0.09841499259596002 0.10055020105504787 0
0.32123672455840946 -0.09852012687829588 0.10052994884554624 0
0.32152477910750965 -0.09906093321144212 0.10043002292834523 0
0.3215041138921806 -0.09901459097496298 0.10043859905796151 0
0.3214526482048976 -0.09890519932033134 0.10045779185330686 0
0.3211892606986534 -0.09838991300673611 0.10054707336053395 0
0.32123057346536116 -0.09884055316982858 0.1004832391774189 0
0.3213835640385062 -0.11373877302469843 0.10030605629542573 0
0.32129501679453126 -0.12186069746638192 0.10030044425448022 0
0.3211924430602003 -0.12222582814277005 0.10040500874415494 0
0.3212883398223426 -0.12247824746585868 0.10039484821756711 0
0.32133911616605537 -0.12258011473498187 0.10039842189174056 0
0.32155469852740814 -0.1229886650273216 0.10037541549262546 0
0.3213887524991356 -0.12264772811950414 0.1003996959833056 0
0.32125664753391586 -0.12237148472840477 0.10041948669741962 0
0.3212784565100556 -0.12240303542530212 0.10042463113882845 0
0.3214967240003264 -0.12282572605042068 0.10040397702312093 0
0.32143099537482717 -0.12268140418303099 0.10041512584286567 0
0.3211690696236782 -0.12215566604484784 0.10045230819923193 0
0.32120258184337935 -0.12220340155620325 0.10044902076461133 0
0.32123522582828323 -0.12226183808616031 0.10044364678932206 0
0.3214897629647801 -0.1227495562410256 0.10041055419124234 0
0.32139510623101214 -0.12255130323386386 0.100423961200702 0
0.32119881892655855 -0.12215315107181869 0.10044810395722012 0
0.3212208540798952 -0.12218589662238759 0.10044713893047762 0
0.3212759637869921 -0.12228672239064055 0.10043900324296325 0
0.32148028464207334 -0.12268165189417196 0.1004126340273845 0
0.3211894455654908 -0.12209054817781398 0.10045275751930748 0
0.32121827854964463 -0.12214082441991188 0.10044643863586158 0
0.32124935770997864 -0.12219748894653537 0.1004403623042486 0
0.32152482883492206 -0.12273201966021836 0.10040458450136482 0
0.32146294219581034 -0.12261043288582547 0.10041451941699936 0
0.32120664775003527 -0.1221031498610566 0.10044878046685662 0
0.3212308156590179 -0.12215196183003238 0.10044532195259522 0
0.3212648990497553 -0.12221607811277486 0.10044201648462792 0
0.32151228682059374 -0.12269785885072443 0.10040918359816028 0
0.3213670269768252 -0.12241526057137232 0.10042920662432182 0
0.3212164777933042 -0.12211871967645418 0.10044979739144626 0
0.32123327997921036 -0.12215477967792285 0.10044217559319925 0
0.32135239415186023 -0.12239020727601296 0.10042839436429665 0
0.32148818358857456 -0.12265643763972064 0.10041507268585763 0
0.3211943320557539 -0.12208322090409192 0.10044941998997259 0
0.3212262165051867 -0.12213642270535625 0.10044756412116165 0
0.3212580503356499 -0.12220833659660017 0.1004440037997266 0
0.3215163263728681 -0.12271592637553122 0.10040929661584956 0
0.32145255491092134 -0.12258612205729058 0.10041940666323461 0
0.3212157071911059 -0.12212659390269143 0.10044890206746124 0
0.32123939438338733 -0.12216611159944073 0.1004468659949293 0
0.3212814981708547 -0.1222541263892277 0.10043939599291427 0
0.3214903417501853 -0.12266422055026285 0.1004100866147368 0
0.32130342204983975 -0.12229712135810158 0.10043697023696935 0
0.3212135926966475 -0.12212109041905954 0.10044862659150497 0
0.32124427700219244 -0.12217683796176147 0.10044291539921531 0
0.32134997651111125 -0.12238144148734992 0.10042983148901061 0
0.3214921789039852 -0.12266430777895218 0.10041441188589352 0
0.32119393891586984 -0.12207810703858012 0.10044928480582314 0
0.3212239807606022 -0.12214143052462201 0.100446437524876 0
