0.4386992112279533 0.19345149922177451 0.4476865479617233 1
0.42850592389323167 0.193629078698232 0.4483938121806981 1
0.4064361795628547 0.1916632827468256 0.44867320290327356 1
0.38343111223732285 0.19000117000052474 0.4477225313601257 1
0.36152320799879667 0.19153729663430225 0.44820739738758375 1
0.3419898641975618 0.19932084599460656 0.44793219259217176 1
0.32523634865799406 0.2131510402646436 0.44759443389324705 1
0.3096281686997266 0.23164626391918347 0.44731980081167766 1
0.2918570811886566 0.24685444225004963 0.4478011714863265 1
0.26913580849653435 0.24724565925397013 0.44814870389136047 1
0.24925238560327787 0.24356315590261646 0.44801728076043174 1
0.23007466472463386 0.23862370565534827 0.4482343258151357 1
0.22809590323921222 0.23796350828596172 0.4470729532498798 1
0.22793272701996675 0.2381244530876 0.44707935586721104 1
0.2279314673366289 0.23813596496795092 0.44712195465354976 1
0.2278991904433358 0.23822567404206252 0.4474278006874314 1
0.22813903057848983 0.2379973788644929 0.44744549836537034 1
0.22825603222071378 0.23784289980768936 0.4472234775222713 1
0.22388508959524728 0.23545869632703217 0.4489601096366146 1
0.21025846330334927 0.22822974326269413 0.4490713585195016 1
0.20692606709782663 0.2257723869049013 0.4472747304090022 1
0.205748881415931 0.22522710080941122 0.44685939839532923 1
0.20152485880371873 0.21924674855365223 0.4477872257718353 1
0.1956587045928731 0.21116095416116148 0.44879208951906896 1
0.18975357678678284 0.20534548473875153 0.44703872501694236 1
0.18663458972908697 0.20436583795451646 0.4399377922812284 1
0.1838282505894031 0.20478716296679877 0.43079698674294287 1
0.1802011410021615 0.2054573089573416 0.42141198848382616 1
0.1774304581987463 0.20602419053891194 0.4136806208315947 1
0.17555183852654985 0.20650144911176405 0.4063353183393888 1
0.17211131961360931 0.20661295262643886 0.3985237538541648 1
0.16810078090718414 0.2062079856461713 0.3901401985661558 1
0.16400033562182775 0.20564623835603107 0.3817672675410274 1
0.1610327436932345 0.20548013295488354 0.3743020526510021 1
0.15962142080970232 0.20742596128755642 0.3695394861272754 1
0.15978427373657575 0.2108063362226682 0.3641434128035331 1
0.1606780122050409 0.21521562028419336 0.35964549393456596 1
0.16427542071942594 0.22259824911343573 0.3554320050865366 1
0.1804540341369077 0.23337722492841195 0.3533982423335482 1
0.20356016179452574 0.23679086182215953 0.3538287557577504 1
0.22369202867311114 0.2368574844129268 0.3543713186595444 1
0.2323226665302125 0.23666738542922555 0.3390080554591265 1
0.23218643065773242 0.23668715463186624 0.31862026151580636 1
0.23112164551716577 0.2360511097376885 0.2980118929664952 1
0.2180236152800063 0.22792182316713883 0.2757904869789229 1
0.21654745080916699 0.22603368206038696 0.2527603645259699 1
0.2166073821180079 0.22606590197070114 0.23070995263017643 1
0.21667277685405772 0.2256593339681562 0.20810260503995226 1
0.2162816075403547 0.2255599324993097 0.1883568638853304 1
0.216085037264586 0.22455760564149552 0.18512085399835665 1
0.2161424681742985 0.22462500085064996 0.1850636886182325 1
0.21644087720072985 0.22453830793581983 0.1851554727723797 1
0.21666818050471456 0.2244510102617565 0.18503491754090892 1
0.21615077607681066 0.2245843417923316 0.185186660467437 1
0.2263782246756853 0.22169378598897238 0.1851621626523733 1
0.22944175835753758 0.22044296857274046 0.17581133471899435 1
0.23026452923363114 0.21991315036432052 0.15638747783352677 1
0.23070345770373102 0.22011113881257266 0.14762850526763036 1
0.23002972108182285 0.2203595357714551 0.14285003002595556 1
0.22973674349831505 0.22040045033426553 0.12512809660903407 1
0.23052928628971647 0.22029533944726884 0.12253988969187425 1
0.2296725031811056 0.22051721429592547 0.1117138702053271 1
0.23010554979145142 0.22052295514319648 0.10973557996259581 1
0.23040398245003893 0.220403482480123 0.11029227668506766 1
0.23036945211317889 0.2204142409039113 0.11022447597564265 1
0.23006066150510435 0.22055681327558058 0.10953515093919328 1
0.2300558641644018 0.22054643974334465 0.10960476112192358 1
0.23002846925340636 0.22053456524176582 0.10966462043515514 1
0.22996854306470985 0.2205209493164043 0.1097231752324965 1
0.22996246069306508 0.22051171606938702 0.10977789509971872 1
0.2303789913751919 0.22083144864400855 0.11042379495009219 1
0.23867196979323485 0.2262501123256161 0.11004238011431898 1
0.2391705694287773 0.22694044951677247 0.11009547233028098 1
0.2470158542251023 0.2230331555974292 0.11005615851115676 1
0.24949566541381285 0.221200415954228 0.10125811425126893 1
0.24993940125638803 0.2210492375195145 0.0970795363066951 1
0.25005020852726056 0.2209927701148846 0.097390253543605 1
0.25003912699084596 0.22099613687661745 0.09737393675195434 1
0.25002809524542213 0.22100216454120386 0.09736597734635699 1
0.25002755807810967 0.2209999926320873 0.09736077859183592 1
0.2500200640078237 0.22099892242699726 0.09735837291967117 1
0.2500197102935925 0.2209962231910783 0.09735526492809682 1
0.2500072290977841 0.22100107559900414 0.09735381463815304 1
0.2500039620353618 0.22100022239644576 0.09735433726994684 1
0.2500043860819482 0.2209964697994004 0.09734929723618975 1
0.2500030974617884 0.22099480583202374 0.09735390672690107 1
0.24999390989528447 0.2209965228087188 0.09735322696493172 1
0.24999494919175386 0.22099749566839474 0.09735165895679748 1
0.24998992152107505 0.22099736879734294 0.0973515726351616 1
0.24999011020012468 0.22099428149452355 0.09735279720452951 1
0.24998994159011628 0.2209914487814746 0.09735165107996557 1
0.24998441803241667 0.22099509286132218 0.09735410719360078 1
0.2499852361224671 0.22099365539489685 0.09735120688435762 1
0.2499885342253712 0.22099144065105053 0.09735192484568021 1
0.24998435899487959 0.22099153028642296 0.09735342657329035 1
0.24998336661136097 0.22099293881856813 0.09735004325891627 1
0.24998034920051754 0.22099328743253316 0.0973507076110963 1
0.2499836121200772 0.2209916688552098 0.09735040781615523 1
0.24999448619820555 0.2209471877930027 0.09731602322570783 1
0.2585067924117328 0.21441698247029412 0.09752994026092178 1
0.26126594713980006 0.21209890692901415 0.09699668276756156 1
0.26129255206349666 0.21206364835665062 0.09704257206702528 1
0.2610647037453643 0.21235176306429587 0.09752964504663525 1
0.2612244685348593 0.21227705127780233 0.09735224076252663 1
0.261201685568487 0.21233019924758295 0.09744140857473112 1
0.2607562271442016 0.21241138889506933 0.09736307208109557 1
0.2608362326146833 0.2123224140228133 0.09735036650197727 1
0.2608757530532452 0.21227931250426368 0.09724085896684564 1
0.2608744166681382 0.2122752429191015 0.09759693321418696 1
0.261040546951487 0.21190085782063245 0.09714579050308869 1
0.26161511818385363 0.211604981893231 0.09692287965148004 1
0.2614696728878432 0.2119545252898132 0.09759769851661972 1
0.2615044794839012 0.21197845978033064 0.09743455914424745 1
0.2608831931431586 0.21231931128354942 0.09757872093196977 1
0.26097526529028425 0.21232944074905274 0.09755294538258465 1
0.2610403581735321 0.21232860312430257 0.09750579232618159 1
0.2615037271154634 0.2173536095876913 0.09737541332777597 1
0.2584648128957695 0.22522938739167075 0.09720375536355474 1
0.25818295753242104 0.22611710378643435 0.09721379951172043 1
0.2631577381483391 0.23584851228372627 0.09729880274375313 1
0.2643860783242987 0.23715497066935512 0.09698569416926543 1
0.26727369391485223 0.24349991289904893 0.09748356674668064 1
0.26963367711295294 0.24975649280679993 0.09736169114341565 1
0.2694110446736756 0.25009614457454254 0.09739344049187477 1
0.26951908311747375 0.25615944147670694 0.09750571568280983 1
0.2695892939509779 0.26272400913014893 0.09752354007573014 1
0.2694335696704717 0.2631868331486922 0.09753298481399053 1
0.26957742295316367 0.26556151963561914 0.09710814488245852 1
0.2691567620017515 0.273018508237556 0.0972658963217971 1
0.26950520662606464 0.273450144799123 0.09736450843296526 1
0.2688411127593222 0.28295395071160223 0.09756632050452153 1
0.2692026345566501 0.2857129775391072 0.0973885580185982 1
0.2688453940040115 0.28903197683244686 0.09769533158835567 1
0.26662371111024763 0.29518093814344326 0.09745377485985343 1
0.26591586300399794 0.29598236104351017 0.09744061008193325 1
0.26496564245827037 0.3059121389793532 0.09727098027538904 1
0.2650510144806571 0.3065313427838214 0.0973646519513845 1
0.2666788285317903 0.3100017548429571 0.0973768864230828 1
0.2672037537873543 0.31371610374275505 0.09696357434710345 1
0.26747084292830914 0.31387900245579203 0.09708202996311543 1
0.26744515171917677 0.3138794544055062 0.09712022634456723 1
0.267403864886043 0.31387423250343954 0.09712758391863413 1
0.26740450858157 0.31386440344176525 0.09714431396262757 1
0.26738480520933045 0.31385626495892505 0.09714797451200971 1
0.2673857241209194 0.31385117990561073 0.09715768548126297 1
0.2673885945952753 0.3138432361021923 0.09715847416075547 1
0.267381582162444 0.313844682331791 0.09715902560855437 1
0.2673894720572299 0.3138371087969263 0.09715594899846557 1
0.26738476401599637 0.3138324943647409 0.09715783007058756 0
0.2673981041629941 0.3138249772287477 0.09715748418370752 0
0.2674202668821142 0.3138131267393359 0.09715824812763142 0
0.26740780572245687 0.31380269486111567 0.09713143249506608 0
0.26740995867601297 0.3138074253222382 0.09715767203123903 0
0.2673968831836208 0.31380969845225637 0.09717036774123602 0
0.2674004997956659 0.31380875734194036 0.09717203625199736 0
0.26739241351406073 0.31381222931266833 0.0971709552316279 0
0.2716582949317622 0.31417656925139464 0.09741367765656742 0
0.2768270564585325 0.3139144293863311 0.09720715395421257 0
0.27643429864899066 0.313613753879952 0.09705791978630379 0
0.26735396663576827 0.31350117800003885 0.09706673339982108 0
0.26567017314664687 0.31343555231836556 0.09724744173552144 0
0.2683958330847509 0.3179801673661227 0.09722798612976163 0
0.2699096298131489 0.32009519455616053 0.09733858986808605 0
0.27039412411803426 0.3201957799314202 0.0983519075068851 0
0.27125741172235845 0.3203686416355491 0.1183754476754248 0
0.2706488133175947 0.32010947395716366 0.1196241368167584 0
0.27038179492731873 0.320154296471667 0.12841531836642023 0
0.27045420629502304 0.32012839283963135 0.13425414420400172 0
0.2699950331586618 0.31611821174745325 0.13426670702135765 0
0.27520198695908227 0.2944720348084685 0.13448031807515026 0
0.2801026900143827 0.27145963052935884 0.13440231977748285 0
0.28627497396869733 0.25118415667612404 0.13451929960704578 0
0.2924017437173418 0.2284790466947272 0.13495362798205546 0
0.2961142504668206 0.20606691870724886 0.13473528727130232 0
0.29672602051819996 0.18364770006876546 0.13472802288686594 0
0.29671640891316486 0.16353239988582446 0.13475167421938325 0
0.29661295416483807 0.14367530176175297 0.13494800031031506 0
0.29671047110869364 0.12114237293425836 0.13488220844971593 0
0.2965002367204748 0.09880960594833167 0.1347320786587702 0
0.2964616636073709 0.0786935525988139 0.13490361694442152 0
0.29651573911964985 0.058709668061088155 0.13482843713785478 0
0.2965187197221068 0.03633577573240804 0.13478145456965615 0
0.2965830473277127 0.013729023165154702 0.13487594394431646 0
0.296622194695718 -0.006166196829247961 0.1347996954587006 0
0.2965754772804298 -0.026091102201546063 0.1348542532718555 0
0.2966165979531302 -0.04868161023321174 0.13485490513328663 0
0.29655207303450853 -0.0709775744261335 0.1348779075082508 0
0.29671518603365804 -0.09351081673622663 0.13469394803179874 0
0.2949451730200547 -0.11524427000929566 0.1344299233349205 0
0.27746829127048245 -0.1261130671479587 0.13406279165884316 0
0.25466509906351137 -0.12723645418311327 0.1352664461412497 0
0.23793212934016925 -0.12727315707354847 0.1346197909019398 0
0.23675684542581868 -0.1265710711418817 0.13477191093456659 0
0.23695935470243795 -0.12620041268634669 0.12417250543913257 0
0.23687298984198285 -0.12653250342552722 0.11720089488713815 0
0.23711145002027 -0.1262571798279615 0.10196468747147913 0
0.23694707621920572 -0.1264262619440868 0.09231811030151095 0
0.23961894748958926 -0.12953429960240775 0.09180251473139481 0
0.24029901278895074 -0.1313854981381362 0.09242921619837106 0
0.24046405341624313 -0.1329077126080766 0.09223275533672583 0
0.24073572543542526 -0.14803245897861098 0.09202012848329728 0
0.24211809880532628 -0.15663903074494484 0.09228900529789975 0
0.24199218474432987 -0.15686983813236302 0.09238780635080121 0
0.24221625116598947 -0.15508637653258114 0.0921716906827347 0
0.24170587100590396 -0.15393174062801088 0.09225126902213389 0
0.24186582148399613 -0.1532423686925463 0.09188843545883249 0
0.2418637300316969 -0.1530595717225914 0.09208220409435475 0
0.23955954745803176 -0.15069778862751795 0.09249853544128797 0
0.23901693703278787 -0.1502455039270541 0.09208990534440338 0
0.23892263769631064 -0.1501727030110051 0.09212502825734206 0
0.2389006477249152 -0.1501852989347647 0.09215093600207662 0
0.2388744865807367 -0.1501979447847793 0.09217841503922412 0
0.23885331497713277 -0.1502091554204867 0.09219505606678721 0
0.23884289614903761 -0.15022658432563424 0.0922047153917813 0
0.23882904737534616 -0.15024398795171276 0.0922097296626674 0
0.23881015632665056 -0.1502814297479757 0.09221229623204098 0
0.2387297502738689 -0.15040918463776484 0.09221799184850307 0
0.23873599467524023 -0.15040980754131436 0.09221638870244567 0
0.23873975567956432 -0.1504082114759979 0.09221662456715128 0
0.23874399966043308 -0.15040949184804128 0.09221684593202303 0
0.23874627136803495 -0.150410814202473 0.09221379176706399 0
0.23875042985230888 -0.150409698270012 0.09221445800779833 0
0.2387544455682959 -0.15040862349244252 0.09221309366811775 0
0.23875525499705416 -0.15040962084132262 0.09221400485683201 0
0.23875584480101714 -0.1504103378378272 0.09221502104124794 0
0.23875834242380747 -0.1504099366964713 0.09221209496246467 0
0.23876098852614025 -0.15041057229861624 0.09221395873256484 0
0.23876060770392166 -0.1504070414921157 0.09221149840127697 0
0.23876688346798297 -0.15040798326520008 0.09221101703632018 0
0.2387628067748673 -0.15040678820110318 0.0922154407542144 0
0.23876743675726742 -0.15040524905982833 0.09221582144920204 0
0.2387642976728275 -0.15040399208641778 0.09221517145814155 0
0.23877101579039478 -0.1504025098204039 0.0922138038398064 0
0.23876853479094132 -0.15040402337354133 0.09221396122681433 0
0.2387690523658004 -0.1504036030500067 0.09221400953174991 0
0.23877123485693644 -0.15040321936802278 0.09221212986214142 0
0.23877024116955123 -0.15040630796308394 0.09221303032776362 0
0.23849119714079237 -0.1503227731009505 0.09758314326861556 0
0.23907704786766332 -0.15056250043678207 0.11751876753285456 0
0.23917488002313317 -0.15027304307118353 0.13009093833623364 0
0.23824514816568654 -0.149767663867904 0.12048049726811773 0
0.23819310921812503 -0.1500677481035726 0.0980235620080197 0
0.2383388104928601 -0.15062300407830695 0.09310600540498065 0
0.23891366663275498 -0.1506616688692784 0.09264573319427395 0
0.23888755069361237 -0.15063212033091 0.09270840669818838 0
0.23884986803752045 -0.15061230908083606 0.09276774319406221 0
0.23916549838290652 -0.1504942796810958 0.09338850749621107 0
0.24293120365751733 -0.15002508932006145 0.09305232088163046 0
0.24359153684612678 -0.15006779868644535 0.09296275419014431 0
0.2435725708617007 -0.15007877047052906 0.09295599994557922 0
0.24352952753218174 -0.1500950723980794 0.09293790558941514 0
0.24346890564377974 -0.1501152612380879 0.09291165603371414 0
0.24302476744538576 -0.15019743058084314 0.09268349057473914 0
0.2431083389966931 -0.15020289794103658 0.09274000668251398 0
0.24353165442699787 -0.15021291084251512 0.09299887642633721 0
0.24825601879370604 -0.15139730593795464 0.09280737167484285 0
0.24960084783078854 -0.15114554121378274 0.09315285582398769 0
0.24974009469941613 -0.15119375627773474 0.09311920276327151 0
0.2498186829544859 -0.15111215444946186 0.09309205763480563 0
0.24988474419593643 -0.15100796651859563 0.09307602786275442 0
0.25129005067340543 -0.14824908039636486 0.09270160371709972 0
0.2517016710825257 -0.146918582014987 0.09247935927466051 0
0.25165351807020997 -0.14686116594463078 0.09253657444352055 0
0.25164666759967597 -0.14688654591946704 0.09277788693831845 0
0.2515647288865672 -0.1468059520814716 0.09280241464268169 0
0.25154709471971654 -0.1468030031061894 0.09281899085187614 0
0.25152314817418003 -0.14680160108189394 0.09284976896919421 0
0.25151378558104054 -0.14680123078209184 0.09285862909434539 0
0.25151219298130717 -0.1468064208348869 0.09286063743672755 0
0.2515080013250876 -0.14680845668878129 0.09286647780266481 0
0.2515077685286114 -0.14681118354593062 0.09286490321483874 0
0.2515101016340301 -0.1468127302156223 0.09286017047335404 0
0.2515115881695517 -0.14681736444092194 0.0928616454477994 0
0.2515137969952436 -0.14681916805182127 0.09286312371085373 0
0.25150936727086687 -0.14682000153713304 0.09285921152092012 0
0.2515120499999904 -0.14682357632119183 0.09286057522765861 0
0.2515078116343271 -0.14682428430379216 0.09286052193274118 0
0.25378990785254696 -0.14721819103165398 0.09330996722541376 0
0.2552426743832389 -0.1470083265800611 0.0930817035229753 0
0.2553546239550566 -0.14685272742125008 0.09303295184273087 0
0.2553617013072494 -0.1468542107003834 0.0930206951275902 0
0.25536292536170935 -0.14685479056898187 0.09301461395352364 0
0.25810202667581483 -0.14706686081241263 0.09296657074163954 0
0.2614964726237099 -0.14661173764372484 0.09322086006559469 0
0.26154504936896966 -0.14671043093538857 0.09300150322924128 0
0.261547384413568 -0.14674792773106093 0.09298251370950283 0
0.2615149321403541 -0.14616645313654117 0.09818917358274039 0
0.2612173202378163 -0.146070470620088 0.10467321602811028 0
0.2613359399748086 -0.1456847481672048 0.10510392565310778 0
0.26127224262501636 -0.14567484552698873 0.10512934822638678 0
0.2612140577466929 -0.14567101164823423 0.10516251969075248 0
0.2611938459565388 -0.14567141779305642 0.10515809226633144 0
0.2611815437280283 -0.145673594726855 0.10514846618280325 0
0.26118464519403506 -0.1456777744462616 0.10514290566341863 0
0.261190416829809 -0.14568357789470934 0.10513663473929839 0
0.2611901200228351 -0.14568563551376248 0.10513313811203936 0
0.26119313213180784 -0.14568570956177518 0.10512940000968213 0
0.2611951054400547 -0.14568365988837056 0.10513175535367837 0
0.2611922907926373 -0.14568799376856312 0.10513090699863291 0
0.261194997059548 -0.145689444112106 0.10513127356862902 0
0.26119736441432173 -0.1456893622228568 0.10512674393507694 0
0.2611949410352792 -0.1456926680572272 0.10512635010835694 0
0.2612005231002296 -0.14569479926916498 0.10512794488210897 0
0.26120042461426823 -0.14569689329859928 0.10512421073957658 0
0.26120020628312374 -0.14569179753648895 0.10512949914512701 0
0.26119988027337093 -0.14569682397626516 0.1051263045395247 0
0.2612026384766409 -0.14569354958490424 0.10512416842282238 0
0.26120090766108306 -0.1457012282092439 0.10512452596773819 0
0.2612032798331271 -0.14569825507203232 0.10512478333395052 0
0.2612022277065482 -0.14569588233551278 0.10512608098264402 0
0.26120098774779743 -0.14569670435751614 0.1051271003462941 0
0.26120523857222583 -0.14569786542366675 0.10512366967442095 0
0.261205828840794 -0.14569825461366853 0.10512660243386976 0
0.2612028635160819 -0.14569523076998794 0.10512570083435019 0
0.26120378989644827 -0.14569866124154698 0.10512640513511796 0
0.2612064940646352 -0.14569435214751508 0.10512511231183246 0
0.26120500778502864 -0.14569864734940177 0.10512614814656111 0
0.2612042590963244 -0.14569709129140346 0.10512542532038403 0
0.26119799265100224 -0.1456993137167599 0.10512958791587917 0
0.2612028380973389 -0.14569726377054826 0.10512709797886972 0
0.2612019244623378 -0.1456951705645491 0.10512763066130733 0
0.2612052742750177 -0.14569369724613773 0.10512736848389197 0
0.26120592068716314 -0.145694685277443 0.10512668056581145 0
0.26120386937213297 -0.14569181380642393 0.1051273911168115 0
0.26120529620491617 -0.14569214985265036 0.10512985684767895 0
0.26120796169297983 -0.14569155416837445 0.10512650297696027 0
0.26120343035950566 -0.1456918608631086 0.1051274094952066 0
0.2612049045059529 -0.1456928051585234 0.10512579423808285 0
0.26120798980724735 -0.1456919804713152 0.10512452634052089 0
0.2612053096824556 -0.14569112542659457 0.1051268433451612 0
0.26120495249812253 -0.14569624976703327 0.10512721947802264 0
0.2612069667900158 -0.14569498588781005 0.10512393594550659 0
0.26121024294672457 -0.14569404940922562 0.10512500115808898 0
0.2612073546926227 -0.1456934811390018 0.10512606762198343 0
0.2612025591160918 -0.1456937788944299 0.1051262525816858 0
0.2612050170386255 -0.14569205321856976 0.1051280852435467 0
0.2612038708951987 -0.14569071402891406 0.1051239328575373 0
0.26120788120833255 -0.14569173441465055 0.10512571167024269 0
0.2612039674523263 -0.1456929074411968 0.1051266932190376 0
0.2612065753469826 -0.14569163040717298 0.10512567789008231 0
0.2612059410740236 -0.14569566427507902 0.10512631527238342 0
0.261202131272019 -0.14569235966368796 0.10512566153271334 0
0.26120415186958956 -0.1456957609780336 0.10512391500059522 0
0.2612033951382962 -0.14569542572792843 0.10512435129307052 0
0.2612055581810078 -0.14569326417965112 0.10512340525410589 0
0.2612015709466008 -0.1456973601795108 0.1051229929966563 0
0.26120646009801163 -0.145691893785659 0.10512335402489396 0
0.26120153926910855 -0.1456945979290401 0.10512277595424062 0
0.26054233075238975 -0.14358872045348006 0.10484252612081947 0
0.26130496390257363 -0.12468339067792028 0.10508112313348791 0
0.2611238577020291 -0.1045966423138727 0.10518827936997886 0
0.2606112600955291 -0.08153088109320947 0.1050852245283195 0
0.25940670916054015 -0.06156707070757669 0.10521745283945297 0
0.25656934318695207 -0.04152327654852414 0.10507836007750154 0
0.2529598473735454 -0.019037501312670957 0.10519046837141532 0
0.24858529078212582 0.003372854706711864 0.10513658607860459 0
0.24451977468108743 0.0258872576501097 0.10509418812432483 0
0.24099371344263196 0.045798776697886595 0.10524560949935331 0
0.2372052344480643 0.06838012985953844 0.10519659312316992 0
0.23387965146900408 0.08837513703076579 0.10529784059291963 0
0.23049182074139424 0.10821498092474258 0.10527535659906076 0
0.22639740295106292 0.13077733830549557 0.10534230053643899 0
0.22302598118497777 0.1532177921795751 0.10551281479864216 0
0.22047353047289012 0.17316936370414254 0.10531797172992614 0
0.21790409889894893 0.1932303610306663 0.10497462068802449 0
0.2167542733071547 0.21580644909472113 0.10512900518675748 0
0.21678062492612482 0.23583234515322649 0.10538792440021968 0
0.21643312247383673 0.25578470527273744 0.10465369377371442 0
0.22239170121463886 0.2782092963740887 0.10531629417281421 0
0.23018178195112954 0.29773926238089476 0.10488987457626259 0
0.23906811731745725 0.3198137465007097 0.10500482855892083 0
0.2465497380723399 0.3394287481075079 0.10463427954015442 0
