0.490935465760053 0.20339691492702683 0.44646002715600885 1
0.5031596900566155 0.2067875325699826 0.4469752500342272 1
0.5037377575002535 0.20713870073263624 0.4484079766007549 1
0.5037018008273109 0.20716259804078313 0.44838273877145457 1
0.503679350417375 0.20715075349982076 0.44830656146083664 1
0.5093039321131566 0.20703630915460436 0.4485470766520379 1
0.5256691546299308 0.2066242725182288 0.44535898069816304 1
0.5266774696291021 0.20718920735572974 0.4476340680811388 1
0.5266877397630688 0.20719866389834693 0.44772118259774796 1
0.5266972426460352 0.20719666200003817 0.4477118826136976 1
0.5267140776791266 0.2071727967404956 0.4476908344066162 1
0.5267124655108631 0.20717569094635385 0.4476671284686955 1
0.5267142967880901 0.20716703707692577 0.4476325808295487 1
0.5267100317868239 0.2071601133711411 0.44753348217517863 1
0.5262727799078715 0.2075681336482931 0.44465951091117434 1
0.5263004170394483 0.2081421362391827 0.4238085340209583 1
0.5267617642484299 0.20728290262677923 0.40304811787279476 1
0.5265217862766564 0.20725460397900997 0.38310981124615706 1
0.5265297974945653 0.20714139503652368 0.3629813396715242 1
0.5266967675039342 0.20691155605224992 0.3420012869865305 1
0.5266962868223964 0.20664553464946533 0.33979324910045816 1
0.5266090622285419 0.20669150799506136 0.33970885629455 1
0.5266019071982225 0.2067074812353547 0.3397106697083162 1
0.5264815114476427 0.2074139777198128 0.33969974931067953 1
0.5260898219592114 0.22349303137768417 0.33984765253442184 1
0.5265685037556345 0.242960384461485 0.3395915838936681 1
0.5260740128796932 0.2513665660151017 0.3394289997938331 1
0.5270331239280128 0.2528698703819238 0.3400860366453513 1
0.5316868622228893 0.27105496874599755 0.33941909132771425 1
0.5387867674457075 0.2919664511450517 0.3389558484375276 1
0.5400844532199826 0.29762405689626803 0.3399914014180302 1
0.5400946086271171 0.2985372416905624 0.3263998400792611 1
0.5402655800887978 0.29764432839178956 0.3061924681976779 1
0.540219900641054 0.29704280792734156 0.2832397560867268 1
0.5401103355296835 0.297044055466631 0.26051908643226057 1
0.5401202700028606 0.2967709166468945 0.2403447365096022 1
0.5395767731096313 0.29676855022597526 0.21762737433557522 1
0.5396870773174449 0.2964626828150035 0.21411419715665955 1
0.5398720569877916 0.2964562867694661 0.21415358502696707 1
0.5398877452387211 0.2964664920107651 0.21418459760457356 1
0.539898680578415 0.2964825429843105 0.21421098126783253 1
0.5399059624426434 0.29650382559120325 0.21425723408357586 1
0.5399626204601916 0.2965299994563197 0.21438999209336215 1
0.5400208332022602 0.29656841854615446 0.21455280158048387 1
0.5400180796580288 0.296594615626269 0.21516182770060313 1
0.540826527148065 0.2958635537995228 0.23222705837634672 1
0.5404406641896055 0.2961141563257176 0.24868509333225228 1
0.5399038603361342 0.2966463467772067 0.2494453414418766 1
0.539877805258525 0.2967187635615004 0.24945164347065749 1
0.5398947584783532 0.2967278762411555 0.24949710821441812 1
0.540211670097458 0.29706674259099075 0.2463645580132557 1
0.5396597509747872 0.29766988714062137 0.22625824890993038 1
0.5395921509588775 0.2975118958805295 0.220101297786305 1
0.5397849364866475 0.29699236134253143 0.21988804993865316 1
0.5406687431879643 0.29577724845383313 0.2354747457615942 1
0.5405549096462624 0.29586365293121414 0.23704647253347383 1
0.5404542784587386 0.2960025478940468 0.23714379535543179 1
0.5403583646175765 0.29616933560261405 0.23713955097851427 1
0.5401512690046845 0.2965365578389829 0.237133000655044 1
0.5401452901749537 0.2965474147636108 0.23713553979800145 1
0.5401421029442316 0.296549751367678 0.2371348485017921 1
0.5401418747794878 0.2965553920032474 0.23714031557103143 1
0.539671127571874 0.29766123152170265 0.23718420810116786 1
0.5396936936574339 0.29812469440333517 0.23715124289744433 1
0.5400958079823265 0.2980715047774807 0.23706160223915773 1
0.5400653759827934 0.29809458283442236 0.23709204379568763 1
0.5400499086866122 0.29809521936557914 0.23711579052228382 1
0.5396569250530971 0.29844173877533364 0.23621507489993535 1
0.5395167169964903 0.2986509152392085 0.22022952458301748 1
0.5398730832905897 0.2982071154639486 0.21958439418811465 1
0.5400601920564937 0.2981314831452945 0.21837047332785736 1
0.5398186363981241 0.29838433425788036 0.19787479703935532 1
0.5395480908553308 0.2984639343927536 0.17759501308660036 1
0.5397824560555871 0.2981188652481783 0.1551344505694325 1
0.5394677102332249 0.29846605532878445 0.13247111436792663 1
0.5400701140479143 0.2979241432082185 0.12750390903270958 1
0.5393989014495191 0.2978564502491591 0.11210229452171722 1
0.5398147781421935 0.2981766223163014 0.10537843119468675 1
0.5398395445173239 0.2981135187932625 0.09979025590022472 1
0.5397962370148057 0.2980964208838697 0.09955943797151794 1
0.5397843882228688 0.2981014969714277 0.0995623710932203 1
0.5397768910650684 0.29810514176712255 0.09956823128203551 1
0.5397774281952818 0.29810341441934385 0.09958546568907364 1
0.5397526420806225 0.2981062331935105 0.09957092631340853 1
0.5397529497420752 0.2981072160345227 0.09958376114720857 1
0.5397514594652923 0.2981034838979382 0.09958823598644787 1
0.5397444314558567 0.29810502375418046 0.09958706604126193 1
0.5397371390811948 0.29810448614671003 0.09957448084796378 1
0.5394047195533482 0.2980190899910304 0.10224357416644388 1
0.5406388117179878 0.29778396928443085 0.11973415284307781 1
0.5399575701153483 0.29746318838031566 0.11944006223090893 1
0.5399320324161215 0.29750603047982305 0.11948836926294155 1
0.5399113403680403 0.29755237057603723 0.1195509472732841 1
0.5398906316376095 0.2975941516944033 0.11960205461384953 1
0.5398693861084757 0.29764257948233436 0.11965518360199529 1
0.5395207542751802 0.2978879982078601 0.12008819474681916 1
0.5395615621883122 0.29789739860294256 0.12003799126508087 1
0.5399351839063729 0.29769848815934474 0.11956743072330038 1
0.539902117816947 0.29773716182680626 0.1196177920753509 1
0.5397896377196154 0.29775441656052853 0.11967800886936493 1
0.5390950696113154 0.28682024359981156 0.12086823656640149 1
0.539917251987201 0.26429252561110483 0.12043311645734467 1
0.5399264080109427 0.2602617588419334 0.12031518862379556 1
0.5397954807914 0.26018385311722847 0.12002652165419639 1
0.5398081777570641 0.26021559137854827 0.1200300674963559 1
0.5398098971770717 0.2602548397061689 0.12003767614708376 1
0.5398058057540481 0.2603151552542373 0.12005943219407297 1
0.5397598886917365 0.2604478396842167 0.12007135835535868 1
0.5396384094868978 0.2607325085944347 0.12007865208864706 1
0.5396351239690081 0.2607507429317192 0.12008105260482438 1
0.5396401031797224 0.26075163208109153 0.12008449780786036 1
0.5396462990913932 0.2607490611387056 0.12008505834202661 1
0.5396532841033295 0.26074749263856956 0.12009399041511111 1
0.5396561528939267 0.2607495167299404 0.12009739789503554 1
0.5396554279982715 0.26075260267504513 0.12010356086968661 1
0.5396631791762276 0.2607417715262391 0.12010005097731383 1
0.5396627034445964 0.26074557363065104 0.1201101603141646 1
0.5396656026660134 0.26074362903234727 0.1201088513977934 1
0.539666727197909 0.26074342834304215 0.12010992432294847 1
0.5396718173707143 0.2607404420558736 0.12011275684520134 1
0.5396688999320828 0.2607419208413047 0.12011177043255937 1
0.5396758237983864 0.26073659225598744 0.1201111186630851 1
0.539672683485731 0.2607394233108411 0.12011443693603334 1
0.5396694524943703 0.26074639670290256 0.12011512382265321 1
0.5396711953566695 0.26074211048454243 0.12011362562941386 1
0.5396726641137632 0.26074083687800464 0.12011397670318671 1
0.5396752051946916 0.2607420270984797 0.1201189847010013 1
0.5396785280198745 0.2607380557168719 0.12011770787979503 1
0.5396262312870361 0.26083699380993364 0.12013480547653115 0
0.5398125083050819 0.2608242467883782 0.12037041516311253 0
0.5398801818868074 0.2608073900102906 0.12043957347110264 0
0.5398448017635818 0.26081952568264133 0.12042465267317604 0
0.5398882230434798 0.26084118774003157 0.1205192885082474 0
0.5399407703845057 0.2608717092149183 0.12063105949211612 0
0.5397998703112167 0.2608429204317634 0.12041408692973639 0
0.5398325864060065 0.26078159495092823 0.12036832945647624 0
0.5398327884578697 0.2607892433377531 0.12037495496620115 0
0.5398605833974446 0.2607913546258017 0.12042739597992619 0
0.5400848582663342 0.26076287688436606 0.1206883033128047 0
0.5399629032834903 0.26077208909751437 0.12054313510279961 0
0.5398281010860453 0.2607942592243986 0.12038965776386992 0
0.5396653820305332 0.2608153567797942 0.12020660827745541 0
0.5396883306040526 0.2608144585729504 0.12023995513309907 0
0.5397161607121074 0.2608047121467916 0.12026648952569315 0
0.5397291458816937 0.2608073651134146 0.12028087539225217 0
0.5397384887248999 0.26080572516251316 0.12029324193159703 0
0.5397446148408303 0.2608048722575531 0.12029577406430558 0
0.5397503143447892 0.26080266148442777 0.12030634669016747 0
0.5397493998061839 0.26080200788381036 0.12030347611374351 0
0.5397512061073072 0.26080382279611797 0.12030469589231335 0
0.5397518732903491 0.26079838102566777 0.12030562955220026 0
0.5397485958588785 0.260804667431479 0.1203040916908361 0
0.539755898487003 0.2607964498520253 0.12030573571213656 0
0.5397548892142289 0.26080109743090585 0.12030600483827991 0
0.5397448457828075 0.26080595589917943 0.12030365088051422 0
0.539748863635608 0.26080382659587137 0.1203050638709188 0
0.5397518312120907 0.26080252909539947 0.12030469589231335 0
0.5397549798711119 0.26080322947598517 0.12030562434921954 0
0.5397522005188347 0.26080226959009745 0.12030317445924942 0
0.5397548467693282 0.2607984902967282 0.12030491977719521 0
0.5397528280489658 0.2608046063864095 0.12030917839169239 0
0.5397570083870735 0.26079809965624556 0.12030607777625009 0
0.5397574588007261 0.26079685474398806 0.12030733221373996 0
0.5385902393776346 0.2606916517954294 0.11970622257457496 0
0.5240566854780114 0.26058369109930934 0.1202946000194866 0
0.5043776059504821 0.2602118729069491 0.12019421902442308 0
0.4970149208702505 0.2602101510378083 0.11969981087251198 0
0.49691687356444364 0.2602531755876435 0.1196006366443445 0
0.4969008522873504 0.26039249188882513 0.11963270164737758 0
0.49684851644433115 0.260631089270191 0.11969516180033014 0
0.4974652197127456 0.2607019639837696 0.12033374273238057 0
0.5122382555769791 0.2648474602245013 0.1202473644483239 0
0.524609591741677 0.2696465342665343 0.12012896938288889 0
0.5253965247083221 0.26991644227144374 0.12053152429254868 0
0.5253795725504531 0.2699135554563084 0.120536164773457 0
0.5253548416951793 0.2699073860434883 0.12052128598656114 0
0.525303295272627 0.26989945424056117 0.12047794908948789 0
0.5252368945353506 0.26986187774931014 0.1205775433822342 0
0.5252434787315665 0.2698587764296418 0.12068874259388111 0
0.5252378455142366 0.26985019545715916 0.12067451540826878 0
0.5252190740752402 0.2698498919441741 0.12064241957921339 0
0.5252016614639649 0.2698460075252675 0.12061461710576005 0
0.5251925312464987 0.2698404711828371 0.12059675479130322 0
0.5248794534050466 0.26994200904368454 0.1203490297470233 0
0.5248825620604056 0.26991062810227273 0.12029410713642785 0
0.5248799810297565 0.2699157922973826 0.12028918116530146 0
0.5248941927483529 0.26990303626289586 0.12028081343467124 0
0.5249026156732376 0.2698253897819819 0.12004845324475039 0
0.5249015666314295 0.2698011367239863 0.12003156220646252 0
0.5245350148069874 0.2695411785723095 0.1213358284422361 0
0.5254354397641287 0.2689329923605465 0.1438287078650563 0
0.525064769690883 0.2693353429667865 0.166647422336225 0
0.525191620558773 0.269350749161309 0.1866703120610118 0
0.525135613900906 0.2696719977115316 0.19658945544263576 0
0.52503051195423 0.2697009998183228 0.1975090690374988 0
0.5250190784880957 0.2697099528690162 0.19752153834992306 0
0.5250141768318983 0.2697253374652403 0.1975153975644 0
0.525019056093439 0.2697240812673658 0.19749973889646275 0
0.5250076404606105 0.26972755241879676 0.19720079446655986 0
0.5246640126308447 0.27022960787894745 0.1934298197207362 0
0.5246419890279931 0.27036530355973937 0.18077272988386567 0
0.5245618574582868 0.2704105470363483 0.1802405519153548 0
0.5246410092983712 0.27031686577583414 0.18021007043817092 0
0.5248020537454662 0.27017075818593334 0.180084642218163 0
0.5259166053052724 0.2694902611722896 0.19581623072770332 0
0.5256728981106473 0.2689299915601537 0.20220396358345857 0
0.5253581084019603 0.26907200758864447 0.2027805748970726 0
0.5254140099721697 0.2690481339667612 0.2088893509531722 0
0.5250065978850591 0.2693504719725431 0.23157336951131752 0
0.5248995115434983 0.26925170439163726 0.25080165645974783 0
0.5250823052636697 0.2697147461924688 0.26898944042944745 0
0.5248480983989274 0.26976918001877853 0.26925710892513055 0
0.5250310843162386 0.2697940769859749 0.26967912657340337 0
0.5253415289281755 0.2698355860611761 0.27038022207232604 0
0.5253367553794885 0.26983315241061434 0.270365362151845 0
0.5253237312808603 0.2698282125974555 0.2703364325233901 0
0.5252987690039023 0.2698256876153786 0.2703016027443049 0
0.5253018308816111 0.26981653260384314 0.2702848850668746 0
0.525297647563114 0.2698129887894287 0.2702725116906727 0
0.5252945542955788 0.269808889931309 0.2702612138679265 0
0.5252902471343409 0.2698052980360821 0.2702498329737686 0
0.5252857099837185 0.26980019919468345 0.2702343812096058 0
0.525284582658299 0.26979996173558524 0.2702336942996732 0
0.525282672942629 0.26979888538170493 0.2702283093445269 0
0.5252837144938577 0.2697962568078821 0.2702263031679958 0
0.5252816560803112 0.26979421530454584 0.270218753424171 0
0.5251965049156097 0.26469287377248424 0.2699733649606105 0
0.5271383717085866 0.24132988112108544 0.2703696715182835 0
0.5269740839547851 0.22132974117933885 0.27047222960067996 0
0.526881959392301 0.19853194291726142 0.2699622717866602 0
0.526745088649888 0.17787345293412424 0.2699471506594008 0
0.526592967431584 0.15578351296842935 0.2701884036502269 0
0.526872754486138 0.1355969171798216 0.2703482659756259 0
0.5269294873408628 0.11291782269229546 0.270192961199537 0
0.526907420749544 0.09077108241047663 0.27026576419727283 0
0.5269548591460211 0.07061758770515306 0.2703780983935736 0
0.5269111035135464 0.04811250969454918 0.2701749958539808 0
0.5268760240352706 0.02818498644494989 0.27049873686663445 0
0.5270197309739375 0.008233495912645411 0.2704514008948271 0
0.5269668704462146 -0.014282751822303638 0.2702690210148744 0
0.5270527584451983 -0.03432290877723851 0.27066289913421654 0
0.5271104864586502 -0.04781310483765716 0.2706128880394058 0
0.5268424357883758 -0.047510514400055534 0.27073422127024216 0
0.5225623573526881 -0.04499701795525474 0.26945699129701484 0
0.5030579406864196 -0.03652506533162464 0.2720087391253002 0
0.48274337445863436 -0.03072273849626249 0.2712642819495604 0
0.45994477324479377 -0.023733695461008078 0.2709115814250683 0
0.4398557201422988 -0.017700562769523143 0.27086920726301245 0
0.4199106850833029 -0.011544703291240188 0.2705438228083678 0
0.39770826058033576 -0.004658766512039822 0.27119057086601445 0
0.37803184117490385 0.002823337584748342 0.2709869217694822 0
0.35929921535509296 0.011285163982653584 0.27128240780038515 0
0.3376566820632647 0.021066116720984948 0.2709147352857487 0
0.322317890703513 0.028530725449437036 0.2716683316565032 0
0.31985592139086416 0.029769527419729144 0.27099852759213455 0
0.3199311999619821 0.029588499519218367 0.27101764300007625 0
0.3216795250789439 0.013926599562342615 0.2708173307238169 0
0.3220338641828002 -0.006218689869884816 0.27096436600060125 0
0.3223879928372435 -0.026624913573906728 0.2711460416755251 0
0.32228125949234926 -0.049233049328891054 0.27104085513717235 0
0.3223330979752921 -0.07193379107722155 0.27128689992919247 0
0.3223052784987118 -0.09429416608292222 0.27100515980028506 0
0.3223395542778125 -0.11691037540269 0.2709626326346664 0
0.32211272930320295 -0.13709770012016828 0.27061556825906774 0
0.32257930745646657 -0.14024098938837345 0.2716907484424694 0
0.322596732219103 -0.1402359507917782 0.27164063213556905 0
0.3224358078082853 -0.13999603274967404 0.2714602101331482 0
0.31289021608780204 -0.13396890081232882 0.27119429510782717 0
0.2950819259269318 -0.12473632321898091 0.2712342812236055 0
0.27736607129398005 -0.11580755209052755 0.27135858239083 0
0.2561890156894952 -0.10507839805130499 0.27148904565829035 0
0.2351503329850382 -0.09430070616681839 0.27149798174108203 0
0.2166321857330455 -0.08479239018173443 0.2713247672649591 0
0.2030303839601761 -0.07794513382789844 0.27128581273860747 0
0.20217197218164235 -0.0772773353795543 0.2718449108400142 0
0.20222303397817754 -0.0773075282444277 0.2717958596374834 0
0.20230658465890083 -0.07740215257586845 0.2717486025251054 0
0.20292865232229507 -0.07796332327857712 0.2701653118094895 0
0.20284335870124826 -0.07866866856227982 0.2500872490767242 0
0.20303297964038425 -0.07839731191425078 0.2273800555413435 0
0.20229420400112513 -0.07734207624900913 0.20487774898688332 0
0.20249146317813538 -0.07743240064944974 0.1823788795361223 0
0.20280102935562894 -0.07778014345706273 0.1713773281541824 0
0.20286794327696028 -0.07791904688789275 0.17115519713054014 0
0.2028681770362136 -0.07791486362096184 0.17118103559082415 0
0.2037849796206072 -0.08269061961202376 0.1716479323384908 0
0.2078644121474098 -0.10092235589148624 0.17132452386998603 0
0.2138932039194526 -0.12397568056241304 0.17141551121692558 0
0.21904173549348216 -0.144229826947058 0.17135086713915224 0
0.22117897495145283 -0.1534391834402833 0.17129818858673762 0
0.22121898057979908 -0.153627437878855 0.17121932692381833 0
0.22120578889988124 -0.1535859563349598 0.17121850704062294 0
0.2209672762049772 -0.15312129444563793 0.1622986583295323 0
0.22061142571961626 -0.15295620085011385 0.1401862360463138 0
0.2207106830096221 -0.1529678501368804 0.12370487967312954 0
0.2207587428570644 -0.15322354537484734 0.12116511980069938 0
0.22084420421043416 -0.15324908916775287 0.12116329684737598 0
0.22092795261876658 -0.15314920677187965 0.12118414478059014 0
0.22103416788578678 -0.1530152439898118 0.12119630321267066 0
0.22103901856927258 -0.15300988366838314 0.12120603733415168 0
0.2210321773108348 -0.152988036761571 0.12121850914578193 0
0.22099630188399144 -0.1529077278383748 0.12123936994329816 0
0.22099096482768124 -0.15290110345607044 0.12124480446846415 0
0.22099104805458725 -0.15290356325895438 0.12124732935685914 0
0.2209845665804651 -0.15290058422074537 0.12125339919830169 0
0.22098367922524004 -0.15290066018138004 0.12125549194612609 0
0.2209761369899979 -0.15289970424861754 0.1212562656852141 0
0.22097790885265423 -0.15290482386819898 0.12126016822130818 0
0.22097780113560433 -0.15290433040633997 0.12125784777040151 0
0.22097639474745168 -0.15290709179798995 0.12125780324909691 0
0.22097603789604087 -0.15290899840302696 0.1212609498709166 0
0.22097321629376554 -0.1529068388213151 0.12125997921940744 0
0.22097029622147868 -0.15290925235222197 0.12125920974751081 0
0.22097186286911605 -0.15291120461678623 0.1212609063790734 0
0.2209728244266151 -0.1529274421323498 0.12126223212776652 0
0.22542273951178105 -0.16469609965353987 0.12121024615132113 0
0.22862558329948948 -0.17448273392817085 0.12121275053771846 0
0.2291945245495169 -0.17534414676909513 0.12161460859218035 0
0.2291951783018324 -0.17546776506277761 0.12154509585887005 0
0.22913432769973968 -0.17545514360832945 0.12148139166865253 0
0.2286372438812123 -0.1753258730941167 0.12117651422857209 0
0.22871248036221303 -0.17533926963029256 0.1212089239472637 0
0.2292498923989229 -0.1754186828112093 0.12148806956650492 0
0.22912165081234837 -0.17537395260371197 0.12146556222855101 0
0.2289765923682124 -0.17532163870017506 0.12137628635357654 0
0.22861269285226674 -0.17521295026244404 0.12116687298786126 0
0.22920264793710304 -0.17536452491047322 0.12149854725100062 0
0.22914354474838358 -0.175341214574741 0.12146469581378216 0
0.2290581945742967 -0.17532025703281234 0.12141723332321337 0
0.22859933732777438 -0.17519962708132783 0.12116174244746329 0
0.22872523305514128 -0.17523385040254863 0.12123077843032808 0
0.22916781642865153 -0.17534376979970406 0.12148353794595708 0
0.2291053805768246 -0.17532790785570837 0.12144607951445459 0
0.22954813217563402 -0.17530225741015149 0.12133525446416747 0
0.24586648718213505 -0.17259171061019674 0.12139648619428399 0
0.2659278722707147 -0.16808617589922434 0.1215315868814835 0
0.2773008756676857 -0.16463637759522282 0.12114584795638705 0
0.2776539164237646 -0.1649606740054713 0.12127771313129546 0
0.27759947597510987 -0.16499552032194453 0.12127267890928976 0
0.277533302055486 -0.16505198123820652 0.12126476270651351 0
0.2774653385648285 -0.16513107478542066 0.12126157916488509 0
0.2773284247082282 -0.16530097340849698 0.12125598764107444 0
0.2772942628053464 -0.16532278334133063 0.12125473725067742 0
0.2772780409077513 -0.16532790308419015 0.12124976041775265 0
0.2772634889388986 -0.16533844427859729 0.1212543115981844 0
0.27726059374212864 -0.1653340789772882 0.12125180385429836 0
0.27726258389726455 -0.1653343248594865 0.1212532158339447 0
0.27725859798614677 -0.16533030830277662 0.1212522771352183 0
0.27725552676523646 -0.1653304410924673 0.1212551900099706 0
0.2772525217786637 -0.16532734707903393 0.12125556883453571 0
0.2772540795585651 -0.16532550388263195 0.12125636272101158 0
0.27725105587385096 -0.16532588669569237 0.12125514307659788 0
0.2772400648382975 -0.16530103406955982 0.12125311957131342 0
0.27674753365210536 -0.15296348237128218 0.12129835293076605 0
0.27723386261920735 -0.14214805572395633 0.12095695826356831 0
0.27693964224498085 -0.14112236906183095 0.12122541980271899 0
0.27695031040822227 -0.1411322378428767 0.12123387466905426 0
0.27695131479966806 -0.1411511355124561 0.12123458382909576 0
0.27697895741770284 -0.14120061134891848 0.12123844386909893 0
0.2770732957008571 -0.14137399494690583 0.12124062451032007 0
0.2771027843051421 -0.14142895446891401 0.12125261877229067 0
0.2775319147005686 -0.14198663902563774 0.13458296195765398 0
0.277482722088311 -0.14148424514868435 0.1432654703101107 0
0.2774024187554106 -0.14143228738980818 0.14351911614439167 0
0.27737086624172813 -0.14144320482369088 0.143496047301582 0
0.27735054783480984 -0.1414505960779901 0.1434798934340349 0
0.27726966109679085 -0.14137913246080958 0.14257627171842488 0
0.2765640050396154 -0.14091932168229487 0.1297902790264735 0
0.277190729254493 -0.14163945154338248 0.12818560169185023 0
0.2772050722693028 -0.14168614973131763 0.12821255138725463 0
0.27720116917094445 -0.14168369592820268 0.12823779740731078 0
0.27719838119771456 -0.14167328740624455 0.12825775705298886 0
0.27718394324795004 -0.141658259937182 0.12827004470705963 0
0.2771814318171801 -0.14166023862266985 0.1282761452765112 0
0.2771839249936596 -0.1416493924645006 0.12828855193416844 0
0.27718055359739135 -0.1416462770211256 0.12829029840530684 0
0.27718001844071 -0.1416380934036583 0.12829278968242097 0
0.2771787136520073 -0.14163740367133731 0.1282960253617265 0
0.27718470940209633 -0.1416247768727946 0.1282950476680616 0
0.277186507824336 -0.14162209509605017 0.12829517127132378 0
0.277185539800696 -0.1416198045590924 0.12829827784512615 0
0.2771860569161821 -0.14161973425346103 0.12830082897895284 0
0.27718435514925643 -0.14161625256273314 0.12829766741413484 0
0.2771833039827145 -0.1416158789478733 0.12830103256337866 0
0.27718489690966425 -0.14161223582900698 0.12830172151936667 0
0.2771849737684376 -0.14161035253235105 0.12829850673384424 0
0.27718714269510364 -0.14161069454931652 0.128299226198203 0
0.2771822367193675 -0.14160997380323517 0.12829884335542346 0
0.27718333524805383 -0.14160323628231772 0.1283005459586948 0
0.27718894344524125 -0.14160621688909525 0.12830316091837418 0
0.27718946020635 -0.14159660856600376 0.12830040151405978 0
0.2771883008800605 -0.1415956142168972 0.12830180620907683 0
0.277188870518284 -0.14160320866598552 0.12830470447387365 0
0.2771929168502879 -0.14158435727729252 0.1283017812191325 0
0.2771992805561381 -0.14157781366616992 0.12830226244596954 0
0.27720112300210936 -0.14157567740325297 0.12830184090583688 0
0.2771983935604512 -0.1415736197546501 0.12829994524698238 0
0.2772004122740104 -0.14157731979684618 0.12830394473326465 0
0.2771991824577983 -0.14157507608103564 0.12829746953273888 0
0.2771945275989375 -0.14157251660377534 0.1282993448619134 0
0.2771969127587435 -0.14157545912171998 0.1282996822503524 0
0.2771973081211724 -0.14157688712980054 0.12830237691600443 0
0.27719359591180615 -0.141578175921945 0.1282975688434779 0
0.2771933448232293 -0.1415746502951366 0.1283022774287296 0
0.2771949642401103 -0.1415769606520753 0.12830318133999333 0
0.27719495331624827 -0.14157846262646107 0.12830106124612337 0
0.2772006570557719 -0.1415723977662755 0.12830010849817614 0
0.27719995768740235 -0.14157062082605776 0.12830164713471667 0
0.27720065443428815 -0.14156732517516754 0.12830137980965722 0
0.2771986898338451 -0.14157474027509742 0.12830307624040974 0
0.27719540923789465 -0.14157382904745475 0.1283041382979815 0
0.2771954078460515 -0.14157711245188997 0.1283010868296594 0
0.28548101772357803 -0.1418991736455294 0.1289821245023331 0
0.3052365700612669 -0.14097147748627165 0.12833334450514822 0
0.3103320378682561 -0.14158384706880553 0.12826485445294158 0
0.3104152101756922 -0.1416966729488814 0.12829482288001837 0
